"","ID","Timepoint","Prediction","Bootstrap","Jackknife"
"1","User #25342","Timepoint 1",0,42,25
"2","User #25342","Timepoint 2",0,42,25
"3","User #25342","Timepoint 3",0,42,25
"4","User #25342","Timepoint 4",0,42,25
"5","User #25342","Timepoint 5",0,42,25
"6","User #25342","Timepoint 6",0,42,25
"7","User #25342","Timepoint 7",0,42,25
"8","User #25342","Timepoint 8",0,42,25
"9","User #25342","Timepoint 9",0,42,25
"10","User #25342","Timepoint 10",0,42,25
"11","User #25342","Timepoint 11",0,42,25
"12","User #25342","Timepoint 12",0,42,25
"13","User #25342","Timepoint 13",0,42,25
"14","User #25342","Timepoint 14",0,42,25
"15","User #25342","Timepoint 15",0,42,25
"16","User #25342","Timepoint 16",0,42,25
"17","User #25342","Timepoint 17",NA,42,25
"18","User #25342","Timepoint 18",NA,42,25
"19","User #25342","Timepoint 19",NA,42,25
"20","User #25342","Timepoint 20",NA,42,25
"21","User #25342","Timepoint 21",NA,42,25
"22","User #25342","Timepoint 22",NA,42,25
"23","User #25342","Timepoint 23",NA,42,25
"24","User #25342","Timepoint 24",NA,42,25
"25","User #25342","Timepoint 25",7.75252065062523,42,25
"26","User #25342","Timepoint 26",7.8931832909584,42,25
"27","User #25342","Timepoint 27",7.88447028398514,42,25
"28","User #25342","Timepoint 28",7.96151480078697,42,25
"29","User #25342","Timepoint 29",7.92546188831329,42,25
"30","User #25342","Timepoint 30",8.039495408535,42,25
"31","User #25342","Timepoint 31",8.01204717159271,42,25
"32","User #25342","Timepoint 32",7.81984663009644,42,25
"33","User #25342","Timepoint 33",6.77705413103104,42,25
"34","User #25342","Timepoint 34",8.00805842876434,42,25
"35","User #25342","Timepoint 35",6.04886884242296,42,25
"36","User #25342","Timepoint 36",7.3244540989399,42,25
"37","User #25342","Timepoint 37",6.61635106801987,42,25
"38","User #25342","Timepoint 38",9.87470781803131,42,25
"39","User #25342","Timepoint 39",8.06962794065475,42,25
"40","User #25342","Timepoint 40",10.2867136001587,42,25
"41","User #25342","Timepoint 41",7.66579321026802,42,25
"42","User #25342","Timepoint 42",8.27943703532219,42,25
"43","User #25342","Timepoint 43",8.08676561713219,42,25
"44","User #25342","Timepoint 44",8.98681616783142,42,25
"45","User #25342","Timepoint 45",7.64128586649895,42,25
"46","User #25342","Timepoint 46",7.20826438069344,42,25
"47","User #25342","Timepoint 47",8.71504193544388,42,25
"48","User #25342","Timepoint 48",7.22513964772224,42,25
"49","User #25342","Timepoint 49",7.70782759785652,42,25
"50","User #25342","Timepoint 50",8.46786683797836,42,25
"51","User #25342","Timepoint 51",7.69809058308601,42,25
"52","User #25342","Timepoint 52",8.17437639832497,42,25
"53","User #25342","Timepoint 53",9.74311119318008,42,25
"54","User #25342","Timepoint 54",9.36073279380798,42,25
"55","User #25342","Timepoint 55",8.97882437705994,42,25
"56","User #25342","Timepoint 56",7.76755398511887,42,25
"57","User #25342","Timepoint 57",8.30165079236031,42,25
"58","User #25342","Timepoint 58",6.79304568469524,42,25
"59","User #25342","Timepoint 59",8.98599004745483,42,25
"60","User #25342","Timepoint 60",8.58259266614914,42,25
"61","User #25342","Timepoint 61",8.4170458316803,42,25
"62","User #25342","Timepoint 62",8.03112572431564,42,25
"63","User #25342","Timepoint 63",8.13308662176132,42,25
"64","User #25342","Timepoint 64",8.55950003862381,42,25
"65","User #25323","Timepoint 1",0,42,25
"66","User #25323","Timepoint 2",0,42,25
"67","User #25323","Timepoint 3",0,42,25
"68","User #25323","Timepoint 4",0,42,25
"69","User #25323","Timepoint 5",0,42,25
"70","User #25323","Timepoint 6",0,42,25
"71","User #25323","Timepoint 7",0,42,25
"72","User #25323","Timepoint 8",0,42,25
"73","User #25323","Timepoint 9",0,42,25
"74","User #25323","Timepoint 10",0,42,25
"75","User #25323","Timepoint 11",0,42,25
"76","User #25323","Timepoint 12",0,42,25
"77","User #25323","Timepoint 13",0,42,25
"78","User #25323","Timepoint 14",0,42,25
"79","User #25323","Timepoint 15",0,42,25
"80","User #25323","Timepoint 16",0,42,25
"81","User #25323","Timepoint 17",NA,42,25
"82","User #25323","Timepoint 18",NA,42,25
"83","User #25323","Timepoint 19",NA,42,25
"84","User #25323","Timepoint 20",NA,42,25
"85","User #25323","Timepoint 21",NA,42,25
"86","User #25323","Timepoint 22",NA,42,25
"87","User #25323","Timepoint 23",NA,42,25
"88","User #25323","Timepoint 24",NA,42,25
"89","User #25323","Timepoint 25",6.651811003685,42,25
"90","User #25323","Timepoint 26",6.64675438404083,42,25
"91","User #25323","Timepoint 27",6.60474789142609,42,25
"92","User #25323","Timepoint 28",6.43456995487213,42,25
"93","User #25323","Timepoint 29",6.54211258888245,42,25
"94","User #25323","Timepoint 30",6.42359399795532,42,25
"95","User #25323","Timepoint 31",6.59170055389404,42,25
"96","User #25323","Timepoint 32",6.63523578643799,42,25
"97","User #25323","Timepoint 33",5.67348766326904,42,25
"98","User #25323","Timepoint 34",6.58110189437866,42,25
"99","User #25323","Timepoint 35",5.61822807788849,42,25
"100","User #25323","Timepoint 36",7.17126536369324,42,25
"101","User #25323","Timepoint 37",5.40593475103378,42,25
"102","User #25323","Timepoint 38",7.98587918281555,42,25
"103","User #25323","Timepoint 39",5.4375906586647,42,25
"104","User #25323","Timepoint 40",6.13746750354767,42,25
"105","User #25323","Timepoint 41",5.69395673274994,42,25
"106","User #25323","Timepoint 42",7.0451180934906,42,25
"107","User #25323","Timepoint 43",5.61167883872986,42,25
"108","User #25323","Timepoint 44",5.1884126663208,42,25
"109","User #25323","Timepoint 45",5.9354065656662,42,25
"110","User #25323","Timepoint 46",8.03053784370422,42,25
"111","User #25323","Timepoint 47",6.61521363258362,42,25
"112","User #25323","Timepoint 48",6.78174543380737,42,25
"113","User #25323","Timepoint 49",7.70983409881592,42,25
"114","User #25323","Timepoint 50",6.77030396461487,42,25
"115","User #25323","Timepoint 51",6.62705671787262,42,25
"116","User #25323","Timepoint 52",4.75286756455898,42,25
"117","User #25323","Timepoint 53",6.74219214916229,42,25
"118","User #25323","Timepoint 54",5.87860476970673,42,25
"119","User #25323","Timepoint 55",7.05508327484131,42,25
"120","User #25323","Timepoint 56",5.70616561174393,42,25
"121","User #25323","Timepoint 57",6.66923022270203,42,25
"122","User #25323","Timepoint 58",6.22721982002258,42,25
"123","User #25323","Timepoint 59",6.72306752204895,42,25
"124","User #25323","Timepoint 60",4.99004776775837,42,25
"125","User #25323","Timepoint 61",6.24538624286652,42,25
"126","User #25323","Timepoint 62",5.72235572338104,42,25
"127","User #25323","Timepoint 63",5.97096031904221,42,25
"128","User #25323","Timepoint 64",5.60907006263733,42,25
"129","User #25322","Timepoint 1",0,42,25
"130","User #25322","Timepoint 2",0,42,25
"131","User #25322","Timepoint 3",0,42,25
"132","User #25322","Timepoint 4",0,42,25
"133","User #25322","Timepoint 5",0,42,25
"134","User #25322","Timepoint 6",0,42,25
"135","User #25322","Timepoint 7",0,42,25
"136","User #25322","Timepoint 8",0,42,25
"137","User #25322","Timepoint 9",0,42,25
"138","User #25322","Timepoint 10",0,42,25
"139","User #25322","Timepoint 11",0,42,25
"140","User #25322","Timepoint 12",0,42,25
"141","User #25322","Timepoint 13",0,42,25
"142","User #25322","Timepoint 14",0,42,25
"143","User #25322","Timepoint 15",0,42,25
"144","User #25322","Timepoint 16",0,42,25
"145","User #25322","Timepoint 17",NA,42,25
"146","User #25322","Timepoint 18",NA,42,25
"147","User #25322","Timepoint 19",NA,42,25
"148","User #25322","Timepoint 20",NA,42,25
"149","User #25322","Timepoint 21",NA,42,25
"150","User #25322","Timepoint 22",NA,42,25
"151","User #25322","Timepoint 23",NA,42,25
"152","User #25322","Timepoint 24",NA,42,25
"153","User #25322","Timepoint 25",7.3265078663826,42,25
"154","User #25322","Timepoint 26",7.48496904969215,42,25
"155","User #25322","Timepoint 27",7.28990867733955,42,25
"156","User #25322","Timepoint 28",7.35941305756569,42,25
"157","User #25322","Timepoint 29",7.34815508127213,42,25
"158","User #25322","Timepoint 30",7.47265160083771,42,25
"159","User #25322","Timepoint 31",7.48376399278641,42,25
"160","User #25322","Timepoint 32",7.4294039607048,42,25
"161","User #25322","Timepoint 33",5.66129945218563,42,25
"162","User #25322","Timepoint 34",7.61335819959641,42,25
"163","User #25322","Timepoint 35",7.46486529707909,42,25
"164","User #25322","Timepoint 36",9.24241691827774,42,25
"165","User #25322","Timepoint 37",5.70247411727905,42,25
"166","User #25322","Timepoint 38",6.14146709442139,42,25
"167","User #25322","Timepoint 39",7.73512125015259,42,25
"168","User #25322","Timepoint 40",9.38333034515381,42,25
"169","User #25322","Timepoint 41",5.85553005337715,42,25
"170","User #25322","Timepoint 42",5.60007903724909,42,25
"171","User #25322","Timepoint 43",9.33391332626343,42,25
"172","User #25322","Timepoint 44",9.09577965736389,42,25
"173","User #25322","Timepoint 45",6.76802277565002,42,25
"174","User #25322","Timepoint 46",6.11907422542572,42,25
"175","User #25322","Timepoint 47",7.61213630437851,42,25
"176","User #25322","Timepoint 48",8.76700311899185,42,25
"177","User #25322","Timepoint 49",5.93609973788261,42,25
"178","User #25322","Timepoint 50",6.75624817609787,42,25
"179","User #25322","Timepoint 51",8.17282110452652,42,25
"180","User #25322","Timepoint 52",7.62406289577484,42,25
"181","User #25322","Timepoint 53",6.42738938331604,42,25
"182","User #25322","Timepoint 54",6.78197264671326,42,25
"183","User #25322","Timepoint 55",8.00524026155472,42,25
"184","User #25322","Timepoint 56",8.40791881084442,42,25
"185","User #25322","Timepoint 57",5.66084370017052,42,25
"186","User #25322","Timepoint 58",6.79413080215454,42,25
"187","User #25322","Timepoint 59",7.57354527711868,42,25
"188","User #25322","Timepoint 60",8.68906050920486,42,25
"189","User #25322","Timepoint 61",6.47152572870255,42,25
"190","User #25322","Timepoint 62",6.58592745661736,42,25
"191","User #25322","Timepoint 63",7.58484661579132,42,25
"192","User #25322","Timepoint 64",8.42088758945465,42,25
"193","User #25388","Timepoint 1",0,42,25
"194","User #25388","Timepoint 2",0,42,25
"195","User #25388","Timepoint 3",0,42,25
"196","User #25388","Timepoint 4",0,42,25
"197","User #25388","Timepoint 5",0,42,25
"198","User #25388","Timepoint 6",0,42,25
"199","User #25388","Timepoint 7",0,42,25
"200","User #25388","Timepoint 8",0,42,25
"201","User #25388","Timepoint 9",0,42,25
"202","User #25388","Timepoint 10",0,42,25
"203","User #25388","Timepoint 11",0,42,25
"204","User #25388","Timepoint 12",0,42,25
"205","User #25388","Timepoint 13",0,42,25
"206","User #25388","Timepoint 14",0,42,25
"207","User #25388","Timepoint 15",0,42,25
"208","User #25388","Timepoint 16",0,42,25
"209","User #25388","Timepoint 17",NA,42,25
"210","User #25388","Timepoint 18",NA,42,25
"211","User #25388","Timepoint 19",NA,42,25
"212","User #25388","Timepoint 20",NA,42,25
"213","User #25388","Timepoint 21",NA,42,25
"214","User #25388","Timepoint 22",NA,42,25
"215","User #25388","Timepoint 23",NA,42,25
"216","User #25388","Timepoint 24",NA,42,25
"217","User #25388","Timepoint 25",12.1468842923641,42,25
"218","User #25388","Timepoint 26",12.500883102417,42,25
"219","User #25388","Timepoint 27",12.1624494493008,42,25
"220","User #25388","Timepoint 28",12.0742056965828,42,25
"221","User #25388","Timepoint 29",12.3296932578087,42,25
"222","User #25388","Timepoint 30",12.4850661754608,42,25
"223","User #25388","Timepoint 31",12.5221720933914,42,25
"224","User #25388","Timepoint 32",12.7386736571789,42,25
"225","User #25388","Timepoint 33",10.8134302794933,42,25
"226","User #25388","Timepoint 34",11.6772640347481,42,25
"227","User #25388","Timepoint 35",10.7703446596861,42,25
"228","User #25388","Timepoint 36",12.29232442379,42,25
"229","User #25388","Timepoint 37",11.6697209328413,42,25
"230","User #25388","Timepoint 38",19.4201585650444,42,25
"231","User #25388","Timepoint 39",12.2078070640564,42,25
"232","User #25388","Timepoint 40",11.369265049696,42,25
"233","User #25388","Timepoint 41",9.7165944352746,42,25
"234","User #25388","Timepoint 42",12.9097530245781,42,25
"235","User #25388","Timepoint 43",10.3886460661888,42,25
"236","User #25388","Timepoint 44",12.4246272742748,42,25
"237","User #25388","Timepoint 45",9.56809700280428,42,25
"238","User #25388","Timepoint 46",13.0711356401443,42,25
"239","User #25388","Timepoint 47",17.1041392683983,42,25
"240","User #25388","Timepoint 48",13.6424562335014,42,25
"241","User #25388","Timepoint 49",9.38486555218697,42,25
"242","User #25388","Timepoint 50",14.4187359809875,42,25
"243","User #25388","Timepoint 51",11.1242477446795,42,25
"244","User #25388","Timepoint 52",13.1600730717182,42,25
"245","User #25388","Timepoint 53",8.86487514525652,42,25
"246","User #25388","Timepoint 54",14.7363268136978,42,25
"247","User #25388","Timepoint 55",12.9127159118652,42,25
"248","User #25388","Timepoint 56",12.1764613687992,42,25
"249","User #25388","Timepoint 57",10.935425311327,42,25
"250","User #25388","Timepoint 58",14.2160975039005,42,25
"251","User #25388","Timepoint 59",11.9301807880402,42,25
"252","User #25388","Timepoint 60",15.2364345192909,42,25
"253","User #25388","Timepoint 61",9.29229032248259,42,25
"254","User #25388","Timepoint 62",12.0098437070847,42,25
"255","User #25388","Timepoint 63",10.9349738955498,42,25
"256","User #25388","Timepoint 64",12.5095347464085,42,25
"257","User #25343","Timepoint 1",0,42,25
"258","User #25343","Timepoint 2",0,42,25
"259","User #25343","Timepoint 3",0,42,25
"260","User #25343","Timepoint 4",0,42,25
"261","User #25343","Timepoint 5",0,42,25
"262","User #25343","Timepoint 6",0,42,25
"263","User #25343","Timepoint 7",0,42,25
"264","User #25343","Timepoint 8",0,42,25
"265","User #25343","Timepoint 9",0,42,25
"266","User #25343","Timepoint 10",0,42,25
"267","User #25343","Timepoint 11",0,42,25
"268","User #25343","Timepoint 12",0,42,25
"269","User #25343","Timepoint 13",0,42,25
"270","User #25343","Timepoint 14",0,42,25
"271","User #25343","Timepoint 15",0,42,25
"272","User #25343","Timepoint 16",0,42,25
"273","User #25343","Timepoint 17",NA,42,25
"274","User #25343","Timepoint 18",NA,42,25
"275","User #25343","Timepoint 19",NA,42,25
"276","User #25343","Timepoint 20",NA,42,25
"277","User #25343","Timepoint 21",NA,42,25
"278","User #25343","Timepoint 22",NA,42,25
"279","User #25343","Timepoint 23",NA,42,25
"280","User #25343","Timepoint 24",NA,42,25
"281","User #25343","Timepoint 25",11.432329416275,42,25
"282","User #25343","Timepoint 26",11.9279131889343,42,25
"283","User #25343","Timepoint 27",11.6635980606079,42,25
"284","User #25343","Timepoint 28",11.9572546482086,42,25
"285","User #25343","Timepoint 29",11.94136095047,42,25
"286","User #25343","Timepoint 30",12.1474123001099,42,25
"287","User #25343","Timepoint 31",11.9168300628662,42,25
"288","User #25343","Timepoint 32",11.6205868721008,42,25
"289","User #25343","Timepoint 33",11.8615038394928,42,25
"290","User #25343","Timepoint 34",13.1012048721313,42,25
"291","User #25343","Timepoint 35",10.4516363143921,42,25
"292","User #25343","Timepoint 36",13.4805011749268,42,25
"293","User #25343","Timepoint 37",7.83633708953857,42,25
"294","User #25343","Timepoint 38",9.64689326286316,42,25
"295","User #25343","Timepoint 39",8.75604045391083,42,25
"296","User #25343","Timepoint 40",10.0447103977203,42,25
"297","User #25343","Timepoint 41",9.60981607437134,42,25
"298","User #25343","Timepoint 42",9.4577944278717,42,25
"299","User #25343","Timepoint 43",9.38241052627563,42,25
"300","User #25343","Timepoint 44",10.3773529529572,42,25
"301","User #25343","Timepoint 45",11.9133567810059,42,25
"302","User #25343","Timepoint 46",11.9000806808472,42,25
"303","User #25343","Timepoint 47",13.740261554718,42,25
"304","User #25343","Timepoint 48",14.3336887359619,42,25
"305","User #25343","Timepoint 49",7.51948922872543,42,25
"306","User #25343","Timepoint 50",8.87421822547913,42,25
"307","User #25343","Timepoint 51",8.2847509086132,42,25
"308","User #25343","Timepoint 52",11.6204841136932,42,25
"309","User #25343","Timepoint 53",10.4012122154236,42,25
"310","User #25343","Timepoint 54",8.94506162405014,42,25
"311","User #25343","Timepoint 55",9.66034376621246,42,25
"312","User #25343","Timepoint 56",8.36642724275589,42,25
"313","User #25343","Timepoint 57",10.4577171802521,42,25
"314","User #25343","Timepoint 58",9.9542875289917,42,25
"315","User #25343","Timepoint 59",13.332592010498,42,25
"316","User #25343","Timepoint 60",12.5908532142639,42,25
"317","User #25343","Timepoint 61",14.2908267974854,42,25
"318","User #25343","Timepoint 62",14.3907942771912,42,25
"319","User #25343","Timepoint 63",15.6747117042542,42,25
"320","User #25343","Timepoint 64",11.120817899704,42,25
"321","User #25342","Timepoint 1",0,42,25
"322","User #25342","Timepoint 2",0,42,25
"323","User #25342","Timepoint 3",0,42,25
"324","User #25342","Timepoint 4",0,42,25
"325","User #25342","Timepoint 5",0,42,25
"326","User #25342","Timepoint 6",0,42,25
"327","User #25342","Timepoint 7",0,42,25
"328","User #25342","Timepoint 8",0,42,25
"329","User #25342","Timepoint 9",0,42,25
"330","User #25342","Timepoint 10",0,42,25
"331","User #25342","Timepoint 11",0,42,25
"332","User #25342","Timepoint 12",0,42,25
"333","User #25342","Timepoint 13",0,42,25
"334","User #25342","Timepoint 14",0,42,25
"335","User #25342","Timepoint 15",0,42,25
"336","User #25342","Timepoint 16",0,42,25
"337","User #25342","Timepoint 17",NA,42,25
"338","User #25342","Timepoint 18",NA,42,25
"339","User #25342","Timepoint 19",NA,42,25
"340","User #25342","Timepoint 20",NA,42,25
"341","User #25342","Timepoint 21",NA,42,25
"342","User #25342","Timepoint 22",NA,42,25
"343","User #25342","Timepoint 23",NA,42,25
"344","User #25342","Timepoint 24",NA,42,25
"345","User #25342","Timepoint 25",9.80069094896317,42,25
"346","User #25342","Timepoint 26",10.459451675415,42,25
"347","User #25342","Timepoint 27",10.1036809682846,42,25
"348","User #25342","Timepoint 28",10.7319551706314,42,25
"349","User #25342","Timepoint 29",10.7808361053467,42,25
"350","User #25342","Timepoint 30",10.980620265007,42,25
"351","User #25342","Timepoint 31",10.4523967504501,42,25
"352","User #25342","Timepoint 32",10.085374712944,42,25
"353","User #25342","Timepoint 33",10.6256120204926,42,25
"354","User #25342","Timepoint 34",8.25461542606354,42,25
"355","User #25342","Timepoint 35",9.41204297542572,42,25
"356","User #25342","Timepoint 36",9.25822687149048,42,25
"357","User #25342","Timepoint 37",9.57860600948334,42,25
"358","User #25342","Timepoint 38",10.4204512834549,42,25
"359","User #25342","Timepoint 39",11.3475307226181,42,25
"360","User #25342","Timepoint 40",9.12781947851181,42,25
"361","User #25342","Timepoint 41",8.01225736737251,42,25
"362","User #25342","Timepoint 42",10.5774788856506,42,25
"363","User #25342","Timepoint 43",7.73964846134186,42,25
"364","User #25342","Timepoint 44",8.8766810297966,42,25
"365","User #25342","Timepoint 45",8.92591834068298,42,25
"366","User #25342","Timepoint 46",7.74092528223991,42,25
"367","User #25342","Timepoint 47",8.80901551246643,42,25
"368","User #25342","Timepoint 48",8.51393675804138,42,25
"369","User #25342","Timepoint 49",9.68581771850586,42,25
"370","User #25342","Timepoint 50",11.8900370597839,42,25
"371","User #25342","Timepoint 51",9.34899997711182,42,25
"372","User #25342","Timepoint 52",10.2526738643646,42,25
"373","User #25342","Timepoint 53",9.01459789276123,42,25
"374","User #25342","Timepoint 54",9.19096183776855,42,25
"375","User #25342","Timepoint 55",8.48506617546082,42,25
"376","User #25342","Timepoint 56",8.47354698181152,42,25
"377","User #25342","Timepoint 57",10.0955350399017,42,25
"378","User #25342","Timepoint 58",10.2652039527893,42,25
"379","User #25342","Timepoint 59",8.88610696792603,42,25
"380","User #25342","Timepoint 60",9.55658960342407,42,25
"381","User #25342","Timepoint 61",9.30674386024475,42,25
"382","User #25342","Timepoint 62",9.46208095550537,42,25
"383","User #25342","Timepoint 63",8.14960741996765,42,25
"384","User #25342","Timepoint 64",8.93673610687256,42,25
"385","User #25388","Timepoint 1",0,42,25
"386","User #25388","Timepoint 2",0,42,25
"387","User #25388","Timepoint 3",0,42,25
"388","User #25388","Timepoint 4",0,42,25
"389","User #25388","Timepoint 5",0,42,25
"390","User #25388","Timepoint 6",0,42,25
"391","User #25388","Timepoint 7",0,42,25
"392","User #25388","Timepoint 8",0,42,25
"393","User #25388","Timepoint 9",0,42,25
"394","User #25388","Timepoint 10",0,42,25
"395","User #25388","Timepoint 11",0,42,25
"396","User #25388","Timepoint 12",0,42,25
"397","User #25388","Timepoint 13",0,42,25
"398","User #25388","Timepoint 14",0,42,25
"399","User #25388","Timepoint 15",0,42,25
"400","User #25388","Timepoint 16",0,42,25
"401","User #25388","Timepoint 17",NA,42,25
"402","User #25388","Timepoint 18",NA,42,25
"403","User #25388","Timepoint 19",NA,42,25
"404","User #25388","Timepoint 20",NA,42,25
"405","User #25388","Timepoint 21",NA,42,25
"406","User #25388","Timepoint 22",NA,42,25
"407","User #25388","Timepoint 23",NA,42,25
"408","User #25388","Timepoint 24",NA,42,25
"409","User #25388","Timepoint 25",12.1468842923641,42,25
"410","User #25388","Timepoint 26",12.500883102417,42,25
"411","User #25388","Timepoint 27",12.1624494493008,42,25
"412","User #25388","Timepoint 28",12.0742056965828,42,25
"413","User #25388","Timepoint 29",12.3296932578087,42,25
"414","User #25388","Timepoint 30",12.4850661754608,42,25
"415","User #25388","Timepoint 31",12.5221720933914,42,25
"416","User #25388","Timepoint 32",12.7386736571789,42,25
"417","User #25388","Timepoint 33",10.8134302794933,42,25
"418","User #25388","Timepoint 34",11.6772640347481,42,25
"419","User #25388","Timepoint 35",10.7703446596861,42,25
"420","User #25388","Timepoint 36",12.29232442379,42,25
"421","User #25388","Timepoint 37",11.6697209328413,42,25
"422","User #25388","Timepoint 38",19.4201585650444,42,25
"423","User #25388","Timepoint 39",12.2078070640564,42,25
"424","User #25388","Timepoint 40",11.369265049696,42,25
"425","User #25388","Timepoint 41",9.7165944352746,42,25
"426","User #25388","Timepoint 42",12.9097530245781,42,25
"427","User #25388","Timepoint 43",10.3886460661888,42,25
"428","User #25388","Timepoint 44",12.4246272742748,42,25
"429","User #25388","Timepoint 45",9.56809700280428,42,25
"430","User #25388","Timepoint 46",13.0711356401443,42,25
"431","User #25388","Timepoint 47",17.1041392683983,42,25
"432","User #25388","Timepoint 48",13.6424562335014,42,25
"433","User #25388","Timepoint 49",9.38486555218697,42,25
"434","User #25388","Timepoint 50",14.4187359809875,42,25
"435","User #25388","Timepoint 51",11.1242477446795,42,25
"436","User #25388","Timepoint 52",13.1600730717182,42,25
"437","User #25388","Timepoint 53",8.86487514525652,42,25
"438","User #25388","Timepoint 54",14.7363268136978,42,25
"439","User #25388","Timepoint 55",12.9127159118652,42,25
"440","User #25388","Timepoint 56",12.1764613687992,42,25
"441","User #25388","Timepoint 57",10.935425311327,42,25
"442","User #25388","Timepoint 58",14.2160975039005,42,25
"443","User #25388","Timepoint 59",11.9301807880402,42,25
"444","User #25388","Timepoint 60",15.2364345192909,42,25
"445","User #25388","Timepoint 61",9.29229032248259,42,25
"446","User #25388","Timepoint 62",12.0098437070847,42,25
"447","User #25388","Timepoint 63",10.9349738955498,42,25
"448","User #25388","Timepoint 64",12.5095347464085,42,25
"449","User #25334","Timepoint 1",0,42,25
"450","User #25334","Timepoint 2",0,42,25
"451","User #25334","Timepoint 3",0,42,25
"452","User #25334","Timepoint 4",0,42,25
"453","User #25334","Timepoint 5",0,42,25
"454","User #25334","Timepoint 6",0,42,25
"455","User #25334","Timepoint 7",0,42,25
"456","User #25334","Timepoint 8",0,42,25
"457","User #25334","Timepoint 9",0,42,25
"458","User #25334","Timepoint 10",0,42,25
"459","User #25334","Timepoint 11",0,42,25
"460","User #25334","Timepoint 12",0,42,25
"461","User #25334","Timepoint 13",0,42,25
"462","User #25334","Timepoint 14",0,42,25
"463","User #25334","Timepoint 15",0,42,25
"464","User #25334","Timepoint 16",0,42,25
"465","User #25334","Timepoint 17",NA,42,25
"466","User #25334","Timepoint 18",NA,42,25
"467","User #25334","Timepoint 19",NA,42,25
"468","User #25334","Timepoint 20",NA,42,25
"469","User #25334","Timepoint 21",NA,42,25
"470","User #25334","Timepoint 22",NA,42,25
"471","User #25334","Timepoint 23",NA,42,25
"472","User #25334","Timepoint 24",NA,42,25
"473","User #25334","Timepoint 25",7.54628556966782,42,25
"474","User #25334","Timepoint 26",7.73327594995499,42,25
"475","User #25334","Timepoint 27",7.58904820680618,42,25
"476","User #25334","Timepoint 28",7.68249261379242,42,25
"477","User #25334","Timepoint 29",7.68443524837494,42,25
"478","User #25334","Timepoint 30",7.76866734027863,42,25
"479","User #25334","Timepoint 31",7.78443551063538,42,25
"480","User #25334","Timepoint 32",7.58794975280762,42,25
"481","User #25334","Timepoint 33",6.86826479434967,42,25
"482","User #25334","Timepoint 34",7.58743566274643,42,25
"483","User #25334","Timepoint 35",9.2250349521637,42,25
"484","User #25334","Timepoint 36",11.1489562988281,42,25
"485","User #25334","Timepoint 37",6.27529990673065,42,25
"486","User #25334","Timepoint 38",4.99581633508205,42,25
"487","User #25334","Timepoint 39",8.90796172618866,42,25
"488","User #25334","Timepoint 40",6.69500911235809,42,25
"489","User #25334","Timepoint 41",10.508754491806,42,25
"490","User #25334","Timepoint 42",10.5999306440353,42,25
"491","User #25334","Timepoint 43",10.3409626483917,42,25
"492","User #25334","Timepoint 44",6.14981973171234,42,25
"493","User #25334","Timepoint 45",6.03810143470764,42,25
"494","User #25334","Timepoint 46",7.20488381385803,42,25
"495","User #25334","Timepoint 47",6.13085266947746,42,25
"496","User #25334","Timepoint 48",5.86576896905899,42,25
"497","User #25334","Timepoint 49",9.57320499420166,42,25
"498","User #25334","Timepoint 50",7.67367905378342,42,25
"499","User #25334","Timepoint 51",6.49727277457714,42,25
"500","User #25334","Timepoint 52",4.31085400283337,42,25
"501","User #25334","Timepoint 53",8.1338042318821,42,25
"502","User #25334","Timepoint 54",7.68566852807999,42,25
"503","User #25334","Timepoint 55",10.2104415297508,42,25
"504","User #25334","Timepoint 56",6.94306248426437,42,25
"505","User #25334","Timepoint 57",8.28771448135376,42,25
"506","User #25334","Timepoint 58",5.47049077600241,42,25
"507","User #25334","Timepoint 59",5.53708891943097,42,25
"508","User #25334","Timepoint 60",7.47672203183174,42,25
"509","User #25334","Timepoint 61",9.51163166761398,42,25
"510","User #25334","Timepoint 62",8.44953188300133,42,25
"511","User #25334","Timepoint 63",6.59997160732746,42,25
"512","User #25334","Timepoint 64",6.30156807601452,42,25
"513","User #25393","Timepoint 1",0,42,25
"514","User #25393","Timepoint 2",0,42,25
"515","User #25393","Timepoint 3",0,42,25
"516","User #25393","Timepoint 4",0,42,25
"517","User #25393","Timepoint 5",0,42,25
"518","User #25393","Timepoint 6",0,42,25
"519","User #25393","Timepoint 7",0,42,25
"520","User #25393","Timepoint 8",0,42,25
"521","User #25393","Timepoint 9",0,42,25
"522","User #25393","Timepoint 10",0,42,25
"523","User #25393","Timepoint 11",0,42,25
"524","User #25393","Timepoint 12",0,42,25
"525","User #25393","Timepoint 13",0,42,25
"526","User #25393","Timepoint 14",0,42,25
"527","User #25393","Timepoint 15",0,42,25
"528","User #25393","Timepoint 16",0,42,25
"529","User #25393","Timepoint 17",NA,42,25
"530","User #25393","Timepoint 18",NA,42,25
"531","User #25393","Timepoint 19",NA,42,25
"532","User #25393","Timepoint 20",NA,42,25
"533","User #25393","Timepoint 21",NA,42,25
"534","User #25393","Timepoint 22",NA,42,25
"535","User #25393","Timepoint 23",NA,42,25
"536","User #25393","Timepoint 24",NA,42,25
"537","User #25393","Timepoint 25",7.11608752608299,42,25
"538","User #25393","Timepoint 26",7.20781025290489,42,25
"539","User #25393","Timepoint 27",7.03953099250793,42,25
"540","User #25393","Timepoint 28",7.09784778952599,42,25
"541","User #25393","Timepoint 29",7.12877598404884,42,25
"542","User #25393","Timepoint 30",7.1558341383934,42,25
"543","User #25393","Timepoint 31",7.30986762046814,42,25
"544","User #25393","Timepoint 32",7.33269336819649,42,25
"545","User #25393","Timepoint 33",6.55320456624031,42,25
"546","User #25393","Timepoint 34",5.57050616294146,42,25
"547","User #25393","Timepoint 35",8.08004984259605,42,25
"548","User #25393","Timepoint 36",6.37694562971592,42,25
"549","User #25393","Timepoint 37",7.36848837137222,42,25
"550","User #25393","Timepoint 38",6.22412900626659,42,25
"551","User #25393","Timepoint 39",5.35673108696938,42,25
"552","User #25393","Timepoint 40",7.74366489052773,42,25
"553","User #25393","Timepoint 41",6.39803412556648,42,25
"554","User #25393","Timepoint 42",8.03997048735619,42,25
"555","User #25393","Timepoint 43",6.97296947240829,42,25
"556","User #25393","Timepoint 44",5.51628137379885,42,25
"557","User #25393","Timepoint 45",7.67698508501053,42,25
"558","User #25393","Timepoint 46",5.3486999347806,42,25
"559","User #25393","Timepoint 47",7.50408977270126,42,25
"560","User #25393","Timepoint 48",7.24455925822258,42,25
"561","User #25393","Timepoint 49",6.61522555351257,42,25
"562","User #25393","Timepoint 50",7.42681413888931,42,25
"563","User #25393","Timepoint 51",6.72705836594105,42,25
"564","User #25393","Timepoint 52",7.67640429735184,42,25
"565","User #25393","Timepoint 53",7.09482473134995,42,25
"566","User #25393","Timepoint 54",5.91193279623985,42,25
"567","User #25393","Timepoint 55",7.20655959844589,42,25
"568","User #25393","Timepoint 56",6.21847227215767,42,25
"569","User #25393","Timepoint 57",6.30994737148285,42,25
"570","User #25393","Timepoint 58",6.57299515604973,42,25
"571","User #25393","Timepoint 59",6.07354979217052,42,25
"572","User #25393","Timepoint 60",6.67859503626823,42,25
"573","User #25393","Timepoint 61",6.28027004003525,42,25
"574","User #25393","Timepoint 62",7.27201607823372,42,25
"575","User #25393","Timepoint 63",6.67981335520744,42,25
"576","User #25393","Timepoint 64",6.99515372514725,42,25
"577","User #25323","Timepoint 1",0,42,25
"578","User #25323","Timepoint 2",0,42,25
"579","User #25323","Timepoint 3",0,42,25
"580","User #25323","Timepoint 4",0,42,25
"581","User #25323","Timepoint 5",0,42,25
"582","User #25323","Timepoint 6",0,42,25
"583","User #25323","Timepoint 7",0,42,25
"584","User #25323","Timepoint 8",0,42,25
"585","User #25323","Timepoint 9",0,42,25
"586","User #25323","Timepoint 10",0,42,25
"587","User #25323","Timepoint 11",0,42,25
"588","User #25323","Timepoint 12",0,42,25
"589","User #25323","Timepoint 13",0,42,25
"590","User #25323","Timepoint 14",0,42,25
"591","User #25323","Timepoint 15",0,42,25
"592","User #25323","Timepoint 16",0,42,25
"593","User #25323","Timepoint 17",NA,42,25
"594","User #25323","Timepoint 18",NA,42,25
"595","User #25323","Timepoint 19",NA,42,25
"596","User #25323","Timepoint 20",NA,42,25
"597","User #25323","Timepoint 21",NA,42,25
"598","User #25323","Timepoint 22",NA,42,25
"599","User #25323","Timepoint 23",NA,42,25
"600","User #25323","Timepoint 24",NA,42,25
"601","User #25323","Timepoint 25",7.88971936702728,42,25
"602","User #25323","Timepoint 26",7.95513272285461,42,25
"603","User #25323","Timepoint 27",7.93893826007843,42,25
"604","User #25323","Timepoint 28",7.95639526844025,42,25
"605","User #25323","Timepoint 29",7.87647271156311,42,25
"606","User #25323","Timepoint 30",7.97618889808655,42,25
"607","User #25323","Timepoint 31",8.14988946914673,42,25
"608","User #25323","Timepoint 32",8.08226776123047,42,25
"609","User #25323","Timepoint 33",7.00657606124878,42,25
"610","User #25323","Timepoint 34",6.72716009616852,42,25
"611","User #25323","Timepoint 35",7.92602634429932,42,25
"612","User #25323","Timepoint 36",6.2504945397377,42,25
"613","User #25323","Timepoint 37",8.48020601272583,42,25
"614","User #25323","Timepoint 38",5.9116732776165,42,25
"615","User #25323","Timepoint 39",7.93476605415344,42,25
"616","User #25323","Timepoint 40",6.51025056838989,42,25
"617","User #25323","Timepoint 41",9.57398772239685,42,25
"618","User #25323","Timepoint 42",5.83915373682976,42,25
"619","User #25323","Timepoint 43",7.08505344390869,42,25
"620","User #25323","Timepoint 44",7.35097301006317,42,25
"621","User #25323","Timepoint 45",8.28317880630493,42,25
"622","User #25323","Timepoint 46",7.15272283554077,42,25
"623","User #25323","Timepoint 47",8.68184041976929,42,25
"624","User #25323","Timepoint 48",7.60952401161194,42,25
"625","User #25323","Timepoint 49",7.29980421066284,42,25
"626","User #25323","Timepoint 50",6.42319843173027,42,25
"627","User #25323","Timepoint 51",8.2233190536499,42,25
"628","User #25323","Timepoint 52",6.87680208683014,42,25
"629","User #25323","Timepoint 53",8.49831318855286,42,25
"630","User #25323","Timepoint 54",5.84355625510216,42,25
"631","User #25323","Timepoint 55",6.71620774269104,42,25
"632","User #25323","Timepoint 56",6.18947818875313,42,25
"633","User #25323","Timepoint 57",7.54173266887665,42,25
"634","User #25323","Timepoint 58",5.96452543139458,42,25
"635","User #25323","Timepoint 59",7.9948855638504,42,25
"636","User #25323","Timepoint 60",6.57834947109222,42,25
"637","User #25323","Timepoint 61",9.56104183197021,42,25
"638","User #25323","Timepoint 62",5.41470062732697,42,25
"639","User #25323","Timepoint 63",6.85901308059692,42,25
"640","User #25323","Timepoint 64",7.03238415718079,42,25
"641","User #25331","Timepoint 1",0,42,25
"642","User #25331","Timepoint 2",0,42,25
"643","User #25331","Timepoint 3",0,42,25
"644","User #25331","Timepoint 4",0,42,25
"645","User #25331","Timepoint 5",0,42,25
"646","User #25331","Timepoint 6",0,42,25
"647","User #25331","Timepoint 7",0,42,25
"648","User #25331","Timepoint 8",0,42,25
"649","User #25331","Timepoint 9",0,42,25
"650","User #25331","Timepoint 10",0,42,25
"651","User #25331","Timepoint 11",0,42,25
"652","User #25331","Timepoint 12",0,42,25
"653","User #25331","Timepoint 13",0,42,25
"654","User #25331","Timepoint 14",0,42,25
"655","User #25331","Timepoint 15",0,42,25
"656","User #25331","Timepoint 16",0,42,25
"657","User #25331","Timepoint 17",NA,42,25
"658","User #25331","Timepoint 18",NA,42,25
"659","User #25331","Timepoint 19",NA,42,25
"660","User #25331","Timepoint 20",NA,42,25
"661","User #25331","Timepoint 21",NA,42,25
"662","User #25331","Timepoint 22",NA,42,25
"663","User #25331","Timepoint 23",NA,42,25
"664","User #25331","Timepoint 24",NA,42,25
"665","User #25331","Timepoint 25",13.3632187843323,42,25
"666","User #25331","Timepoint 26",13.4482638537884,42,25
"667","User #25331","Timepoint 27",13.3871794044971,42,25
"668","User #25331","Timepoint 28",13.4391303956509,42,25
"669","User #25331","Timepoint 29",13.461974054575,42,25
"670","User #25331","Timepoint 30",13.5238848924637,42,25
"671","User #25331","Timepoint 31",13.5316150188446,42,25
"672","User #25331","Timepoint 32",13.5449538230896,42,25
"673","User #25331","Timepoint 33",15.1380561590195,42,25
"674","User #25331","Timepoint 34",14.15741533041,42,25
"675","User #25331","Timepoint 35",13.9280791282654,42,25
"676","User #25331","Timepoint 36",11.7468726485968,42,25
"677","User #25331","Timepoint 37",12.9201879501343,42,25
"678","User #25331","Timepoint 38",13.2546232938766,42,25
"679","User #25331","Timepoint 39",13.9912070631981,42,25
"680","User #25331","Timepoint 40",13.2244196534157,42,25
"681","User #25331","Timepoint 41",14.9198673963547,42,25
"682","User #25331","Timepoint 42",12.0014662519097,42,25
"683","User #25331","Timepoint 43",12.1344278566539,42,25
"684","User #25331","Timepoint 44",12.9416457116604,42,25
"685","User #25331","Timepoint 45",13.1105812489986,42,25
"686","User #25331","Timepoint 46",13.7459635734558,42,25
"687","User #25331","Timepoint 47",13.8226643800735,42,25
"688","User #25331","Timepoint 48",13.059855401516,42,25
"689","User #25331","Timepoint 49",13.3696811199188,42,25
"690","User #25331","Timepoint 50",11.5595158338547,42,25
"691","User #25331","Timepoint 51",12.6498243808746,42,25
"692","User #25331","Timepoint 52",11.9179670810699,42,25
"693","User #25331","Timepoint 53",12.694278717041,42,25
"694","User #25331","Timepoint 54",12.749472618103,42,25
"695","User #25331","Timepoint 55",12.8154950141907,42,25
"696","User #25331","Timepoint 56",12.5447217226028,42,25
"697","User #25331","Timepoint 57",12.1084238290787,42,25
"698","User #25331","Timepoint 58",14.0560894012451,42,25
"699","User #25331","Timepoint 59",13.4631469249725,42,25
"700","User #25331","Timepoint 60",14.0931210517883,42,25
"701","User #25331","Timepoint 61",11.2086340636015,42,25
"702","User #25331","Timepoint 62",11.5375643968582,42,25
"703","User #25331","Timepoint 63",12.2134168148041,42,25
"704","User #25331","Timepoint 64",11.9835668802261,42,25
"705","User #25319","Timepoint 1",0,42,25
"706","User #25319","Timepoint 2",0,42,25
"707","User #25319","Timepoint 3",0,42,25
"708","User #25319","Timepoint 4",0,42,25
"709","User #25319","Timepoint 5",0,42,25
"710","User #25319","Timepoint 6",0,42,25
"711","User #25319","Timepoint 7",0,42,25
"712","User #25319","Timepoint 8",0,42,25
"713","User #25319","Timepoint 9",0,42,25
"714","User #25319","Timepoint 10",0,42,25
"715","User #25319","Timepoint 11",0,42,25
"716","User #25319","Timepoint 12",0,42,25
"717","User #25319","Timepoint 13",0,42,25
"718","User #25319","Timepoint 14",0,42,25
"719","User #25319","Timepoint 15",0,42,25
"720","User #25319","Timepoint 16",0,42,25
"721","User #25319","Timepoint 17",NA,42,25
"722","User #25319","Timepoint 18",NA,42,25
"723","User #25319","Timepoint 19",NA,42,25
"724","User #25319","Timepoint 20",NA,42,25
"725","User #25319","Timepoint 21",NA,42,25
"726","User #25319","Timepoint 22",NA,42,25
"727","User #25319","Timepoint 23",NA,42,25
"728","User #25319","Timepoint 24",NA,42,25
"729","User #25319","Timepoint 25",6.651811003685,42,25
"730","User #25319","Timepoint 26",6.64675438404083,42,25
"731","User #25319","Timepoint 27",6.60474789142609,42,25
"732","User #25319","Timepoint 28",6.43456995487213,42,25
"733","User #25319","Timepoint 29",6.54211258888245,42,25
"734","User #25319","Timepoint 30",6.42359399795532,42,25
"735","User #25319","Timepoint 31",6.59170055389404,42,25
"736","User #25319","Timepoint 32",6.63523578643799,42,25
"737","User #25319","Timepoint 33",5.67348766326904,42,25
"738","User #25319","Timepoint 34",6.58110189437866,42,25
"739","User #25319","Timepoint 35",5.61822807788849,42,25
"740","User #25319","Timepoint 36",7.17126536369324,42,25
"741","User #25319","Timepoint 37",5.40593475103378,42,25
"742","User #25319","Timepoint 38",7.98587918281555,42,25
"743","User #25319","Timepoint 39",5.4375906586647,42,25
"744","User #25319","Timepoint 40",6.13746750354767,42,25
"745","User #25319","Timepoint 41",5.69395673274994,42,25
"746","User #25319","Timepoint 42",7.0451180934906,42,25
"747","User #25319","Timepoint 43",5.61167883872986,42,25
"748","User #25319","Timepoint 44",5.1884126663208,42,25
"749","User #25319","Timepoint 45",5.9354065656662,42,25
"750","User #25319","Timepoint 46",8.03053784370422,42,25
"751","User #25319","Timepoint 47",6.61521363258362,42,25
"752","User #25319","Timepoint 48",6.78174543380737,42,25
"753","User #25319","Timepoint 49",7.70983409881592,42,25
"754","User #25319","Timepoint 50",6.77030396461487,42,25
"755","User #25319","Timepoint 51",6.62705671787262,42,25
"756","User #25319","Timepoint 52",4.75286756455898,42,25
"757","User #25319","Timepoint 53",6.74219214916229,42,25
"758","User #25319","Timepoint 54",5.87860476970673,42,25
"759","User #25319","Timepoint 55",7.05508327484131,42,25
"760","User #25319","Timepoint 56",5.70616561174393,42,25
"761","User #25319","Timepoint 57",6.66923022270203,42,25
"762","User #25319","Timepoint 58",6.22721982002258,42,25
"763","User #25319","Timepoint 59",6.72306752204895,42,25
"764","User #25319","Timepoint 60",4.99004776775837,42,25
"765","User #25319","Timepoint 61",6.24538624286652,42,25
"766","User #25319","Timepoint 62",5.72235572338104,42,25
"767","User #25319","Timepoint 63",5.97096031904221,42,25
"768","User #25319","Timepoint 64",5.60907006263733,42,25
"769","User #25301","Timepoint 1",0,42,25
"770","User #25301","Timepoint 2",0,42,25
"771","User #25301","Timepoint 3",0,42,25
"772","User #25301","Timepoint 4",0,42,25
"773","User #25301","Timepoint 5",0,42,25
"774","User #25301","Timepoint 6",0,42,25
"775","User #25301","Timepoint 7",0,42,25
"776","User #25301","Timepoint 8",0,42,25
"777","User #25301","Timepoint 9",0,42,25
"778","User #25301","Timepoint 10",0,42,25
"779","User #25301","Timepoint 11",0,42,25
"780","User #25301","Timepoint 12",0,42,25
"781","User #25301","Timepoint 13",0,42,25
"782","User #25301","Timepoint 14",0,42,25
"783","User #25301","Timepoint 15",0,42,25
"784","User #25301","Timepoint 16",0,42,25
"785","User #25301","Timepoint 17",NA,42,25
"786","User #25301","Timepoint 18",NA,42,25
"787","User #25301","Timepoint 19",NA,42,25
"788","User #25301","Timepoint 20",NA,42,25
"789","User #25301","Timepoint 21",NA,42,25
"790","User #25301","Timepoint 22",NA,42,25
"791","User #25301","Timepoint 23",NA,42,25
"792","User #25301","Timepoint 24",NA,42,25
"793","User #25301","Timepoint 25",9.05182844400406,42,25
"794","User #25301","Timepoint 26",9.12539875507355,42,25
"795","User #25301","Timepoint 27",9.0054098367691,42,25
"796","User #25301","Timepoint 28",9.08443307876587,42,25
"797","User #25301","Timepoint 29",9.05852442979813,42,25
"798","User #25301","Timepoint 30",9.01816672086716,42,25
"799","User #25301","Timepoint 31",8.96135246753693,42,25
"800","User #25301","Timepoint 32",9.00925672054291,42,25
"801","User #25301","Timepoint 33",7.09199300408363,42,25
"802","User #25301","Timepoint 34",8.89829254150391,42,25
"803","User #25301","Timepoint 35",9.57397764921188,42,25
"804","User #25301","Timepoint 36",8.63356506824493,42,25
"805","User #25301","Timepoint 37",7.58848166465759,42,25
"806","User #25301","Timepoint 38",8.6924142241478,42,25
"807","User #25301","Timepoint 39",8.27666705846786,42,25
"808","User #25301","Timepoint 40",9.23600143194199,42,25
"809","User #25301","Timepoint 41",8.72797852754593,42,25
"810","User #25301","Timepoint 42",8.17486903071404,42,25
"811","User #25301","Timepoint 43",8.59735196828842,42,25
"812","User #25301","Timepoint 44",9.38476300239563,42,25
"813","User #25301","Timepoint 45",7.69546872377396,42,25
"814","User #25301","Timepoint 46",8.19909638166428,42,25
"815","User #25301","Timepoint 47",8.59994477033615,42,25
"816","User #25301","Timepoint 48",8.96764671802521,42,25
"817","User #25301","Timepoint 49",8.95030480623245,42,25
"818","User #25301","Timepoint 50",9.83115714788437,42,25
"819","User #25301","Timepoint 51",9.1324922144413,42,25
"820","User #25301","Timepoint 52",9.64574766159058,42,25
"821","User #25301","Timepoint 53",9.28508561849594,42,25
"822","User #25301","Timepoint 54",9.19205543398857,42,25
"823","User #25301","Timepoint 55",8.40438377857208,42,25
"824","User #25301","Timepoint 56",9.04622566699982,42,25
"825","User #25301","Timepoint 57",7.91280519962311,42,25
"826","User #25301","Timepoint 58",10.9997544884682,42,25
"827","User #25301","Timepoint 59",9.24217772483826,42,25
"828","User #25301","Timepoint 60",10.3121955394745,42,25
"829","User #25301","Timepoint 61",7.85596531629562,42,25
"830","User #25301","Timepoint 62",9.99528121948242,42,25
"831","User #25301","Timepoint 63",9.39259779453278,42,25
"832","User #25301","Timepoint 64",10.6992028355598,42,25
"833","User #25361","Timepoint 1",0,42,25
"834","User #25361","Timepoint 2",0,42,25
"835","User #25361","Timepoint 3",0,42,25
"836","User #25361","Timepoint 4",0,42,25
"837","User #25361","Timepoint 5",0,42,25
"838","User #25361","Timepoint 6",0,42,25
"839","User #25361","Timepoint 7",0,42,25
"840","User #25361","Timepoint 8",0,42,25
"841","User #25361","Timepoint 9",0,42,25
"842","User #25361","Timepoint 10",0,42,25
"843","User #25361","Timepoint 11",0,42,25
"844","User #25361","Timepoint 12",0,42,25
"845","User #25361","Timepoint 13",0,42,25
"846","User #25361","Timepoint 14",0,42,25
"847","User #25361","Timepoint 15",0,42,25
"848","User #25361","Timepoint 16",0,42,25
"849","User #25361","Timepoint 17",NA,42,25
"850","User #25361","Timepoint 18",NA,42,25
"851","User #25361","Timepoint 19",NA,42,25
"852","User #25361","Timepoint 20",NA,42,25
"853","User #25361","Timepoint 21",NA,42,25
"854","User #25361","Timepoint 22",NA,42,25
"855","User #25361","Timepoint 23",NA,42,25
"856","User #25361","Timepoint 24",NA,42,25
"857","User #25361","Timepoint 25",7.23464727401733,42,25
"858","User #25361","Timepoint 26",7.3359791636467,42,25
"859","User #25361","Timepoint 27",7.24813190102577,42,25
"860","User #25361","Timepoint 28",7.29744163155556,42,25
"861","User #25361","Timepoint 29",7.28193971514702,42,25
"862","User #25361","Timepoint 30",7.30733469128609,42,25
"863","User #25361","Timepoint 31",7.35919386148453,42,25
"864","User #25361","Timepoint 32",7.32296320796013,42,25
"865","User #25361","Timepoint 33",9.09074306488037,42,25
"866","User #25361","Timepoint 34",7.02956968545914,42,25
"867","User #25361","Timepoint 35",7.94556820392609,42,25
"868","User #25361","Timepoint 36",7.89106768369675,42,25
"869","User #25361","Timepoint 37",7.85285371541977,42,25
"870","User #25361","Timepoint 38",6.98097601532936,42,25
"871","User #25361","Timepoint 39",8.11106961965561,42,25
"872","User #25361","Timepoint 40",6.24467419087887,42,25
"873","User #25361","Timepoint 41",6.84277564287186,42,25
"874","User #25361","Timepoint 42",7.91088885068893,42,25
"875","User #25361","Timepoint 43",6.42225632071495,42,25
"876","User #25361","Timepoint 44",7.09014201164246,42,25
"877","User #25361","Timepoint 45",7.83814895153046,42,25
"878","User #25361","Timepoint 46",6.83633252978325,42,25
"879","User #25361","Timepoint 47",6.9872750043869,42,25
"880","User #25361","Timepoint 48",6.53578653931618,42,25
"881","User #25361","Timepoint 49",7.34673893451691,42,25
"882","User #25361","Timepoint 50",7.18552565574646,42,25
"883","User #25361","Timepoint 51",8.5270414352417,42,25
"884","User #25361","Timepoint 52",8.30685639381409,42,25
"885","User #25361","Timepoint 53",8.50710082054138,42,25
"886","User #25361","Timepoint 54",8.27357316017151,42,25
"887","User #25361","Timepoint 55",7.73232436180115,42,25
"888","User #25361","Timepoint 56",8.36850571632385,42,25
"889","User #25361","Timepoint 57",8.10873460769653,42,25
"890","User #25361","Timepoint 58",7.2535183429718,42,25
"891","User #25361","Timepoint 59",6.89967060089111,42,25
"892","User #25361","Timepoint 60",7.66248333454132,42,25
"893","User #25361","Timepoint 61",7.12135398387909,42,25
"894","User #25361","Timepoint 62",7.98670101165771,42,25
"895","User #25361","Timepoint 63",6.71483772993088,42,25
"896","User #25361","Timepoint 64",7.49985933303833,42,25
"897","User #25319","Timepoint 1",0,42,25
"898","User #25319","Timepoint 2",0,42,25
"899","User #25319","Timepoint 3",0,42,25
"900","User #25319","Timepoint 4",0,42,25
"901","User #25319","Timepoint 5",0,42,25
"902","User #25319","Timepoint 6",0,42,25
"903","User #25319","Timepoint 7",0,42,25
"904","User #25319","Timepoint 8",0,42,25
"905","User #25319","Timepoint 9",0,42,25
"906","User #25319","Timepoint 10",0,42,25
"907","User #25319","Timepoint 11",0,42,25
"908","User #25319","Timepoint 12",0,42,25
"909","User #25319","Timepoint 13",0,42,25
"910","User #25319","Timepoint 14",0,42,25
"911","User #25319","Timepoint 15",0,42,25
"912","User #25319","Timepoint 16",0,42,25
"913","User #25319","Timepoint 17",NA,42,25
"914","User #25319","Timepoint 18",NA,42,25
"915","User #25319","Timepoint 19",NA,42,25
"916","User #25319","Timepoint 20",NA,42,25
"917","User #25319","Timepoint 21",NA,42,25
"918","User #25319","Timepoint 22",NA,42,25
"919","User #25319","Timepoint 23",NA,42,25
"920","User #25319","Timepoint 24",NA,42,25
"921","User #25319","Timepoint 25",8.37456557154655,42,25
"922","User #25319","Timepoint 26",8.44452378153801,42,25
"923","User #25319","Timepoint 27",8.29502123594284,42,25
"924","User #25319","Timepoint 28",8.36166244745255,42,25
"925","User #25319","Timepoint 29",8.34066668152809,42,25
"926","User #25319","Timepoint 30",8.73862305283546,42,25
"927","User #25319","Timepoint 31",8.89846169948578,42,25
"928","User #25319","Timepoint 32",8.85666251182556,42,25
"929","User #25319","Timepoint 33",12.2679088115692,42,25
"930","User #25319","Timepoint 34",8.89320623874664,42,25
"931","User #25319","Timepoint 35",7.04806157946587,42,25
"932","User #25319","Timepoint 36",10.9316269755363,42,25
"933","User #25319","Timepoint 37",8.63361814618111,42,25
"934","User #25319","Timepoint 38",6.63392305374146,42,25
"935","User #25319","Timepoint 39",5.93522579967976,42,25
"936","User #25319","Timepoint 40",6.22317733243108,42,25
"937","User #25319","Timepoint 41",7.09406104683876,42,25
"938","User #25319","Timepoint 42",6.64337488263845,42,25
"939","User #25319","Timepoint 43",7.01635357737541,42,25
"940","User #25319","Timepoint 44",9.2179848253727,42,25
"941","User #25319","Timepoint 45",9.08346593379974,42,25
"942","User #25319","Timepoint 46",8.678895175457,42,25
"943","User #25319","Timepoint 47",9.56483083963394,42,25
"944","User #25319","Timepoint 48",11.7306998372078,42,25
"945","User #25319","Timepoint 49",11.3173258304596,42,25
"946","User #25319","Timepoint 50",7.02890306711197,42,25
"947","User #25319","Timepoint 51",4.93046652525663,42,25
"948","User #25319","Timepoint 52",6.9281667470932,42,25
"949","User #25319","Timepoint 53",5.96242383122444,42,25
"950","User #25319","Timepoint 54",5.992276892066,42,25
"951","User #25319","Timepoint 55",9.12186741828918,42,25
"952","User #25319","Timepoint 56",12.8325241804123,42,25
"953","User #25319","Timepoint 57",8.45404893159866,42,25
"954","User #25319","Timepoint 58",4.50234808027744,42,25
"955","User #25319","Timepoint 59",7.80564337968826,42,25
"956","User #25319","Timepoint 60",8.28521370887756,42,25
"957","User #25319","Timepoint 61",8.92526745796204,42,25
"958","User #25319","Timepoint 62",7.46382027864456,42,25
"959","User #25319","Timepoint 63",7.09099814295769,42,25
"960","User #25319","Timepoint 64",9.88094836473465,42,25
"961","User #25365","Timepoint 1",0,42,25
"962","User #25365","Timepoint 2",0,42,25
"963","User #25365","Timepoint 3",0,42,25
"964","User #25365","Timepoint 4",0,42,25
"965","User #25365","Timepoint 5",0,42,25
"966","User #25365","Timepoint 6",0,42,25
"967","User #25365","Timepoint 7",0,42,25
"968","User #25365","Timepoint 8",0,42,25
"969","User #25365","Timepoint 9",0,42,25
"970","User #25365","Timepoint 10",0,42,25
"971","User #25365","Timepoint 11",0,42,25
"972","User #25365","Timepoint 12",0,42,25
"973","User #25365","Timepoint 13",0,42,25
"974","User #25365","Timepoint 14",0,42,25
"975","User #25365","Timepoint 15",0,42,25
"976","User #25365","Timepoint 16",0,42,25
"977","User #25365","Timepoint 17",NA,42,25
"978","User #25365","Timepoint 18",NA,42,25
"979","User #25365","Timepoint 19",NA,42,25
"980","User #25365","Timepoint 20",NA,42,25
"981","User #25365","Timepoint 21",NA,42,25
"982","User #25365","Timepoint 22",NA,42,25
"983","User #25365","Timepoint 23",NA,42,25
"984","User #25365","Timepoint 24",NA,42,25
"985","User #25365","Timepoint 25",9.66132628917694,42,25
"986","User #25365","Timepoint 26",9.69360494613647,42,25
"987","User #25365","Timepoint 27",9.69539475440979,42,25
"988","User #25365","Timepoint 28",9.65872275829315,42,25
"989","User #25365","Timepoint 29",9.69019985198975,42,25
"990","User #25365","Timepoint 30",9.84879148006439,42,25
"991","User #25365","Timepoint 31",9.85907387733459,42,25
"992","User #25365","Timepoint 32",9.88248729705811,42,25
"993","User #25365","Timepoint 33",9.00580978393555,42,25
"994","User #25365","Timepoint 34",8.96772837638855,42,25
"995","User #25365","Timepoint 35",9.23400676250458,42,25
"996","User #25365","Timepoint 36",9.9582427740097,42,25
"997","User #25365","Timepoint 37",9.1026691198349,42,25
"998","User #25365","Timepoint 38",8.86584305763245,42,25
"999","User #25365","Timepoint 39",9.21648514270782,42,25
"1000","User #25365","Timepoint 40",9.42224681377411,42,25
"1001","User #25365","Timepoint 41",8.94933760166168,42,25
"1002","User #25365","Timepoint 42",8.39916029572487,42,25
"1003","User #25365","Timepoint 43",9.03806757926941,42,25
"1004","User #25365","Timepoint 44",10.4362120628357,42,25
"1005","User #25365","Timepoint 45",11.6172461509705,42,25
"1006","User #25365","Timepoint 46",10.8336317539215,42,25
"1007","User #25365","Timepoint 47",9.15260231494904,42,25
"1008","User #25365","Timepoint 48",9.31906831264496,42,25
"1009","User #25365","Timepoint 49",8.99855351448059,42,25
"1010","User #25365","Timepoint 50",8.36047688126564,42,25
"1011","User #25365","Timepoint 51",9.53875863552094,42,25
"1012","User #25365","Timepoint 52",10.7518846988678,42,25
"1013","User #25365","Timepoint 53",8.51321828365326,42,25
"1014","User #25365","Timepoint 54",8.30059269070625,42,25
"1015","User #25365","Timepoint 55",9.65430879592896,42,25
"1016","User #25365","Timepoint 56",10.2820811271667,42,25
"1017","User #25365","Timepoint 57",9.84873592853546,42,25
"1018","User #25365","Timepoint 58",7.91819283366203,42,25
"1019","User #25365","Timepoint 59",8.56319272518158,42,25
"1020","User #25365","Timepoint 60",9.37760150432587,42,25
"1021","User #25365","Timepoint 61",9.70829689502716,42,25
"1022","User #25365","Timepoint 62",9.44020891189575,42,25
"1023","User #25365","Timepoint 63",9.0063693523407,42,25
"1024","User #25365","Timepoint 64",9.84669017791748,42,25
"1025","User #25311","Timepoint 1",0,42,25
"1026","User #25311","Timepoint 2",0,42,25
"1027","User #25311","Timepoint 3",0,42,25
"1028","User #25311","Timepoint 4",0,42,25
"1029","User #25311","Timepoint 5",0,42,25
"1030","User #25311","Timepoint 6",0,42,25
"1031","User #25311","Timepoint 7",0,42,25
"1032","User #25311","Timepoint 8",0,42,25
"1033","User #25311","Timepoint 9",0,42,25
"1034","User #25311","Timepoint 10",0,42,25
"1035","User #25311","Timepoint 11",0,42,25
"1036","User #25311","Timepoint 12",0,42,25
"1037","User #25311","Timepoint 13",0,42,25
"1038","User #25311","Timepoint 14",0,42,25
"1039","User #25311","Timepoint 15",0,42,25
"1040","User #25311","Timepoint 16",0,42,25
"1041","User #25311","Timepoint 17",NA,42,25
"1042","User #25311","Timepoint 18",NA,42,25
"1043","User #25311","Timepoint 19",NA,42,25
"1044","User #25311","Timepoint 20",NA,42,25
"1045","User #25311","Timepoint 21",NA,42,25
"1046","User #25311","Timepoint 22",NA,42,25
"1047","User #25311","Timepoint 23",NA,42,25
"1048","User #25311","Timepoint 24",NA,42,25
"1049","User #25311","Timepoint 25",7.0427120923996,42,25
"1050","User #25311","Timepoint 26",7.03701347112656,42,25
"1051","User #25311","Timepoint 27",6.92381870746613,42,25
"1052","User #25311","Timepoint 28",7.00905573368073,42,25
"1053","User #25311","Timepoint 29",7.00492298603058,42,25
"1054","User #25311","Timepoint 30",6.97447687387466,42,25
"1055","User #25311","Timepoint 31",6.93801760673523,42,25
"1056","User #25311","Timepoint 32",7.05129766464233,42,25
"1057","User #25311","Timepoint 33",6.10625806450844,42,25
"1058","User #25311","Timepoint 34",7.1330828666687,42,25
"1059","User #25311","Timepoint 35",7.89977532625198,42,25
"1060","User #25311","Timepoint 36",7.05441385507584,42,25
"1061","User #25311","Timepoint 37",6.25168770551682,42,25
"1062","User #25311","Timepoint 38",6.67792469263077,42,25
"1063","User #25311","Timepoint 39",7.41943192481995,42,25
"1064","User #25311","Timepoint 40",7.10147607326508,42,25
"1065","User #25311","Timepoint 41",8.00303447246552,42,25
"1066","User #25311","Timepoint 42",6.97582906484604,42,25
"1067","User #25311","Timepoint 43",7.14664036035538,42,25
"1068","User #25311","Timepoint 44",6.08015114068985,42,25
"1069","User #25311","Timepoint 45",6.98839610815048,42,25
"1070","User #25311","Timepoint 46",5.31779918819666,42,25
"1071","User #25311","Timepoint 47",6.193319439888,42,25
"1072","User #25311","Timepoint 48",5.8990595638752,42,25
"1073","User #25311","Timepoint 49",7.71891182661057,42,25
"1074","User #25311","Timepoint 50",6.21304467320442,42,25
"1075","User #25311","Timepoint 51",7.2444406747818,42,25
"1076","User #25311","Timepoint 52",5.68877406418324,42,25
"1077","User #25311","Timepoint 53",7.35735130310059,42,25
"1078","User #25311","Timepoint 54",6.4198591709137,42,25
"1079","User #25311","Timepoint 55",7.77109527587891,42,25
"1080","User #25311","Timepoint 56",5.68054947257042,42,25
"1081","User #25311","Timepoint 57",7.04373204708099,42,25
"1082","User #25311","Timepoint 58",6.03459113836288,42,25
"1083","User #25311","Timepoint 59",6.57014888525009,42,25
"1084","User #25311","Timepoint 60",6.37898561358452,42,25
"1085","User #25311","Timepoint 61",8.02673661708832,42,25
"1086","User #25311","Timepoint 62",5.61860537528992,42,25
"1087","User #25311","Timepoint 63",6.11803609132767,42,25
"1088","User #25311","Timepoint 64",5.86234611272812,42,25
"1089","User #25305","Timepoint 1",0,42,25
"1090","User #25305","Timepoint 2",0,42,25
"1091","User #25305","Timepoint 3",0,42,25
"1092","User #25305","Timepoint 4",0,42,25
"1093","User #25305","Timepoint 5",0,42,25
"1094","User #25305","Timepoint 6",0,42,25
"1095","User #25305","Timepoint 7",0,42,25
"1096","User #25305","Timepoint 8",0,42,25
"1097","User #25305","Timepoint 9",0,42,25
"1098","User #25305","Timepoint 10",0,42,25
"1099","User #25305","Timepoint 11",0,42,25
"1100","User #25305","Timepoint 12",0,42,25
"1101","User #25305","Timepoint 13",0,42,25
"1102","User #25305","Timepoint 14",0,42,25
"1103","User #25305","Timepoint 15",0,42,25
"1104","User #25305","Timepoint 16",0,42,25
"1105","User #25305","Timepoint 17",NA,42,25
"1106","User #25305","Timepoint 18",NA,42,25
"1107","User #25305","Timepoint 19",NA,42,25
"1108","User #25305","Timepoint 20",NA,42,25
"1109","User #25305","Timepoint 21",NA,42,25
"1110","User #25305","Timepoint 22",NA,42,25
"1111","User #25305","Timepoint 23",NA,42,25
"1112","User #25305","Timepoint 24",NA,42,25
"1113","User #25305","Timepoint 25",9.29106524586678,42,25
"1114","User #25305","Timepoint 26",9.38707211613655,42,25
"1115","User #25305","Timepoint 27",9.18232569098473,42,25
"1116","User #25305","Timepoint 28",9.1805724799633,42,25
"1117","User #25305","Timepoint 29",9.19600027799606,42,25
"1118","User #25305","Timepoint 30",9.21215572953224,42,25
"1119","User #25305","Timepoint 31",9.31492364406586,42,25
"1120","User #25305","Timepoint 32",9.30678510665894,42,25
"1121","User #25305","Timepoint 33",10.9764248728752,42,25
"1122","User #25305","Timepoint 34",9.81508612632751,42,25
"1123","User #25305","Timepoint 35",6.84461460635066,42,25
"1124","User #25305","Timepoint 36",9.87111315131187,42,25
"1125","User #25305","Timepoint 37",8.04174572229385,42,25
"1126","User #25305","Timepoint 38",9.3314228951931,42,25
"1127","User #25305","Timepoint 39",9.69067239761353,42,25
"1128","User #25305","Timepoint 40",8.73014223575592,42,25
"1129","User #25305","Timepoint 41",8.86881133913994,42,25
"1130","User #25305","Timepoint 42",7.4147571772337,42,25
"1131","User #25305","Timepoint 43",9.96049186587334,42,25
"1132","User #25305","Timepoint 44",9.83197131752968,42,25
"1133","User #25305","Timepoint 45",8.70057818293571,42,25
"1134","User #25305","Timepoint 46",9.18554213643074,42,25
"1135","User #25305","Timepoint 47",10.0849462747574,42,25
"1136","User #25305","Timepoint 48",10.0211153328419,42,25
"1137","User #25305","Timepoint 49",9.52047538757324,42,25
"1138","User #25305","Timepoint 50",7.87716296315193,42,25
"1139","User #25305","Timepoint 51",9.42685049772263,42,25
"1140","User #25305","Timepoint 52",8.02067872881889,42,25
"1141","User #25305","Timepoint 53",8.20329007506371,42,25
"1142","User #25305","Timepoint 54",9.96068489551544,42,25
"1143","User #25305","Timepoint 55",9.18560665845871,42,25
"1144","User #25305","Timepoint 56",9.34357416629791,42,25
"1145","User #25305","Timepoint 57",8.32317379117012,42,25
"1146","User #25305","Timepoint 58",8.09669968485832,42,25
"1147","User #25305","Timepoint 59",8.83791890740395,42,25
"1148","User #25305","Timepoint 60",8.72967150807381,42,25
"1149","User #25305","Timepoint 61",8.16450779139996,42,25
"1150","User #25305","Timepoint 62",7.57591147720814,42,25
"1151","User #25305","Timepoint 63",8.12492389976978,42,25
"1152","User #25305","Timepoint 64",9.06491053104401,42,25
"1153","User #25313","Timepoint 1",0,42,25
"1154","User #25313","Timepoint 2",0,42,25
"1155","User #25313","Timepoint 3",0,42,25
"1156","User #25313","Timepoint 4",0,42,25
"1157","User #25313","Timepoint 5",0,42,25
"1158","User #25313","Timepoint 6",0,42,25
"1159","User #25313","Timepoint 7",0,42,25
"1160","User #25313","Timepoint 8",0,42,25
"1161","User #25313","Timepoint 9",0,42,25
"1162","User #25313","Timepoint 10",0,42,25
"1163","User #25313","Timepoint 11",0,42,25
"1164","User #25313","Timepoint 12",0,42,25
"1165","User #25313","Timepoint 13",0,42,25
"1166","User #25313","Timepoint 14",0,42,25
"1167","User #25313","Timepoint 15",0,42,25
"1168","User #25313","Timepoint 16",0,42,25
"1169","User #25313","Timepoint 17",NA,42,25
"1170","User #25313","Timepoint 18",NA,42,25
"1171","User #25313","Timepoint 19",NA,42,25
"1172","User #25313","Timepoint 20",NA,42,25
"1173","User #25313","Timepoint 21",NA,42,25
"1174","User #25313","Timepoint 22",NA,42,25
"1175","User #25313","Timepoint 23",NA,42,25
"1176","User #25313","Timepoint 24",NA,42,25
"1177","User #25313","Timepoint 25",8.4397087097168,42,25
"1178","User #25313","Timepoint 26",8.47518202662468,42,25
"1179","User #25313","Timepoint 27",8.39426144957542,42,25
"1180","User #25313","Timepoint 28",8.4854893386364,42,25
"1181","User #25313","Timepoint 29",8.38912802934647,42,25
"1182","User #25313","Timepoint 30",8.54326602816582,42,25
"1183","User #25313","Timepoint 31",8.53322803974152,42,25
"1184","User #25313","Timepoint 32",8.55766952037811,42,25
"1185","User #25313","Timepoint 33",6.45401609688997,42,25
"1186","User #25313","Timepoint 34",6.26352619379759,42,25
"1187","User #25313","Timepoint 35",6.90067137777805,42,25
"1188","User #25313","Timepoint 36",7.44180922210217,42,25
"1189","User #25313","Timepoint 37",7.47995376586914,42,25
"1190","User #25313","Timepoint 38",6.93739879131317,42,25
"1191","User #25313","Timepoint 39",6.70769941061735,42,25
"1192","User #25313","Timepoint 40",7.53475788235664,42,25
"1193","User #25313","Timepoint 41",8.73311495780945,42,25
"1194","User #25313","Timepoint 42",10.7523292303085,42,25
"1195","User #25313","Timepoint 43",11.5105959177017,42,25
"1196","User #25313","Timepoint 44",12.8590580224991,42,25
"1197","User #25313","Timepoint 45",7.55933819711208,42,25
"1198","User #25313","Timepoint 46",6.52136337012053,42,25
"1199","User #25313","Timepoint 47",7.68072855472565,42,25
"1200","User #25313","Timepoint 48",7.07637122273445,42,25
"1201","User #25313","Timepoint 49",6.90284734964371,42,25
"1202","User #25313","Timepoint 50",6.2681148648262,42,25
"1203","User #25313","Timepoint 51",6.30905635282397,42,25
"1204","User #25313","Timepoint 52",7.20139066874981,42,25
"1205","User #25313","Timepoint 53",7.95350077748299,42,25
"1206","User #25313","Timepoint 54",7.55753147602081,42,25
"1207","User #25313","Timepoint 55",7.63327576220036,42,25
"1208","User #25313","Timepoint 56",8.53786537051201,42,25
"1209","User #25313","Timepoint 57",6.14066185802221,42,25
"1210","User #25313","Timepoint 58",7.31626427173615,42,25
"1211","User #25313","Timepoint 59",8.08605700731277,42,25
"1212","User #25313","Timepoint 60",11.5615879893303,42,25
"1213","User #25313","Timepoint 61",9.49864774942398,42,25
"1214","User #25313","Timepoint 62",8.18393850326538,42,25
"1215","User #25313","Timepoint 63",9.02692466974258,42,25
"1216","User #25313","Timepoint 64",10.930823802948,42,25
"1217","User #25299","Timepoint 1",0,42,25
"1218","User #25299","Timepoint 2",0,42,25
"1219","User #25299","Timepoint 3",0,42,25
"1220","User #25299","Timepoint 4",0,42,25
"1221","User #25299","Timepoint 5",0,42,25
"1222","User #25299","Timepoint 6",0,42,25
"1223","User #25299","Timepoint 7",0,42,25
"1224","User #25299","Timepoint 8",0,42,25
"1225","User #25299","Timepoint 9",0,42,25
"1226","User #25299","Timepoint 10",0,42,25
"1227","User #25299","Timepoint 11",0,42,25
"1228","User #25299","Timepoint 12",0,42,25
"1229","User #25299","Timepoint 13",0,42,25
"1230","User #25299","Timepoint 14",0,42,25
"1231","User #25299","Timepoint 15",0,42,25
"1232","User #25299","Timepoint 16",0,42,25
"1233","User #25299","Timepoint 17",NA,42,25
"1234","User #25299","Timepoint 18",NA,42,25
"1235","User #25299","Timepoint 19",NA,42,25
"1236","User #25299","Timepoint 20",NA,42,25
"1237","User #25299","Timepoint 21",NA,42,25
"1238","User #25299","Timepoint 22",NA,42,25
"1239","User #25299","Timepoint 23",NA,42,25
"1240","User #25299","Timepoint 24",NA,42,25
"1241","User #25299","Timepoint 25",7.0427120923996,42,25
"1242","User #25299","Timepoint 26",7.03701347112656,42,25
"1243","User #25299","Timepoint 27",6.92381870746613,42,25
"1244","User #25299","Timepoint 28",7.00905573368073,42,25
"1245","User #25299","Timepoint 29",7.00492298603058,42,25
"1246","User #25299","Timepoint 30",6.97447687387466,42,25
"1247","User #25299","Timepoint 31",6.93801760673523,42,25
"1248","User #25299","Timepoint 32",7.05129766464233,42,25
"1249","User #25299","Timepoint 33",6.10625806450844,42,25
"1250","User #25299","Timepoint 34",7.1330828666687,42,25
"1251","User #25299","Timepoint 35",7.89977532625198,42,25
"1252","User #25299","Timepoint 36",7.05441385507584,42,25
"1253","User #25299","Timepoint 37",6.25168770551682,42,25
"1254","User #25299","Timepoint 38",6.67792469263077,42,25
"1255","User #25299","Timepoint 39",7.41943192481995,42,25
"1256","User #25299","Timepoint 40",7.10147607326508,42,25
"1257","User #25299","Timepoint 41",8.00303447246552,42,25
"1258","User #25299","Timepoint 42",6.97582906484604,42,25
"1259","User #25299","Timepoint 43",7.14664036035538,42,25
"1260","User #25299","Timepoint 44",6.08015114068985,42,25
"1261","User #25299","Timepoint 45",6.98839610815048,42,25
"1262","User #25299","Timepoint 46",5.31779918819666,42,25
"1263","User #25299","Timepoint 47",6.193319439888,42,25
"1264","User #25299","Timepoint 48",5.8990595638752,42,25
"1265","User #25299","Timepoint 49",7.71891182661057,42,25
"1266","User #25299","Timepoint 50",6.21304467320442,42,25
"1267","User #25299","Timepoint 51",7.2444406747818,42,25
"1268","User #25299","Timepoint 52",5.68877406418324,42,25
"1269","User #25299","Timepoint 53",7.35735130310059,42,25
"1270","User #25299","Timepoint 54",6.4198591709137,42,25
"1271","User #25299","Timepoint 55",7.77109527587891,42,25
"1272","User #25299","Timepoint 56",5.68054947257042,42,25
"1273","User #25299","Timepoint 57",7.04373204708099,42,25
"1274","User #25299","Timepoint 58",6.03459113836288,42,25
"1275","User #25299","Timepoint 59",6.57014888525009,42,25
"1276","User #25299","Timepoint 60",6.37898561358452,42,25
"1277","User #25299","Timepoint 61",8.02673661708832,42,25
"1278","User #25299","Timepoint 62",5.61860537528992,42,25
"1279","User #25299","Timepoint 63",6.11803609132767,42,25
"1280","User #25299","Timepoint 64",5.86234611272812,42,25
"1281","User #25335","Timepoint 1",0,42,25
"1282","User #25335","Timepoint 2",0,42,25
"1283","User #25335","Timepoint 3",0,42,25
"1284","User #25335","Timepoint 4",0,42,25
"1285","User #25335","Timepoint 5",0,42,25
"1286","User #25335","Timepoint 6",0,42,25
"1287","User #25335","Timepoint 7",0,42,25
"1288","User #25335","Timepoint 8",0,42,25
"1289","User #25335","Timepoint 9",0,42,25
"1290","User #25335","Timepoint 10",0,42,25
"1291","User #25335","Timepoint 11",0,42,25
"1292","User #25335","Timepoint 12",0,42,25
"1293","User #25335","Timepoint 13",0,42,25
"1294","User #25335","Timepoint 14",0,42,25
"1295","User #25335","Timepoint 15",0,42,25
"1296","User #25335","Timepoint 16",0,42,25
"1297","User #25335","Timepoint 17",NA,42,25
"1298","User #25335","Timepoint 18",NA,42,25
"1299","User #25335","Timepoint 19",NA,42,25
"1300","User #25335","Timepoint 20",NA,42,25
"1301","User #25335","Timepoint 21",NA,42,25
"1302","User #25335","Timepoint 22",NA,42,25
"1303","User #25335","Timepoint 23",NA,42,25
"1304","User #25335","Timepoint 24",NA,42,25
"1305","User #25335","Timepoint 25",10.0176661014557,42,25
"1306","User #25335","Timepoint 26",10.3115954399109,42,25
"1307","User #25335","Timepoint 27",9.91243433952332,42,25
"1308","User #25335","Timepoint 28",10.0393967628479,42,25
"1309","User #25335","Timepoint 29",10.1480901241302,42,25
"1310","User #25335","Timepoint 30",10.2907567024231,42,25
"1311","User #25335","Timepoint 31",10.2818174362183,42,25
"1312","User #25335","Timepoint 32",10.3510293960571,42,25
"1313","User #25335","Timepoint 33",7.59172815084457,42,25
"1314","User #25335","Timepoint 34",7.32512918114662,42,25
"1315","User #25335","Timepoint 35",7.20099827647209,42,25
"1316","User #25335","Timepoint 36",7.23659482598305,42,25
"1317","User #25335","Timepoint 37",8.50585961341858,42,25
"1318","User #25335","Timepoint 38",11.4931406974792,42,25
"1319","User #25335","Timepoint 39",10.4704775810242,42,25
"1320","User #25335","Timepoint 40",7.77365428209305,42,25
"1321","User #25335","Timepoint 41",9.48460841178894,42,25
"1322","User #25335","Timepoint 42",8.152135014534,42,25
"1323","User #25335","Timepoint 43",15.1736574172974,42,25
"1324","User #25335","Timepoint 44",13.893630027771,42,25
"1325","User #25335","Timepoint 45",6.50875163078308,42,25
"1326","User #25335","Timepoint 46",7.80372124910355,42,25
"1327","User #25335","Timepoint 47",11.2175645828247,42,25
"1328","User #25335","Timepoint 48",10.1400871276855,42,25
"1329","User #25335","Timepoint 49",8.96878504753113,42,25
"1330","User #25335","Timepoint 50",12.1884441375732,42,25
"1331","User #25335","Timepoint 51",9.90508890151978,42,25
"1332","User #25335","Timepoint 52",7.32698711752892,42,25
"1333","User #25335","Timepoint 53",10.8530645370483,42,25
"1334","User #25335","Timepoint 54",9.24331092834473,42,25
"1335","User #25335","Timepoint 55",9.57947635650635,42,25
"1336","User #25335","Timepoint 56",8.86185717582703,42,25
"1337","User #25335","Timepoint 57",7.97775572538376,42,25
"1338","User #25335","Timepoint 58",8.35726118087769,42,25
"1339","User #25335","Timepoint 59",8.26398706436157,42,25
"1340","User #25335","Timepoint 60",8.98522734642029,42,25
"1341","User #25335","Timepoint 61",7.90605390071869,42,25
"1342","User #25335","Timepoint 62",8.66896307468414,42,25
"1343","User #25335","Timepoint 63",9.4674072265625,42,25
"1344","User #25335","Timepoint 64",9.63244295120239,42,25
"1345","User #25329","Timepoint 1",0,42,25
"1346","User #25329","Timepoint 2",0,42,25
"1347","User #25329","Timepoint 3",0,42,25
"1348","User #25329","Timepoint 4",0,42,25
"1349","User #25329","Timepoint 5",0,42,25
"1350","User #25329","Timepoint 6",0,42,25
"1351","User #25329","Timepoint 7",0,42,25
"1352","User #25329","Timepoint 8",0,42,25
"1353","User #25329","Timepoint 9",0,42,25
"1354","User #25329","Timepoint 10",0,42,25
"1355","User #25329","Timepoint 11",0,42,25
"1356","User #25329","Timepoint 12",0,42,25
"1357","User #25329","Timepoint 13",0,42,25
"1358","User #25329","Timepoint 14",0,42,25
"1359","User #25329","Timepoint 15",0,42,25
"1360","User #25329","Timepoint 16",0,42,25
"1361","User #25329","Timepoint 17",NA,42,25
"1362","User #25329","Timepoint 18",NA,42,25
"1363","User #25329","Timepoint 19",NA,42,25
"1364","User #25329","Timepoint 20",NA,42,25
"1365","User #25329","Timepoint 21",NA,42,25
"1366","User #25329","Timepoint 22",NA,42,25
"1367","User #25329","Timepoint 23",NA,42,25
"1368","User #25329","Timepoint 24",NA,42,25
"1369","User #25329","Timepoint 25",8.4397087097168,42,25
"1370","User #25329","Timepoint 26",8.47518202662468,42,25
"1371","User #25329","Timepoint 27",8.39426144957542,42,25
"1372","User #25329","Timepoint 28",8.4854893386364,42,25
"1373","User #25329","Timepoint 29",8.38912802934647,42,25
"1374","User #25329","Timepoint 30",8.54326602816582,42,25
"1375","User #25329","Timepoint 31",8.53322803974152,42,25
"1376","User #25329","Timepoint 32",8.55766952037811,42,25
"1377","User #25329","Timepoint 33",6.45401609688997,42,25
"1378","User #25329","Timepoint 34",6.26352619379759,42,25
"1379","User #25329","Timepoint 35",6.90067137777805,42,25
"1380","User #25329","Timepoint 36",7.44180922210217,42,25
"1381","User #25329","Timepoint 37",7.47995376586914,42,25
"1382","User #25329","Timepoint 38",6.93739879131317,42,25
"1383","User #25329","Timepoint 39",6.70769941061735,42,25
"1384","User #25329","Timepoint 40",7.53475788235664,42,25
"1385","User #25329","Timepoint 41",8.73311495780945,42,25
"1386","User #25329","Timepoint 42",10.7523292303085,42,25
"1387","User #25329","Timepoint 43",11.5105959177017,42,25
"1388","User #25329","Timepoint 44",12.8590580224991,42,25
"1389","User #25329","Timepoint 45",7.55933819711208,42,25
"1390","User #25329","Timepoint 46",6.52136337012053,42,25
"1391","User #25329","Timepoint 47",7.68072855472565,42,25
"1392","User #25329","Timepoint 48",7.07637122273445,42,25
"1393","User #25329","Timepoint 49",6.90284734964371,42,25
"1394","User #25329","Timepoint 50",6.2681148648262,42,25
"1395","User #25329","Timepoint 51",6.30905635282397,42,25
"1396","User #25329","Timepoint 52",7.20139066874981,42,25
"1397","User #25329","Timepoint 53",7.95350077748299,42,25
"1398","User #25329","Timepoint 54",7.55753147602081,42,25
"1399","User #25329","Timepoint 55",7.63327576220036,42,25
"1400","User #25329","Timepoint 56",8.53786537051201,42,25
"1401","User #25329","Timepoint 57",6.14066185802221,42,25
"1402","User #25329","Timepoint 58",7.31626427173615,42,25
"1403","User #25329","Timepoint 59",8.08605700731277,42,25
"1404","User #25329","Timepoint 60",11.5615879893303,42,25
"1405","User #25329","Timepoint 61",9.49864774942398,42,25
"1406","User #25329","Timepoint 62",8.18393850326538,42,25
"1407","User #25329","Timepoint 63",9.02692466974258,42,25
"1408","User #25329","Timepoint 64",10.930823802948,42,25
"1409","User #25381","Timepoint 1",0,42,25
"1410","User #25381","Timepoint 2",0,42,25
"1411","User #25381","Timepoint 3",0,42,25
"1412","User #25381","Timepoint 4",0,42,25
"1413","User #25381","Timepoint 5",0,42,25
"1414","User #25381","Timepoint 6",0,42,25
"1415","User #25381","Timepoint 7",0,42,25
"1416","User #25381","Timepoint 8",0,42,25
"1417","User #25381","Timepoint 9",0,42,25
"1418","User #25381","Timepoint 10",0,42,25
"1419","User #25381","Timepoint 11",0,42,25
"1420","User #25381","Timepoint 12",0,42,25
"1421","User #25381","Timepoint 13",0,42,25
"1422","User #25381","Timepoint 14",0,42,25
"1423","User #25381","Timepoint 15",0,42,25
"1424","User #25381","Timepoint 16",0,42,25
"1425","User #25381","Timepoint 17",NA,42,25
"1426","User #25381","Timepoint 18",NA,42,25
"1427","User #25381","Timepoint 19",NA,42,25
"1428","User #25381","Timepoint 20",NA,42,25
"1429","User #25381","Timepoint 21",NA,42,25
"1430","User #25381","Timepoint 22",NA,42,25
"1431","User #25381","Timepoint 23",NA,42,25
"1432","User #25381","Timepoint 24",NA,42,25
"1433","User #25381","Timepoint 25",9.29106524586678,42,25
"1434","User #25381","Timepoint 26",9.38707211613655,42,25
"1435","User #25381","Timepoint 27",9.18232569098473,42,25
"1436","User #25381","Timepoint 28",9.1805724799633,42,25
"1437","User #25381","Timepoint 29",9.19600027799606,42,25
"1438","User #25381","Timepoint 30",9.21215572953224,42,25
"1439","User #25381","Timepoint 31",9.31492364406586,42,25
"1440","User #25381","Timepoint 32",9.30678510665894,42,25
"1441","User #25381","Timepoint 33",10.9764248728752,42,25
"1442","User #25381","Timepoint 34",9.81508612632751,42,25
"1443","User #25381","Timepoint 35",6.84461460635066,42,25
"1444","User #25381","Timepoint 36",9.87111315131187,42,25
"1445","User #25381","Timepoint 37",8.04174572229385,42,25
"1446","User #25381","Timepoint 38",9.3314228951931,42,25
"1447","User #25381","Timepoint 39",9.69067239761353,42,25
"1448","User #25381","Timepoint 40",8.73014223575592,42,25
"1449","User #25381","Timepoint 41",8.86881133913994,42,25
"1450","User #25381","Timepoint 42",7.4147571772337,42,25
"1451","User #25381","Timepoint 43",9.96049186587334,42,25
"1452","User #25381","Timepoint 44",9.83197131752968,42,25
"1453","User #25381","Timepoint 45",8.70057818293571,42,25
"1454","User #25381","Timepoint 46",9.18554213643074,42,25
"1455","User #25381","Timepoint 47",10.0849462747574,42,25
"1456","User #25381","Timepoint 48",10.0211153328419,42,25
"1457","User #25381","Timepoint 49",9.52047538757324,42,25
"1458","User #25381","Timepoint 50",7.87716296315193,42,25
"1459","User #25381","Timepoint 51",9.42685049772263,42,25
"1460","User #25381","Timepoint 52",8.02067872881889,42,25
"1461","User #25381","Timepoint 53",8.20329007506371,42,25
"1462","User #25381","Timepoint 54",9.96068489551544,42,25
"1463","User #25381","Timepoint 55",9.18560665845871,42,25
"1464","User #25381","Timepoint 56",9.34357416629791,42,25
"1465","User #25381","Timepoint 57",8.32317379117012,42,25
"1466","User #25381","Timepoint 58",8.09669968485832,42,25
"1467","User #25381","Timepoint 59",8.83791890740395,42,25
"1468","User #25381","Timepoint 60",8.72967150807381,42,25
"1469","User #25381","Timepoint 61",8.16450779139996,42,25
"1470","User #25381","Timepoint 62",7.57591147720814,42,25
"1471","User #25381","Timepoint 63",8.12492389976978,42,25
"1472","User #25381","Timepoint 64",9.06491053104401,42,25
"1473","User #25312","Timepoint 1",0,42,25
"1474","User #25312","Timepoint 2",0,42,25
"1475","User #25312","Timepoint 3",0,42,25
"1476","User #25312","Timepoint 4",0,42,25
"1477","User #25312","Timepoint 5",0,42,25
"1478","User #25312","Timepoint 6",0,42,25
"1479","User #25312","Timepoint 7",0,42,25
"1480","User #25312","Timepoint 8",0,42,25
"1481","User #25312","Timepoint 9",0,42,25
"1482","User #25312","Timepoint 10",0,42,25
"1483","User #25312","Timepoint 11",0,42,25
"1484","User #25312","Timepoint 12",0,42,25
"1485","User #25312","Timepoint 13",0,42,25
"1486","User #25312","Timepoint 14",0,42,25
"1487","User #25312","Timepoint 15",0,42,25
"1488","User #25312","Timepoint 16",0,42,25
"1489","User #25312","Timepoint 17",NA,42,25
"1490","User #25312","Timepoint 18",NA,42,25
"1491","User #25312","Timepoint 19",NA,42,25
"1492","User #25312","Timepoint 20",NA,42,25
"1493","User #25312","Timepoint 21",NA,42,25
"1494","User #25312","Timepoint 22",NA,42,25
"1495","User #25312","Timepoint 23",NA,42,25
"1496","User #25312","Timepoint 24",NA,42,25
"1497","User #25312","Timepoint 25",14.1435110270977,42,25
"1498","User #25312","Timepoint 26",14.1020632982254,42,25
"1499","User #25312","Timepoint 27",13.8081070482731,42,25
"1500","User #25312","Timepoint 28",13.8480443954468,42,25
"1501","User #25312","Timepoint 29",13.7118290066719,42,25
"1502","User #25312","Timepoint 30",13.6050148010254,42,25
"1503","User #25312","Timepoint 31",13.8071672320366,42,25
"1504","User #25312","Timepoint 32",13.8426606059074,42,25
"1505","User #25312","Timepoint 33",12.0063288584352,42,25
"1506","User #25312","Timepoint 34",12.7790616154671,42,25
"1507","User #25312","Timepoint 35",13.8549816310406,42,25
"1508","User #25312","Timepoint 36",15.1575500965118,42,25
"1509","User #25312","Timepoint 37",14.2260957956314,42,25
"1510","User #25312","Timepoint 38",17.2359539270401,42,25
"1511","User #25312","Timepoint 39",15.9880403876305,42,25
"1512","User #25312","Timepoint 40",16.9292856454849,42,25
"1513","User #25312","Timepoint 41",14.1487063169479,42,25
"1514","User #25312","Timepoint 42",14.4535092711449,42,25
"1515","User #25312","Timepoint 43",15.4337311983109,42,25
"1516","User #25312","Timepoint 44",16.3015509843826,42,25
"1517","User #25312","Timepoint 45",14.6312971115112,42,25
"1518","User #25312","Timepoint 46",15.0599120259285,42,25
"1519","User #25312","Timepoint 47",14.9332694411278,42,25
"1520","User #25312","Timepoint 48",15.5980606079102,42,25
"1521","User #25312","Timepoint 49",12.4169090986252,42,25
"1522","User #25312","Timepoint 50",12.5323796272278,42,25
"1523","User #25312","Timepoint 51",14.6423904895782,42,25
"1524","User #25312","Timepoint 52",14.3321926593781,42,25
"1525","User #25312","Timepoint 53",12.5999514460564,42,25
"1526","User #25312","Timepoint 54",12.3382225632668,42,25
"1527","User #25312","Timepoint 55",13.4962085485458,42,25
"1528","User #25312","Timepoint 56",13.2838720083237,42,25
"1529","User #25312","Timepoint 57",11.7709355354309,42,25
"1530","User #25312","Timepoint 58",12.9528943896294,42,25
"1531","User #25312","Timepoint 59",14.5545477867126,42,25
"1532","User #25312","Timepoint 60",14.78315782547,42,25
"1533","User #25312","Timepoint 61",11.2121381014585,42,25
"1534","User #25312","Timepoint 62",13.7918298244476,42,25
"1535","User #25312","Timepoint 63",13.321453332901,42,25
"1536","User #25312","Timepoint 64",15.4441907405853,42,25
"1537","User #25322","Timepoint 1",0,42,25
"1538","User #25322","Timepoint 2",0,42,25
"1539","User #25322","Timepoint 3",0,42,25
"1540","User #25322","Timepoint 4",0,42,25
"1541","User #25322","Timepoint 5",0,42,25
"1542","User #25322","Timepoint 6",0,42,25
"1543","User #25322","Timepoint 7",0,42,25
"1544","User #25322","Timepoint 8",0,42,25
"1545","User #25322","Timepoint 9",0,42,25
"1546","User #25322","Timepoint 10",0,42,25
"1547","User #25322","Timepoint 11",0,42,25
"1548","User #25322","Timepoint 12",0,42,25
"1549","User #25322","Timepoint 13",0,42,25
"1550","User #25322","Timepoint 14",0,42,25
"1551","User #25322","Timepoint 15",0,42,25
"1552","User #25322","Timepoint 16",0,42,25
"1553","User #25322","Timepoint 17",NA,42,25
"1554","User #25322","Timepoint 18",NA,42,25
"1555","User #25322","Timepoint 19",NA,42,25
"1556","User #25322","Timepoint 20",NA,42,25
"1557","User #25322","Timepoint 21",NA,42,25
"1558","User #25322","Timepoint 22",NA,42,25
"1559","User #25322","Timepoint 23",NA,42,25
"1560","User #25322","Timepoint 24",NA,42,25
"1561","User #25322","Timepoint 25",9.38173675537109,42,25
"1562","User #25322","Timepoint 26",9.45702743530273,42,25
"1563","User #25322","Timepoint 27",9.51789236068726,42,25
"1564","User #25322","Timepoint 28",9.69645833969116,42,25
"1565","User #25322","Timepoint 29",9.64297080039978,42,25
"1566","User #25322","Timepoint 30",9.679194688797,42,25
"1567","User #25322","Timepoint 31",9.73323559761047,42,25
"1568","User #25322","Timepoint 32",9.70279121398926,42,25
"1569","User #25322","Timepoint 33",9.63425207138062,42,25
"1570","User #25322","Timepoint 34",8.95447778701782,42,25
"1571","User #25322","Timepoint 35",9.39992117881775,42,25
"1572","User #25322","Timepoint 36",8.94144761562347,42,25
"1573","User #25322","Timepoint 37",9.60528874397278,42,25
"1574","User #25322","Timepoint 38",8.82015693187714,42,25
"1575","User #25322","Timepoint 39",9.3977792263031,42,25
"1576","User #25322","Timepoint 40",8.27687585353851,42,25
"1577","User #25322","Timepoint 41",10.2567126750946,42,25
"1578","User #25322","Timepoint 42",8.89628553390503,42,25
"1579","User #25322","Timepoint 43",10.2945952415466,42,25
"1580","User #25322","Timepoint 44",9.28875160217285,42,25
"1581","User #25322","Timepoint 45",9.46131157875061,42,25
"1582","User #25322","Timepoint 46",7.06209740042686,42,25
"1583","User #25322","Timepoint 47",7.85149711370468,42,25
"1584","User #25322","Timepoint 48",8.10401391983032,42,25
"1585","User #25322","Timepoint 49",8.29468065500259,42,25
"1586","User #25322","Timepoint 50",7.60401326417923,42,25
"1587","User #25322","Timepoint 51",7.89654007554054,42,25
"1588","User #25322","Timepoint 52",7.94869008660316,42,25
"1589","User #25322","Timepoint 53",8.72607517242432,42,25
"1590","User #25322","Timepoint 54",7.79906180500984,42,25
"1591","User #25322","Timepoint 55",8.45723092556,42,25
"1592","User #25322","Timepoint 56",8.19951614737511,42,25
"1593","User #25322","Timepoint 57",9.04974126815796,42,25
"1594","User #25322","Timepoint 58",8.68241918087006,42,25
"1595","User #25322","Timepoint 59",8.46720212697983,42,25
"1596","User #25322","Timepoint 60",9.07702434062958,42,25
"1597","User #25322","Timepoint 61",8.56285560131073,42,25
"1598","User #25322","Timepoint 62",8.65483337640762,42,25
"1599","User #25322","Timepoint 63",9.32478910684586,42,25
"1600","User #25322","Timepoint 64",8.77750384807587,42,25
"1601","User #25396","Timepoint 1",0,42,25
"1602","User #25396","Timepoint 2",0,42,25
"1603","User #25396","Timepoint 3",0,42,25
"1604","User #25396","Timepoint 4",0,42,25
"1605","User #25396","Timepoint 5",0,42,25
"1606","User #25396","Timepoint 6",0,42,25
"1607","User #25396","Timepoint 7",0,42,25
"1608","User #25396","Timepoint 8",0,42,25
"1609","User #25396","Timepoint 9",0,42,25
"1610","User #25396","Timepoint 10",0,42,25
"1611","User #25396","Timepoint 11",0,42,25
"1612","User #25396","Timepoint 12",0,42,25
"1613","User #25396","Timepoint 13",0,42,25
"1614","User #25396","Timepoint 14",0,42,25
"1615","User #25396","Timepoint 15",0,42,25
"1616","User #25396","Timepoint 16",0,42,25
"1617","User #25396","Timepoint 17",NA,42,25
"1618","User #25396","Timepoint 18",NA,42,25
"1619","User #25396","Timepoint 19",NA,42,25
"1620","User #25396","Timepoint 20",NA,42,25
"1621","User #25396","Timepoint 21",NA,42,25
"1622","User #25396","Timepoint 22",NA,42,25
"1623","User #25396","Timepoint 23",NA,42,25
"1624","User #25396","Timepoint 24",NA,42,25
"1625","User #25396","Timepoint 25",7.78084269165993,42,25
"1626","User #25396","Timepoint 26",7.67195761203766,42,25
"1627","User #25396","Timepoint 27",7.47938600182533,42,25
"1628","User #25396","Timepoint 28",7.02112938463688,42,25
"1629","User #25396","Timepoint 29",6.98422245681286,42,25
"1630","User #25396","Timepoint 30",6.7416760623455,42,25
"1631","User #25396","Timepoint 31",6.77819420397282,42,25
"1632","User #25396","Timepoint 32",6.49074025452137,42,25
"1633","User #25396","Timepoint 33",8.22058066725731,42,25
"1634","User #25396","Timepoint 34",5.75438074022532,42,25
"1635","User #25396","Timepoint 35",9.38969495892525,42,25
"1636","User #25396","Timepoint 36",6.79744844138622,42,25
"1637","User #25396","Timepoint 37",8.12340021133423,42,25
"1638","User #25396","Timepoint 38",8.21573042869568,42,25
"1639","User #25396","Timepoint 39",8.18803930282593,42,25
"1640","User #25396","Timepoint 40",11.0021813511848,42,25
"1641","User #25396","Timepoint 41",7.21852266788483,42,25
"1642","User #25396","Timepoint 42",5.95573343336582,42,25
"1643","User #25396","Timepoint 43",7.82368266582489,42,25
"1644","User #25396","Timepoint 44",8.40919494628906,42,25
"1645","User #25396","Timepoint 45",7.92545104026794,42,25
"1646","User #25396","Timepoint 46",10.095497071743,42,25
"1647","User #25396","Timepoint 47",13.2134304046631,42,25
"1648","User #25396","Timepoint 48",7.03986313939095,42,25
"1649","User #25396","Timepoint 49",6.620520144701,42,25
"1650","User #25396","Timepoint 50",8.00944924354553,42,25
"1651","User #25396","Timepoint 51",8.45644608139992,42,25
"1652","User #25396","Timepoint 52",8.3991160094738,42,25
"1653","User #25396","Timepoint 53",7.52441921830177,42,25
"1654","User #25396","Timepoint 54",7.61852666735649,42,25
"1655","User #25396","Timepoint 55",8.94796597957611,42,25
"1656","User #25396","Timepoint 56",8.52195796370506,42,25
"1657","User #25396","Timepoint 57",6.80568134784698,42,25
"1658","User #25396","Timepoint 58",7.54012033343315,42,25
"1659","User #25396","Timepoint 59",7.52131751179695,42,25
"1660","User #25396","Timepoint 60",8.31213036179543,42,25
"1661","User #25396","Timepoint 61",7.02657534182072,42,25
"1662","User #25396","Timepoint 62",7.02163082361221,42,25
"1663","User #25396","Timepoint 63",9.20071429014206,42,25
"1664","User #25396","Timepoint 64",8.86900255084038,42,25
"1665","User #25312","Timepoint 1",0,42,25
"1666","User #25312","Timepoint 2",0,42,25
"1667","User #25312","Timepoint 3",0,42,25
"1668","User #25312","Timepoint 4",0,42,25
"1669","User #25312","Timepoint 5",0,42,25
"1670","User #25312","Timepoint 6",0,42,25
"1671","User #25312","Timepoint 7",0,42,25
"1672","User #25312","Timepoint 8",0,42,25
"1673","User #25312","Timepoint 9",0,42,25
"1674","User #25312","Timepoint 10",0,42,25
"1675","User #25312","Timepoint 11",0,42,25
"1676","User #25312","Timepoint 12",0,42,25
"1677","User #25312","Timepoint 13",0,42,25
"1678","User #25312","Timepoint 14",0,42,25
"1679","User #25312","Timepoint 15",0,42,25
"1680","User #25312","Timepoint 16",0,42,25
"1681","User #25312","Timepoint 17",NA,42,25
"1682","User #25312","Timepoint 18",NA,42,25
"1683","User #25312","Timepoint 19",NA,42,25
"1684","User #25312","Timepoint 20",NA,42,25
"1685","User #25312","Timepoint 21",NA,42,25
"1686","User #25312","Timepoint 22",NA,42,25
"1687","User #25312","Timepoint 23",NA,42,25
"1688","User #25312","Timepoint 24",NA,42,25
"1689","User #25312","Timepoint 25",8.0026730298996,42,25
"1690","User #25312","Timepoint 26",8.02689588069916,42,25
"1691","User #25312","Timepoint 27",7.63413009047508,42,25
"1692","User #25312","Timepoint 28",7.66724187135696,42,25
"1693","User #25312","Timepoint 29",7.84469816088676,42,25
"1694","User #25312","Timepoint 30",7.79403924942017,42,25
"1695","User #25312","Timepoint 31",7.42278242111206,42,25
"1696","User #25312","Timepoint 32",7.46847835183144,42,25
"1697","User #25312","Timepoint 33",8.09207364916801,42,25
"1698","User #25312","Timepoint 34",9.34494090080261,42,25
"1699","User #25312","Timepoint 35",12.3035116195679,42,25
"1700","User #25312","Timepoint 36",9.62859809398651,42,25
"1701","User #25312","Timepoint 37",5.86528964340687,42,25
"1702","User #25312","Timepoint 38",6.19819059967995,42,25
"1703","User #25312","Timepoint 39",7.646439909935,42,25
"1704","User #25312","Timepoint 40",6.31667628884315,42,25
"1705","User #25312","Timepoint 41",8.81719017028809,42,25
"1706","User #25312","Timepoint 42",6.82783535122871,42,25
"1707","User #25312","Timepoint 43",6.48759892582893,42,25
"1708","User #25312","Timepoint 44",6.2786907106638,42,25
"1709","User #25312","Timepoint 45",12.2194050550461,42,25
"1710","User #25312","Timepoint 46",6.76035863161087,42,25
"1711","User #25312","Timepoint 47",8.22953152656555,42,25
"1712","User #25312","Timepoint 48",7.0963970720768,42,25
"1713","User #25312","Timepoint 49",10.5378845930099,42,25
"1714","User #25312","Timepoint 50",7.28164330124855,42,25
"1715","User #25312","Timepoint 51",8.0151843726635,42,25
"1716","User #25312","Timepoint 52",6.87963768839836,42,25
"1717","User #25312","Timepoint 53",7.91127407550812,42,25
"1718","User #25312","Timepoint 54",8.08981350064278,42,25
"1719","User #25312","Timepoint 55",8.64589327573776,42,25
"1720","User #25312","Timepoint 56",7.27757069468498,42,25
"1721","User #25312","Timepoint 57",9.7618705034256,42,25
"1722","User #25312","Timepoint 58",9.30156624317169,42,25
"1723","User #25312","Timepoint 59",9.19283878803253,42,25
"1724","User #25312","Timepoint 60",8.17342022061348,42,25
"1725","User #25312","Timepoint 61",8.1774554848671,42,25
"1726","User #25312","Timepoint 62",8.13064742088318,42,25
"1727","User #25312","Timepoint 63",8.14361500740051,42,25
"1728","User #25312","Timepoint 64",7.28109756112099,42,25
"1729","User #25366","Timepoint 1",0,42,25
"1730","User #25366","Timepoint 2",0,42,25
"1731","User #25366","Timepoint 3",0,42,25
"1732","User #25366","Timepoint 4",0,42,25
"1733","User #25366","Timepoint 5",0,42,25
"1734","User #25366","Timepoint 6",0,42,25
"1735","User #25366","Timepoint 7",0,42,25
"1736","User #25366","Timepoint 8",0,42,25
"1737","User #25366","Timepoint 9",0,42,25
"1738","User #25366","Timepoint 10",0,42,25
"1739","User #25366","Timepoint 11",0,42,25
"1740","User #25366","Timepoint 12",0,42,25
"1741","User #25366","Timepoint 13",0,42,25
"1742","User #25366","Timepoint 14",0,42,25
"1743","User #25366","Timepoint 15",0,42,25
"1744","User #25366","Timepoint 16",0,42,25
"1745","User #25366","Timepoint 17",NA,42,25
"1746","User #25366","Timepoint 18",NA,42,25
"1747","User #25366","Timepoint 19",NA,42,25
"1748","User #25366","Timepoint 20",NA,42,25
"1749","User #25366","Timepoint 21",NA,42,25
"1750","User #25366","Timepoint 22",NA,42,25
"1751","User #25366","Timepoint 23",NA,42,25
"1752","User #25366","Timepoint 24",NA,42,25
"1753","User #25366","Timepoint 25",9.28161174058914,42,25
"1754","User #25366","Timepoint 26",9.47701382637024,42,25
"1755","User #25366","Timepoint 27",9.32285684347153,42,25
"1756","User #25366","Timepoint 28",9.30495861172676,42,25
"1757","User #25366","Timepoint 29",9.35440254211426,42,25
"1758","User #25366","Timepoint 30",9.6014951467514,42,25
"1759","User #25366","Timepoint 31",9.62125068902969,42,25
"1760","User #25366","Timepoint 32",9.36942958831787,42,25
"1761","User #25366","Timepoint 33",9.42206305265427,42,25
"1762","User #25366","Timepoint 34",7.11869549751282,42,25
"1763","User #25366","Timepoint 35",9.18290704488754,42,25
"1764","User #25366","Timepoint 36",11.7964736223221,42,25
"1765","User #25366","Timepoint 37",12.6093218326569,42,25
"1766","User #25366","Timepoint 38",9.33921235799789,42,25
"1767","User #25366","Timepoint 39",6.49495813250542,42,25
"1768","User #25366","Timepoint 40",8.73591187596321,42,25
"1769","User #25366","Timepoint 41",7.99479240179062,42,25
"1770","User #25366","Timepoint 42",10.0733371376991,42,25
"1771","User #25366","Timepoint 43",6.45585040748119,42,25
"1772","User #25366","Timepoint 44",7.71488216519356,42,25
"1773","User #25366","Timepoint 45",6.11406161636114,42,25
"1774","User #25366","Timepoint 46",7.90241983532906,42,25
"1775","User #25366","Timepoint 47",7.75620800256729,42,25
"1776","User #25366","Timepoint 48",8.90869724750519,42,25
"1777","User #25366","Timepoint 49",9.68972647190094,42,25
"1778","User #25366","Timepoint 50",7.98794138431549,42,25
"1779","User #25366","Timepoint 51",5.66434436291456,42,25
"1780","User #25366","Timepoint 52",7.87760388851166,42,25
"1781","User #25366","Timepoint 53",7.56406474113464,42,25
"1782","User #25366","Timepoint 54",8.74708360433578,42,25
"1783","User #25366","Timepoint 55",5.93745374679565,42,25
"1784","User #25366","Timepoint 56",8.57311373949051,42,25
"1785","User #25366","Timepoint 57",6.95239904522896,42,25
"1786","User #25366","Timepoint 58",9.20840048789978,42,25
"1787","User #25366","Timepoint 59",6.47507974505424,42,25
"1788","User #25366","Timepoint 60",11.2639074325562,42,25
"1789","User #25366","Timepoint 61",8.11822021007538,42,25
"1790","User #25366","Timepoint 62",7.76757878065109,42,25
"1791","User #25366","Timepoint 63",7.07721590995789,42,25
"1792","User #25366","Timepoint 64",7.23430368304253,42,25
"1793","User #25396","Timepoint 1",0,42,25
"1794","User #25396","Timepoint 2",0,42,25
"1795","User #25396","Timepoint 3",0,42,25
"1796","User #25396","Timepoint 4",0,42,25
"1797","User #25396","Timepoint 5",0,42,25
"1798","User #25396","Timepoint 6",0,42,25
"1799","User #25396","Timepoint 7",0,42,25
"1800","User #25396","Timepoint 8",0,42,25
"1801","User #25396","Timepoint 9",0,42,25
"1802","User #25396","Timepoint 10",0,42,25
"1803","User #25396","Timepoint 11",0,42,25
"1804","User #25396","Timepoint 12",0,42,25
"1805","User #25396","Timepoint 13",0,42,25
"1806","User #25396","Timepoint 14",0,42,25
"1807","User #25396","Timepoint 15",0,42,25
"1808","User #25396","Timepoint 16",0,42,25
"1809","User #25396","Timepoint 17",NA,42,25
"1810","User #25396","Timepoint 18",NA,42,25
"1811","User #25396","Timepoint 19",NA,42,25
"1812","User #25396","Timepoint 20",NA,42,25
"1813","User #25396","Timepoint 21",NA,42,25
"1814","User #25396","Timepoint 22",NA,42,25
"1815","User #25396","Timepoint 23",NA,42,25
"1816","User #25396","Timepoint 24",NA,42,25
"1817","User #25396","Timepoint 25",7.86975502967834,42,25
"1818","User #25396","Timepoint 26",7.91486787796021,42,25
"1819","User #25396","Timepoint 27",7.85221970081329,42,25
"1820","User #25396","Timepoint 28",7.84982335567474,42,25
"1821","User #25396","Timepoint 29",7.91215991973877,42,25
"1822","User #25396","Timepoint 30",7.94914186000824,42,25
"1823","User #25396","Timepoint 31",7.80819034576416,42,25
"1824","User #25396","Timepoint 32",7.64623498916626,42,25
"1825","User #25396","Timepoint 33",7.19970095157623,42,25
"1826","User #25396","Timepoint 34",8.7934455871582,42,25
"1827","User #25396","Timepoint 35",8.85393667221069,42,25
"1828","User #25396","Timepoint 36",6.2426293939352,42,25
"1829","User #25396","Timepoint 37",6.70590782165527,42,25
"1830","User #25396","Timepoint 38",8.78184103965759,42,25
"1831","User #25396","Timepoint 39",9.6790189743042,42,25
"1832","User #25396","Timepoint 40",7.84645938873291,42,25
"1833","User #25396","Timepoint 41",6.82327163219452,42,25
"1834","User #25396","Timepoint 42",8.19301915168762,42,25
"1835","User #25396","Timepoint 43",8.24325513839722,42,25
"1836","User #25396","Timepoint 44",9.06988000869751,42,25
"1837","User #25396","Timepoint 45",7.53728580474854,42,25
"1838","User #25396","Timepoint 46",7.54754889011383,42,25
"1839","User #25396","Timepoint 47",7.99761152267456,42,25
"1840","User #25396","Timepoint 48",7.08915722370148,42,25
"1841","User #25396","Timepoint 49",8.17645838856697,42,25
"1842","User #25396","Timepoint 50",8.66319513320923,42,25
"1843","User #25396","Timepoint 51",9.47139239311218,42,25
"1844","User #25396","Timepoint 52",6.53935028612614,42,25
"1845","User #25396","Timepoint 53",7.25765711069107,42,25
"1846","User #25396","Timepoint 54",7.09910607337952,42,25
"1847","User #25396","Timepoint 55",8.86779344081879,42,25
"1848","User #25396","Timepoint 56",8.29055806994438,42,25
"1849","User #25396","Timepoint 57",10.2487472295761,42,25
"1850","User #25396","Timepoint 58",9.78173798322678,42,25
"1851","User #25396","Timepoint 59",7.96135386824608,42,25
"1852","User #25396","Timepoint 60",5.9511675350368,42,25
"1853","User #25396","Timepoint 61",7.72463685274124,42,25
"1854","User #25396","Timepoint 62",9.53790074586868,42,25
"1855","User #25396","Timepoint 63",9.24914187192917,42,25
"1856","User #25396","Timepoint 64",6.7187707722187,42,25
"1857","User #25370","Timepoint 1",0,42,25
"1858","User #25370","Timepoint 2",0,42,25
"1859","User #25370","Timepoint 3",0,42,25
"1860","User #25370","Timepoint 4",0,42,25
"1861","User #25370","Timepoint 5",0,42,25
"1862","User #25370","Timepoint 6",0,42,25
"1863","User #25370","Timepoint 7",0,42,25
"1864","User #25370","Timepoint 8",0,42,25
"1865","User #25370","Timepoint 9",0,42,25
"1866","User #25370","Timepoint 10",0,42,25
"1867","User #25370","Timepoint 11",0,42,25
"1868","User #25370","Timepoint 12",0,42,25
"1869","User #25370","Timepoint 13",0,42,25
"1870","User #25370","Timepoint 14",0,42,25
"1871","User #25370","Timepoint 15",0,42,25
"1872","User #25370","Timepoint 16",0,42,25
"1873","User #25370","Timepoint 17",NA,42,25
"1874","User #25370","Timepoint 18",NA,42,25
"1875","User #25370","Timepoint 19",NA,42,25
"1876","User #25370","Timepoint 20",NA,42,25
"1877","User #25370","Timepoint 21",NA,42,25
"1878","User #25370","Timepoint 22",NA,42,25
"1879","User #25370","Timepoint 23",NA,42,25
"1880","User #25370","Timepoint 24",NA,42,25
"1881","User #25370","Timepoint 25",12.1468842923641,42,25
"1882","User #25370","Timepoint 26",12.500883102417,42,25
"1883","User #25370","Timepoint 27",12.1624494493008,42,25
"1884","User #25370","Timepoint 28",12.0742056965828,42,25
"1885","User #25370","Timepoint 29",12.3296932578087,42,25
"1886","User #25370","Timepoint 30",12.4850661754608,42,25
"1887","User #25370","Timepoint 31",12.5221720933914,42,25
"1888","User #25370","Timepoint 32",12.7386736571789,42,25
"1889","User #25370","Timepoint 33",10.8134302794933,42,25
"1890","User #25370","Timepoint 34",11.6772640347481,42,25
"1891","User #25370","Timepoint 35",10.7703446596861,42,25
"1892","User #25370","Timepoint 36",12.29232442379,42,25
"1893","User #25370","Timepoint 37",11.6697209328413,42,25
"1894","User #25370","Timepoint 38",19.4201585650444,42,25
"1895","User #25370","Timepoint 39",12.2078070640564,42,25
"1896","User #25370","Timepoint 40",11.369265049696,42,25
"1897","User #25370","Timepoint 41",9.7165944352746,42,25
"1898","User #25370","Timepoint 42",12.9097530245781,42,25
"1899","User #25370","Timepoint 43",10.3886460661888,42,25
"1900","User #25370","Timepoint 44",12.4246272742748,42,25
"1901","User #25370","Timepoint 45",9.56809700280428,42,25
"1902","User #25370","Timepoint 46",13.0711356401443,42,25
"1903","User #25370","Timepoint 47",17.1041392683983,42,25
"1904","User #25370","Timepoint 48",13.6424562335014,42,25
"1905","User #25370","Timepoint 49",9.38486555218697,42,25
"1906","User #25370","Timepoint 50",14.4187359809875,42,25
"1907","User #25370","Timepoint 51",11.1242477446795,42,25
"1908","User #25370","Timepoint 52",13.1600730717182,42,25
"1909","User #25370","Timepoint 53",8.86487514525652,42,25
"1910","User #25370","Timepoint 54",14.7363268136978,42,25
"1911","User #25370","Timepoint 55",12.9127159118652,42,25
"1912","User #25370","Timepoint 56",12.1764613687992,42,25
"1913","User #25370","Timepoint 57",10.935425311327,42,25
"1914","User #25370","Timepoint 58",14.2160975039005,42,25
"1915","User #25370","Timepoint 59",11.9301807880402,42,25
"1916","User #25370","Timepoint 60",15.2364345192909,42,25
"1917","User #25370","Timepoint 61",9.29229032248259,42,25
"1918","User #25370","Timepoint 62",12.0098437070847,42,25
"1919","User #25370","Timepoint 63",10.9349738955498,42,25
"1920","User #25370","Timepoint 64",12.5095347464085,42,25
"1921","User #25318","Timepoint 1",0,42,25
"1922","User #25318","Timepoint 2",0,42,25
"1923","User #25318","Timepoint 3",0,42,25
"1924","User #25318","Timepoint 4",0,42,25
"1925","User #25318","Timepoint 5",0,42,25
"1926","User #25318","Timepoint 6",0,42,25
"1927","User #25318","Timepoint 7",0,42,25
"1928","User #25318","Timepoint 8",0,42,25
"1929","User #25318","Timepoint 9",0,42,25
"1930","User #25318","Timepoint 10",0,42,25
"1931","User #25318","Timepoint 11",0,42,25
"1932","User #25318","Timepoint 12",0,42,25
"1933","User #25318","Timepoint 13",0,42,25
"1934","User #25318","Timepoint 14",0,42,25
"1935","User #25318","Timepoint 15",0,42,25
"1936","User #25318","Timepoint 16",0,42,25
"1937","User #25318","Timepoint 17",NA,42,25
"1938","User #25318","Timepoint 18",NA,42,25
"1939","User #25318","Timepoint 19",NA,42,25
"1940","User #25318","Timepoint 20",NA,42,25
"1941","User #25318","Timepoint 21",NA,42,25
"1942","User #25318","Timepoint 22",NA,42,25
"1943","User #25318","Timepoint 23",NA,42,25
"1944","User #25318","Timepoint 24",NA,42,25
"1945","User #25318","Timepoint 25",8.12107801437378,42,25
"1946","User #25318","Timepoint 26",8.2773916721344,42,25
"1947","User #25318","Timepoint 27",8.20902228355408,42,25
"1948","User #25318","Timepoint 28",8.29857873916626,42,25
"1949","User #25318","Timepoint 29",8.22495937347412,42,25
"1950","User #25318","Timepoint 30",8.32686114311218,42,25
"1951","User #25318","Timepoint 31",8.45064616203308,42,25
"1952","User #25318","Timepoint 32",8.31813478469849,42,25
"1953","User #25318","Timepoint 33",7.07008397579193,42,25
"1954","User #25318","Timepoint 34",8.89406847953796,42,25
"1955","User #25318","Timepoint 35",7.96325266361237,42,25
"1956","User #25318","Timepoint 36",7.97048795223236,42,25
"1957","User #25318","Timepoint 37",5.92078951001167,42,25
"1958","User #25318","Timepoint 38",7.0246889591217,42,25
"1959","User #25318","Timepoint 39",7.50420546531677,42,25
"1960","User #25318","Timepoint 40",7.08753478527069,42,25
"1961","User #25318","Timepoint 41",6.01040560007095,42,25
"1962","User #25318","Timepoint 42",8.01934289932251,42,25
"1963","User #25318","Timepoint 43",7.88315486907959,42,25
"1964","User #25318","Timepoint 44",8.77932071685791,42,25
"1965","User #25318","Timepoint 45",5.77335369586945,42,25
"1966","User #25318","Timepoint 46",8.11320400238037,42,25
"1967","User #25318","Timepoint 47",7.87703156471252,42,25
"1968","User #25318","Timepoint 48",8.24290585517883,42,25
"1969","User #25318","Timepoint 49",6.41643539071083,42,25
"1970","User #25318","Timepoint 50",7.42660564184189,42,25
"1971","User #25318","Timepoint 51",6.93285155296326,42,25
"1972","User #25318","Timepoint 52",7.57281500101089,42,25
"1973","User #25318","Timepoint 53",6.07595428079367,42,25
"1974","User #25318","Timepoint 54",8.36940282583237,42,25
"1975","User #25318","Timepoint 55",6.71334001421928,42,25
"1976","User #25318","Timepoint 56",7.26817202568054,42,25
"1977","User #25318","Timepoint 57",6.40472835302353,42,25
"1978","User #25318","Timepoint 58",6.58508402109146,42,25
"1979","User #25318","Timepoint 59",6.89788064360619,42,25
"1980","User #25318","Timepoint 60",7.89120662212372,42,25
"1981","User #25318","Timepoint 61",6.41018128395081,42,25
"1982","User #25318","Timepoint 62",6.24483232945204,42,25
"1983","User #25318","Timepoint 63",6.36554901301861,42,25
"1984","User #25318","Timepoint 64",7.1336570084095,42,25
"1985","User #25333","Timepoint 1",0,42,25
"1986","User #25333","Timepoint 2",0,42,25
"1987","User #25333","Timepoint 3",0,42,25
"1988","User #25333","Timepoint 4",0,42,25
"1989","User #25333","Timepoint 5",0,42,25
"1990","User #25333","Timepoint 6",0,42,25
"1991","User #25333","Timepoint 7",0,42,25
"1992","User #25333","Timepoint 8",0,42,25
"1993","User #25333","Timepoint 9",0,42,25
"1994","User #25333","Timepoint 10",0,42,25
"1995","User #25333","Timepoint 11",0,42,25
"1996","User #25333","Timepoint 12",0,42,25
"1997","User #25333","Timepoint 13",0,42,25
"1998","User #25333","Timepoint 14",0,42,25
"1999","User #25333","Timepoint 15",0,42,25
"2000","User #25333","Timepoint 16",0,42,25
"2001","User #25333","Timepoint 17",NA,42,25
"2002","User #25333","Timepoint 18",NA,42,25
"2003","User #25333","Timepoint 19",NA,42,25
"2004","User #25333","Timepoint 20",NA,42,25
"2005","User #25333","Timepoint 21",NA,42,25
"2006","User #25333","Timepoint 22",NA,42,25
"2007","User #25333","Timepoint 23",NA,42,25
"2008","User #25333","Timepoint 24",NA,42,25
"2009","User #25333","Timepoint 25",7.5668271780014,42,25
"2010","User #25333","Timepoint 26",7.68814396858215,42,25
"2011","User #25333","Timepoint 27",7.58575832843781,42,25
"2012","User #25333","Timepoint 28",7.62752711772919,42,25
"2013","User #25333","Timepoint 29",7.63484406471252,42,25
"2014","User #25333","Timepoint 30",7.70537436008453,42,25
"2015","User #25333","Timepoint 31",7.7232072353363,42,25
"2016","User #25333","Timepoint 32",7.74413275718689,42,25
"2017","User #25333","Timepoint 33",8.47809982299805,42,25
"2018","User #25333","Timepoint 34",5.91366091370583,42,25
"2019","User #25333","Timepoint 35",6.80644071102142,42,25
"2020","User #25333","Timepoint 36",7.46854054927826,42,25
"2021","User #25333","Timepoint 37",5.96444997191429,42,25
"2022","User #25333","Timepoint 38",7.0709410905838,42,25
"2023","User #25333","Timepoint 39",7.6262035369873,42,25
"2024","User #25333","Timepoint 40",7.4447135925293,42,25
"2025","User #25333","Timepoint 41",6.14243316650391,42,25
"2026","User #25333","Timepoint 42",6.44769611954689,42,25
"2027","User #25333","Timepoint 43",6.88388395309448,42,25
"2028","User #25333","Timepoint 44",7.41676902770996,42,25
"2029","User #25333","Timepoint 45",7.50953924655914,42,25
"2030","User #25333","Timepoint 46",7.13645613193512,42,25
"2031","User #25333","Timepoint 47",6.74915510416031,42,25
"2032","User #25333","Timepoint 48",6.98760688304901,42,25
"2033","User #25333","Timepoint 49",8.10506463050842,42,25
"2034","User #25333","Timepoint 50",7.77609264850616,42,25
"2035","User #25333","Timepoint 51",6.96723800897598,42,25
"2036","User #25333","Timepoint 52",7.04971432685852,42,25
"2037","User #25333","Timepoint 53",7.64350485801697,42,25
"2038","User #25333","Timepoint 54",7.06122994422913,42,25
"2039","User #25333","Timepoint 55",7.19284987449646,42,25
"2040","User #25333","Timepoint 56",6.52129298448563,42,25
"2041","User #25333","Timepoint 57",8.51101899147034,42,25
"2042","User #25333","Timepoint 58",7.46096432209015,42,25
"2043","User #25333","Timepoint 59",6.67715245485306,42,25
"2044","User #25333","Timepoint 60",6.87918454408646,42,25
"2045","User #25333","Timepoint 61",6.35252159833908,42,25
"2046","User #25333","Timepoint 62",8.51178693771362,42,25
"2047","User #25333","Timepoint 63",7.58024048805237,42,25
"2048","User #25333","Timepoint 64",7.06208074092865,42,25
"2049","User #25306","Timepoint 1",0,42,25
"2050","User #25306","Timepoint 2",0,42,25
"2051","User #25306","Timepoint 3",0,42,25
"2052","User #25306","Timepoint 4",0,42,25
"2053","User #25306","Timepoint 5",0,42,25
"2054","User #25306","Timepoint 6",0,42,25
"2055","User #25306","Timepoint 7",0,42,25
"2056","User #25306","Timepoint 8",0,42,25
"2057","User #25306","Timepoint 9",0,42,25
"2058","User #25306","Timepoint 10",0,42,25
"2059","User #25306","Timepoint 11",0,42,25
"2060","User #25306","Timepoint 12",0,42,25
"2061","User #25306","Timepoint 13",0,42,25
"2062","User #25306","Timepoint 14",0,42,25
"2063","User #25306","Timepoint 15",0,42,25
"2064","User #25306","Timepoint 16",0,42,25
"2065","User #25306","Timepoint 17",NA,42,25
"2066","User #25306","Timepoint 18",NA,42,25
"2067","User #25306","Timepoint 19",NA,42,25
"2068","User #25306","Timepoint 20",NA,42,25
"2069","User #25306","Timepoint 21",NA,42,25
"2070","User #25306","Timepoint 22",NA,42,25
"2071","User #25306","Timepoint 23",NA,42,25
"2072","User #25306","Timepoint 24",NA,42,25
"2073","User #25306","Timepoint 25",8.59905636310577,42,25
"2074","User #25306","Timepoint 26",8.5956437587738,42,25
"2075","User #25306","Timepoint 27",8.62679529190063,42,25
"2076","User #25306","Timepoint 28",8.52540981769562,42,25
"2077","User #25306","Timepoint 29",8.54553174972534,42,25
"2078","User #25306","Timepoint 30",8.48243641853333,42,25
"2079","User #25306","Timepoint 31",8.74678897857666,42,25
"2080","User #25306","Timepoint 32",8.74337983131409,42,25
"2081","User #25306","Timepoint 33",6.99958862364292,42,25
"2082","User #25306","Timepoint 34",9.40755486488342,42,25
"2083","User #25306","Timepoint 35",7.55097883939743,42,25
"2084","User #25306","Timepoint 36",9.05011415481567,42,25
"2085","User #25306","Timepoint 37",7.41425463557243,42,25
"2086","User #25306","Timepoint 38",7.38837710022926,42,25
"2087","User #25306","Timepoint 39",8.66953015327454,42,25
"2088","User #25306","Timepoint 40",10.1016533374786,42,25
"2089","User #25306","Timepoint 41",7.44399774074554,42,25
"2090","User #25306","Timepoint 42",9.50823211669922,42,25
"2091","User #25306","Timepoint 43",8.44194281101227,42,25
"2092","User #25306","Timepoint 44",10.1334280967712,42,25
"2093","User #25306","Timepoint 45",7.9648072719574,42,25
"2094","User #25306","Timepoint 46",8.47008013725281,42,25
"2095","User #25306","Timepoint 47",9.30269169807434,42,25
"2096","User #25306","Timepoint 48",9.70577812194824,42,25
"2097","User #25306","Timepoint 49",7.00490956008434,42,25
"2098","User #25306","Timepoint 50",8.61036610603333,42,25
"2099","User #25306","Timepoint 51",8.49326717853546,42,25
"2100","User #25306","Timepoint 52",9.69203615188599,42,25
"2101","User #25306","Timepoint 53",8.06967282295227,42,25
"2102","User #25306","Timepoint 54",7.04202172160149,42,25
"2103","User #25306","Timepoint 55",9.34847831726074,42,25
"2104","User #25306","Timepoint 56",9.95881962776184,42,25
"2105","User #25306","Timepoint 57",8.11816573143005,42,25
"2106","User #25306","Timepoint 58",9.02641248703003,42,25
"2107","User #25306","Timepoint 59",9.74770927429199,42,25
"2108","User #25306","Timepoint 60",10.0616476535797,42,25
"2109","User #25306","Timepoint 61",7.07425892353058,42,25
"2110","User #25306","Timepoint 62",7.69443416595459,42,25
"2111","User #25306","Timepoint 63",9.00755929946899,42,25
"2112","User #25306","Timepoint 64",9.28778624534607,42,25
"2113","User #25298","Timepoint 1",0,42,25
"2114","User #25298","Timepoint 2",0,42,25
"2115","User #25298","Timepoint 3",0,42,25
"2116","User #25298","Timepoint 4",0,42,25
"2117","User #25298","Timepoint 5",0,42,25
"2118","User #25298","Timepoint 6",0,42,25
"2119","User #25298","Timepoint 7",0,42,25
"2120","User #25298","Timepoint 8",0,42,25
"2121","User #25298","Timepoint 9",0,42,25
"2122","User #25298","Timepoint 10",0,42,25
"2123","User #25298","Timepoint 11",0,42,25
"2124","User #25298","Timepoint 12",0,42,25
"2125","User #25298","Timepoint 13",0,42,25
"2126","User #25298","Timepoint 14",0,42,25
"2127","User #25298","Timepoint 15",0,42,25
"2128","User #25298","Timepoint 16",0,42,25
"2129","User #25298","Timepoint 17",NA,42,25
"2130","User #25298","Timepoint 18",NA,42,25
"2131","User #25298","Timepoint 19",NA,42,25
"2132","User #25298","Timepoint 20",NA,42,25
"2133","User #25298","Timepoint 21",NA,42,25
"2134","User #25298","Timepoint 22",NA,42,25
"2135","User #25298","Timepoint 23",NA,42,25
"2136","User #25298","Timepoint 24",NA,42,25
"2137","User #25298","Timepoint 25",11.6085339784622,42,25
"2138","User #25298","Timepoint 26",11.589361011982,42,25
"2139","User #25298","Timepoint 27",11.5549075007439,42,25
"2140","User #25298","Timepoint 28",11.4356610476971,42,25
"2141","User #25298","Timepoint 29",11.5444763898849,42,25
"2142","User #25298","Timepoint 30",11.4694592952728,42,25
"2143","User #25298","Timepoint 31",11.4585958123207,42,25
"2144","User #25298","Timepoint 32",11.5102819800377,42,25
"2145","User #25298","Timepoint 33",10.2846117019653,42,25
"2146","User #25298","Timepoint 34",16.80471098423,42,25
"2147","User #25298","Timepoint 35",13.1362322568893,42,25
"2148","User #25298","Timepoint 36",16.0943611860275,42,25
"2149","User #25298","Timepoint 37",13.1058664321899,42,25
"2150","User #25298","Timepoint 38",11.9770555496216,42,25
"2151","User #25298","Timepoint 39",11.2240639925003,42,25
"2152","User #25298","Timepoint 40",12.5791798233986,42,25
"2153","User #25298","Timepoint 41",8.21659596264362,42,25
"2154","User #25298","Timepoint 42",12.1885241270065,42,25
"2155","User #25298","Timepoint 43",12.9823807477951,42,25
"2156","User #25298","Timepoint 44",12.3224259018898,42,25
"2157","User #25298","Timepoint 45",8.88632223010063,42,25
"2158","User #25298","Timepoint 46",11.1377585530281,42,25
"2159","User #25298","Timepoint 47",11.7317830920219,42,25
"2160","User #25298","Timepoint 48",12.8335074186325,42,25
"2161","User #25298","Timepoint 49",11.4629267752171,42,25
"2162","User #25298","Timepoint 50",11.3962280154228,42,25
"2163","User #25298","Timepoint 51",12.0205470323563,42,25
"2164","User #25298","Timepoint 52",10.4684771299362,42,25
"2165","User #25298","Timepoint 53",12.7662869691849,42,25
"2166","User #25298","Timepoint 54",11.723791718483,42,25
"2167","User #25298","Timepoint 55",12.069159924984,42,25
"2168","User #25298","Timepoint 56",11.5783274769783,42,25
"2169","User #25298","Timepoint 57",13.107459127903,42,25
"2170","User #25298","Timepoint 58",10.2628833949566,42,25
"2171","User #25298","Timepoint 59",14.6976104974747,42,25
"2172","User #25298","Timepoint 60",10.224243491888,42,25
"2173","User #25298","Timepoint 61",8.65467391908169,42,25
"2174","User #25298","Timepoint 62",12.1535845994949,42,25
"2175","User #25298","Timepoint 63",11.5386066436768,42,25
"2176","User #25298","Timepoint 64",12.2556308507919,42,25
"2177","User #25325","Timepoint 1",0,42,25
"2178","User #25325","Timepoint 2",0,42,25
"2179","User #25325","Timepoint 3",0,42,25
"2180","User #25325","Timepoint 4",0,42,25
"2181","User #25325","Timepoint 5",0,42,25
"2182","User #25325","Timepoint 6",0,42,25
"2183","User #25325","Timepoint 7",0,42,25
"2184","User #25325","Timepoint 8",0,42,25
"2185","User #25325","Timepoint 9",0,42,25
"2186","User #25325","Timepoint 10",0,42,25
"2187","User #25325","Timepoint 11",0,42,25
"2188","User #25325","Timepoint 12",0,42,25
"2189","User #25325","Timepoint 13",0,42,25
"2190","User #25325","Timepoint 14",0,42,25
"2191","User #25325","Timepoint 15",0,42,25
"2192","User #25325","Timepoint 16",0,42,25
"2193","User #25325","Timepoint 17",NA,42,25
"2194","User #25325","Timepoint 18",NA,42,25
"2195","User #25325","Timepoint 19",NA,42,25
"2196","User #25325","Timepoint 20",NA,42,25
"2197","User #25325","Timepoint 21",NA,42,25
"2198","User #25325","Timepoint 22",NA,42,25
"2199","User #25325","Timepoint 23",NA,42,25
"2200","User #25325","Timepoint 24",NA,42,25
"2201","User #25325","Timepoint 25",6.74850594997406,42,25
"2202","User #25325","Timepoint 26",6.8310524225235,42,25
"2203","User #25325","Timepoint 27",6.71015322208405,42,25
"2204","User #25325","Timepoint 28",6.67553150653839,42,25
"2205","User #25325","Timepoint 29",6.72628605365753,42,25
"2206","User #25325","Timepoint 30",6.69637310504913,42,25
"2207","User #25325","Timepoint 31",6.67441368103027,42,25
"2208","User #25325","Timepoint 32",6.62498950958252,42,25
"2209","User #25325","Timepoint 33",7.87892198562622,42,25
"2210","User #25325","Timepoint 34",5.01036819815636,42,25
"2211","User #25325","Timepoint 35",8.10246443748474,42,25
"2212","User #25325","Timepoint 36",7.68869924545288,42,25
"2213","User #25325","Timepoint 37",7.29827475547791,42,25
"2214","User #25325","Timepoint 38",4.99698612093925,42,25
"2215","User #25325","Timepoint 39",6.69827914237976,42,25
"2216","User #25325","Timepoint 40",5.95493769645691,42,25
"2217","User #25325","Timepoint 41",7.89307045936584,42,25
"2218","User #25325","Timepoint 42",5.3628132045269,42,25
"2219","User #25325","Timepoint 43",6.70003139972687,42,25
"2220","User #25325","Timepoint 44",7.13085889816284,42,25
"2221","User #25325","Timepoint 45",8.99712657928467,42,25
"2222","User #25325","Timepoint 46",6.70398020744324,42,25
"2223","User #25325","Timepoint 47",5.2387837767601,42,25
"2224","User #25325","Timepoint 48",6.02778267860413,42,25
"2225","User #25325","Timepoint 49",7.50138235092163,42,25
"2226","User #25325","Timepoint 50",5.15698609501123,42,25
"2227","User #25325","Timepoint 51",5.84893131256104,42,25
"2228","User #25325","Timepoint 52",7.44991934299469,42,25
"2229","User #25325","Timepoint 53",7.71956342458725,42,25
"2230","User #25325","Timepoint 54",6.21443825960159,42,25
"2231","User #25325","Timepoint 55",5.5501517355442,42,25
"2232","User #25325","Timepoint 56",6.60358208417892,42,25
"2233","User #25325","Timepoint 57",6.9462006688118,42,25
"2234","User #25325","Timepoint 58",5.64016139507294,42,25
"2235","User #25325","Timepoint 59",5.20410779118538,42,25
"2236","User #25325","Timepoint 60",5.75156632065773,42,25
"2237","User #25325","Timepoint 61",6.15255218744278,42,25
"2238","User #25325","Timepoint 62",6.04245314002037,42,25
"2239","User #25325","Timepoint 63",5.70258735120296,42,25
"2240","User #25325","Timepoint 64",5.75267907977104,42,25
"2241","User #25319","Timepoint 1",0,42,25
"2242","User #25319","Timepoint 2",0,42,25
"2243","User #25319","Timepoint 3",0,42,25
"2244","User #25319","Timepoint 4",0,42,25
"2245","User #25319","Timepoint 5",0,42,25
"2246","User #25319","Timepoint 6",0,42,25
"2247","User #25319","Timepoint 7",0,42,25
"2248","User #25319","Timepoint 8",0,42,25
"2249","User #25319","Timepoint 9",0,42,25
"2250","User #25319","Timepoint 10",0,42,25
"2251","User #25319","Timepoint 11",0,42,25
"2252","User #25319","Timepoint 12",0,42,25
"2253","User #25319","Timepoint 13",0,42,25
"2254","User #25319","Timepoint 14",0,42,25
"2255","User #25319","Timepoint 15",0,42,25
"2256","User #25319","Timepoint 16",0,42,25
"2257","User #25319","Timepoint 17",NA,42,25
"2258","User #25319","Timepoint 18",NA,42,25
"2259","User #25319","Timepoint 19",NA,42,25
"2260","User #25319","Timepoint 20",NA,42,25
"2261","User #25319","Timepoint 21",NA,42,25
"2262","User #25319","Timepoint 22",NA,42,25
"2263","User #25319","Timepoint 23",NA,42,25
"2264","User #25319","Timepoint 24",NA,42,25
"2265","User #25319","Timepoint 25",10.1767189800739,42,25
"2266","User #25319","Timepoint 26",10.3587103486061,42,25
"2267","User #25319","Timepoint 27",10.3402854502201,42,25
"2268","User #25319","Timepoint 28",10.517678976059,42,25
"2269","User #25319","Timepoint 29",10.4841395616531,42,25
"2270","User #25319","Timepoint 30",10.6810104846954,42,25
"2271","User #25319","Timepoint 31",10.9139962792397,42,25
"2272","User #25319","Timepoint 32",10.7659410238266,42,25
"2273","User #25319","Timepoint 33",8.26122263073921,42,25
"2274","User #25319","Timepoint 34",8.54179081320763,42,25
"2275","User #25319","Timepoint 35",9.98325392603874,42,25
"2276","User #25319","Timepoint 36",7.97266924381256,42,25
"2277","User #25319","Timepoint 37",8.07319307327271,42,25
"2278","User #25319","Timepoint 38",8.92363062500954,42,25
"2279","User #25319","Timepoint 39",11.0283951759338,42,25
"2280","User #25319","Timepoint 40",10.2653488218784,42,25
"2281","User #25319","Timepoint 41",11.4873490333557,42,25
"2282","User #25319","Timepoint 42",7.82751667499542,42,25
"2283","User #25319","Timepoint 43",8.45841971039772,42,25
"2284","User #25319","Timepoint 44",10.3891123831272,42,25
"2285","User #25319","Timepoint 45",9.25771155953407,42,25
"2286","User #25319","Timepoint 46",12.4178963899612,42,25
"2287","User #25319","Timepoint 47",12.9256305098534,42,25
"2288","User #25319","Timepoint 48",11.1502393484116,42,25
"2289","User #25319","Timepoint 49",9.64276957511902,42,25
"2290","User #25319","Timepoint 50",8.55889177322388,42,25
"2291","User #25319","Timepoint 51",9.3464834690094,42,25
"2292","User #25319","Timepoint 52",10.5606694221497,42,25
"2293","User #25319","Timepoint 53",7.63153147697449,42,25
"2294","User #25319","Timepoint 54",7.00172162055969,42,25
"2295","User #25319","Timepoint 55",6.89876711368561,42,25
"2296","User #25319","Timepoint 56",7.91204571723938,42,25
"2297","User #25319","Timepoint 57",8.80487680435181,42,25
"2298","User #25319","Timepoint 58",10.9917879104614,42,25
"2299","User #25319","Timepoint 59",9.69741940498352,42,25
"2300","User #25319","Timepoint 60",8.9524986743927,42,25
"2301","User #25319","Timepoint 61",6.05466437339783,42,25
"2302","User #25319","Timepoint 62",6.72147125005722,42,25
"2303","User #25319","Timepoint 63",9.00035762786865,42,25
"2304","User #25319","Timepoint 64",8.90277886390686,42,25
"2305","User #25328","Timepoint 1",0,42,25
"2306","User #25328","Timepoint 2",0,42,25
"2307","User #25328","Timepoint 3",0,42,25
"2308","User #25328","Timepoint 4",0,42,25
"2309","User #25328","Timepoint 5",0,42,25
"2310","User #25328","Timepoint 6",0,42,25
"2311","User #25328","Timepoint 7",0,42,25
"2312","User #25328","Timepoint 8",0,42,25
"2313","User #25328","Timepoint 9",0,42,25
"2314","User #25328","Timepoint 10",0,42,25
"2315","User #25328","Timepoint 11",0,42,25
"2316","User #25328","Timepoint 12",0,42,25
"2317","User #25328","Timepoint 13",0,42,25
"2318","User #25328","Timepoint 14",0,42,25
"2319","User #25328","Timepoint 15",0,42,25
"2320","User #25328","Timepoint 16",0,42,25
"2321","User #25328","Timepoint 17",NA,42,25
"2322","User #25328","Timepoint 18",NA,42,25
"2323","User #25328","Timepoint 19",NA,42,25
"2324","User #25328","Timepoint 20",NA,42,25
"2325","User #25328","Timepoint 21",NA,42,25
"2326","User #25328","Timepoint 22",NA,42,25
"2327","User #25328","Timepoint 23",NA,42,25
"2328","User #25328","Timepoint 24",NA,42,25
"2329","User #25328","Timepoint 25",13.3632187843323,42,25
"2330","User #25328","Timepoint 26",13.4482638537884,42,25
"2331","User #25328","Timepoint 27",13.3871794044971,42,25
"2332","User #25328","Timepoint 28",13.4391303956509,42,25
"2333","User #25328","Timepoint 29",13.461974054575,42,25
"2334","User #25328","Timepoint 30",13.5238848924637,42,25
"2335","User #25328","Timepoint 31",13.5316150188446,42,25
"2336","User #25328","Timepoint 32",13.5449538230896,42,25
"2337","User #25328","Timepoint 33",15.1380561590195,42,25
"2338","User #25328","Timepoint 34",14.15741533041,42,25
"2339","User #25328","Timepoint 35",13.9280791282654,42,25
"2340","User #25328","Timepoint 36",11.7468726485968,42,25
"2341","User #25328","Timepoint 37",12.9201879501343,42,25
"2342","User #25328","Timepoint 38",13.2546232938766,42,25
"2343","User #25328","Timepoint 39",13.9912070631981,42,25
"2344","User #25328","Timepoint 40",13.2244196534157,42,25
"2345","User #25328","Timepoint 41",14.9198673963547,42,25
"2346","User #25328","Timepoint 42",12.0014662519097,42,25
"2347","User #25328","Timepoint 43",12.1344278566539,42,25
"2348","User #25328","Timepoint 44",12.9416457116604,42,25
"2349","User #25328","Timepoint 45",13.1105812489986,42,25
"2350","User #25328","Timepoint 46",13.7459635734558,42,25
"2351","User #25328","Timepoint 47",13.8226643800735,42,25
"2352","User #25328","Timepoint 48",13.059855401516,42,25
"2353","User #25328","Timepoint 49",13.3696811199188,42,25
"2354","User #25328","Timepoint 50",11.5595158338547,42,25
"2355","User #25328","Timepoint 51",12.6498243808746,42,25
"2356","User #25328","Timepoint 52",11.9179670810699,42,25
"2357","User #25328","Timepoint 53",12.694278717041,42,25
"2358","User #25328","Timepoint 54",12.749472618103,42,25
"2359","User #25328","Timepoint 55",12.8154950141907,42,25
"2360","User #25328","Timepoint 56",12.5447217226028,42,25
"2361","User #25328","Timepoint 57",12.1084238290787,42,25
"2362","User #25328","Timepoint 58",14.0560894012451,42,25
"2363","User #25328","Timepoint 59",13.4631469249725,42,25
"2364","User #25328","Timepoint 60",14.0931210517883,42,25
"2365","User #25328","Timepoint 61",11.2086340636015,42,25
"2366","User #25328","Timepoint 62",11.5375643968582,42,25
"2367","User #25328","Timepoint 63",12.2134168148041,42,25
"2368","User #25328","Timepoint 64",11.9835668802261,42,25
"2369","User #25394","Timepoint 1",0,42,25
"2370","User #25394","Timepoint 2",0,42,25
"2371","User #25394","Timepoint 3",0,42,25
"2372","User #25394","Timepoint 4",0,42,25
"2373","User #25394","Timepoint 5",0,42,25
"2374","User #25394","Timepoint 6",0,42,25
"2375","User #25394","Timepoint 7",0,42,25
"2376","User #25394","Timepoint 8",0,42,25
"2377","User #25394","Timepoint 9",0,42,25
"2378","User #25394","Timepoint 10",0,42,25
"2379","User #25394","Timepoint 11",0,42,25
"2380","User #25394","Timepoint 12",0,42,25
"2381","User #25394","Timepoint 13",0,42,25
"2382","User #25394","Timepoint 14",0,42,25
"2383","User #25394","Timepoint 15",0,42,25
"2384","User #25394","Timepoint 16",0,42,25
"2385","User #25394","Timepoint 17",NA,42,25
"2386","User #25394","Timepoint 18",NA,42,25
"2387","User #25394","Timepoint 19",NA,42,25
"2388","User #25394","Timepoint 20",NA,42,25
"2389","User #25394","Timepoint 21",NA,42,25
"2390","User #25394","Timepoint 22",NA,42,25
"2391","User #25394","Timepoint 23",NA,42,25
"2392","User #25394","Timepoint 24",NA,42,25
"2393","User #25394","Timepoint 25",8.67228096723557,42,25
"2394","User #25394","Timepoint 26",8.40423232316971,42,25
"2395","User #25394","Timepoint 27",8.0612433552742,42,25
"2396","User #25394","Timepoint 28",8.09680661559105,42,25
"2397","User #25394","Timepoint 29",8.19184309244156,42,25
"2398","User #25394","Timepoint 30",8.18317121267319,42,25
"2399","User #25394","Timepoint 31",8.42532759904861,42,25
"2400","User #25394","Timepoint 32",8.38559901714325,42,25
"2401","User #25394","Timepoint 33",13.9413688182831,42,25
"2402","User #25394","Timepoint 34",9.56378436088562,42,25
"2403","User #25394","Timepoint 35",15.9555224180222,42,25
"2404","User #25394","Timepoint 36",11.0755202770233,42,25
"2405","User #25394","Timepoint 37",12.2257933616638,42,25
"2406","User #25394","Timepoint 38",7.38372838497162,42,25
"2407","User #25394","Timepoint 39",6.02896673977375,42,25
"2408","User #25394","Timepoint 40",6.8113419264555,42,25
"2409","User #25394","Timepoint 41",8.23631292581558,42,25
"2410","User #25394","Timepoint 42",8.47470438480377,42,25
"2411","User #25394","Timepoint 43",6.2213666960597,42,25
"2412","User #25394","Timepoint 44",5.98538751155138,42,25
"2413","User #25394","Timepoint 45",6.43241538107395,42,25
"2414","User #25394","Timepoint 46",6.96971057355404,42,25
"2415","User #25394","Timepoint 47",8.03039944171906,42,25
"2416","User #25394","Timepoint 48",7.62856161594391,42,25
"2417","User #25394","Timepoint 49",8.60042369365692,42,25
"2418","User #25394","Timepoint 50",9.22325855493546,42,25
"2419","User #25394","Timepoint 51",10.7024807333946,42,25
"2420","User #25394","Timepoint 52",11.4459196329117,42,25
"2421","User #25394","Timepoint 53",13.3046708106995,42,25
"2422","User #25394","Timepoint 54",8.51983314752579,42,25
"2423","User #25394","Timepoint 55",9.82691264152527,42,25
"2424","User #25394","Timepoint 56",8.01778575778008,42,25
"2425","User #25394","Timepoint 57",8.7043554186821,42,25
"2426","User #25394","Timepoint 58",6.49015365540981,42,25
"2427","User #25394","Timepoint 59",7.64171531796455,42,25
"2428","User #25394","Timepoint 60",7.14761248230934,42,25
"2429","User #25394","Timepoint 61",7.06880560517311,42,25
"2430","User #25394","Timepoint 62",7.5036016702652,42,25
"2431","User #25394","Timepoint 63",6.83531931042671,42,25
"2432","User #25394","Timepoint 64",9.09455662965775,42,25
"2433","User #25390","Timepoint 1",0,42,25
"2434","User #25390","Timepoint 2",0,42,25
"2435","User #25390","Timepoint 3",0,42,25
"2436","User #25390","Timepoint 4",0,42,25
"2437","User #25390","Timepoint 5",0,42,25
"2438","User #25390","Timepoint 6",0,42,25
"2439","User #25390","Timepoint 7",0,42,25
"2440","User #25390","Timepoint 8",0,42,25
"2441","User #25390","Timepoint 9",0,42,25
"2442","User #25390","Timepoint 10",0,42,25
"2443","User #25390","Timepoint 11",0,42,25
"2444","User #25390","Timepoint 12",0,42,25
"2445","User #25390","Timepoint 13",0,42,25
"2446","User #25390","Timepoint 14",0,42,25
"2447","User #25390","Timepoint 15",0,42,25
"2448","User #25390","Timepoint 16",0,42,25
"2449","User #25390","Timepoint 17",NA,42,25
"2450","User #25390","Timepoint 18",NA,42,25
"2451","User #25390","Timepoint 19",NA,42,25
"2452","User #25390","Timepoint 20",NA,42,25
"2453","User #25390","Timepoint 21",NA,42,25
"2454","User #25390","Timepoint 22",NA,42,25
"2455","User #25390","Timepoint 23",NA,42,25
"2456","User #25390","Timepoint 24",NA,42,25
"2457","User #25390","Timepoint 25",12.1468842923641,42,25
"2458","User #25390","Timepoint 26",12.500883102417,42,25
"2459","User #25390","Timepoint 27",12.1624494493008,42,25
"2460","User #25390","Timepoint 28",12.0742056965828,42,25
"2461","User #25390","Timepoint 29",12.3296932578087,42,25
"2462","User #25390","Timepoint 30",12.4850661754608,42,25
"2463","User #25390","Timepoint 31",12.5221720933914,42,25
"2464","User #25390","Timepoint 32",12.7386736571789,42,25
"2465","User #25390","Timepoint 33",10.8134302794933,42,25
"2466","User #25390","Timepoint 34",11.6772640347481,42,25
"2467","User #25390","Timepoint 35",10.7703446596861,42,25
"2468","User #25390","Timepoint 36",12.29232442379,42,25
"2469","User #25390","Timepoint 37",11.6697209328413,42,25
"2470","User #25390","Timepoint 38",19.4201585650444,42,25
"2471","User #25390","Timepoint 39",12.2078070640564,42,25
"2472","User #25390","Timepoint 40",11.369265049696,42,25
"2473","User #25390","Timepoint 41",9.7165944352746,42,25
"2474","User #25390","Timepoint 42",12.9097530245781,42,25
"2475","User #25390","Timepoint 43",10.3886460661888,42,25
"2476","User #25390","Timepoint 44",12.4246272742748,42,25
"2477","User #25390","Timepoint 45",9.56809700280428,42,25
"2478","User #25390","Timepoint 46",13.0711356401443,42,25
"2479","User #25390","Timepoint 47",17.1041392683983,42,25
"2480","User #25390","Timepoint 48",13.6424562335014,42,25
"2481","User #25390","Timepoint 49",9.38486555218697,42,25
"2482","User #25390","Timepoint 50",14.4187359809875,42,25
"2483","User #25390","Timepoint 51",11.1242477446795,42,25
"2484","User #25390","Timepoint 52",13.1600730717182,42,25
"2485","User #25390","Timepoint 53",8.86487514525652,42,25
"2486","User #25390","Timepoint 54",14.7363268136978,42,25
"2487","User #25390","Timepoint 55",12.9127159118652,42,25
"2488","User #25390","Timepoint 56",12.1764613687992,42,25
"2489","User #25390","Timepoint 57",10.935425311327,42,25
"2490","User #25390","Timepoint 58",14.2160975039005,42,25
"2491","User #25390","Timepoint 59",11.9301807880402,42,25
"2492","User #25390","Timepoint 60",15.2364345192909,42,25
"2493","User #25390","Timepoint 61",9.29229032248259,42,25
"2494","User #25390","Timepoint 62",12.0098437070847,42,25
"2495","User #25390","Timepoint 63",10.9349738955498,42,25
"2496","User #25390","Timepoint 64",12.5095347464085,42,25
"2497","User #25297","Timepoint 1",0,42,25
"2498","User #25297","Timepoint 2",0,42,25
"2499","User #25297","Timepoint 3",0,42,25
"2500","User #25297","Timepoint 4",0,42,25
"2501","User #25297","Timepoint 5",0,42,25
"2502","User #25297","Timepoint 6",0,42,25
"2503","User #25297","Timepoint 7",0,42,25
"2504","User #25297","Timepoint 8",0,42,25
"2505","User #25297","Timepoint 9",0,42,25
"2506","User #25297","Timepoint 10",0,42,25
"2507","User #25297","Timepoint 11",0,42,25
"2508","User #25297","Timepoint 12",0,42,25
"2509","User #25297","Timepoint 13",0,42,25
"2510","User #25297","Timepoint 14",0,42,25
"2511","User #25297","Timepoint 15",0,42,25
"2512","User #25297","Timepoint 16",0,42,25
"2513","User #25297","Timepoint 17",NA,42,25
"2514","User #25297","Timepoint 18",NA,42,25
"2515","User #25297","Timepoint 19",NA,42,25
"2516","User #25297","Timepoint 20",NA,42,25
"2517","User #25297","Timepoint 21",NA,42,25
"2518","User #25297","Timepoint 22",NA,42,25
"2519","User #25297","Timepoint 23",NA,42,25
"2520","User #25297","Timepoint 24",NA,42,25
"2521","User #25297","Timepoint 25",12.6243807673454,42,25
"2522","User #25297","Timepoint 26",12.7405161857605,42,25
"2523","User #25297","Timepoint 27",12.6347673535347,42,25
"2524","User #25297","Timepoint 28",12.7414991855621,42,25
"2525","User #25297","Timepoint 29",12.6766403913498,42,25
"2526","User #25297","Timepoint 30",12.7725275158882,42,25
"2527","User #25297","Timepoint 31",12.9905331730843,42,25
"2528","User #25297","Timepoint 32",12.9732280373573,42,25
"2529","User #25297","Timepoint 33",11.6788186132908,42,25
"2530","User #25297","Timepoint 34",13.3986833691597,42,25
"2531","User #25297","Timepoint 35",9.12027183547616,42,25
"2532","User #25297","Timepoint 36",14.5983866453171,42,25
"2533","User #25297","Timepoint 37",11.5731196403503,42,25
"2534","User #25297","Timepoint 38",11.5796161592007,42,25
"2535","User #25297","Timepoint 39",11.7718249559402,42,25
"2536","User #25297","Timepoint 40",10.876373052597,42,25
"2537","User #25297","Timepoint 41",14.258047580719,42,25
"2538","User #25297","Timepoint 42",11.5726147890091,42,25
"2539","User #25297","Timepoint 43",12.0723961293697,42,25
"2540","User #25297","Timepoint 44",14.3824162483215,42,25
"2541","User #25297","Timepoint 45",10.4319499135017,42,25
"2542","User #25297","Timepoint 46",12.2683443725109,42,25
"2543","User #25297","Timepoint 47",11.8235530257225,42,25
"2544","User #25297","Timepoint 48",11.7997782826424,42,25
"2545","User #25297","Timepoint 49",14.5900787115097,42,25
"2546","User #25297","Timepoint 50",10.6563456058502,42,25
"2547","User #25297","Timepoint 51",12.8817586898804,42,25
"2548","User #25297","Timepoint 52",10.2598397433758,42,25
"2549","User #25297","Timepoint 53",12.0047821998596,42,25
"2550","User #25297","Timepoint 54",10.8093418478966,42,25
"2551","User #25297","Timepoint 55",11.1960940361023,42,25
"2552","User #25297","Timepoint 56",10.9500297904015,42,25
"2553","User #25297","Timepoint 57",11.7959039211273,42,25
"2554","User #25297","Timepoint 58",9.18341709673405,42,25
"2555","User #25297","Timepoint 59",10.9977099895477,42,25
"2556","User #25297","Timepoint 60",10.517308652401,42,25
"2557","User #25297","Timepoint 61",11.3238641023636,42,25
"2558","User #25297","Timepoint 62",10.3332699537277,42,25
"2559","User #25297","Timepoint 63",10.5058588385582,42,25
"2560","User #25297","Timepoint 64",12.1358102560043,42,25
"2561","User #25309","Timepoint 1",0,42,25
"2562","User #25309","Timepoint 2",0,42,25
"2563","User #25309","Timepoint 3",0,42,25
"2564","User #25309","Timepoint 4",0,42,25
"2565","User #25309","Timepoint 5",0,42,25
"2566","User #25309","Timepoint 6",0,42,25
"2567","User #25309","Timepoint 7",0,42,25
"2568","User #25309","Timepoint 8",0,42,25
"2569","User #25309","Timepoint 9",0,42,25
"2570","User #25309","Timepoint 10",0,42,25
"2571","User #25309","Timepoint 11",0,42,25
"2572","User #25309","Timepoint 12",0,42,25
"2573","User #25309","Timepoint 13",0,42,25
"2574","User #25309","Timepoint 14",0,42,25
"2575","User #25309","Timepoint 15",0,42,25
"2576","User #25309","Timepoint 16",0,42,25
"2577","User #25309","Timepoint 17",NA,42,25
"2578","User #25309","Timepoint 18",NA,42,25
"2579","User #25309","Timepoint 19",NA,42,25
"2580","User #25309","Timepoint 20",NA,42,25
"2581","User #25309","Timepoint 21",NA,42,25
"2582","User #25309","Timepoint 22",NA,42,25
"2583","User #25309","Timepoint 23",NA,42,25
"2584","User #25309","Timepoint 24",NA,42,25
"2585","User #25309","Timepoint 25",9.38173675537109,42,25
"2586","User #25309","Timepoint 26",9.45702743530273,42,25
"2587","User #25309","Timepoint 27",9.51789236068726,42,25
"2588","User #25309","Timepoint 28",9.69645833969116,42,25
"2589","User #25309","Timepoint 29",9.64297080039978,42,25
"2590","User #25309","Timepoint 30",9.679194688797,42,25
"2591","User #25309","Timepoint 31",9.73323559761047,42,25
"2592","User #25309","Timepoint 32",9.70279121398926,42,25
"2593","User #25309","Timepoint 33",9.63425207138062,42,25
"2594","User #25309","Timepoint 34",8.95447778701782,42,25
"2595","User #25309","Timepoint 35",9.39992117881775,42,25
"2596","User #25309","Timepoint 36",8.94144761562347,42,25
"2597","User #25309","Timepoint 37",9.60528874397278,42,25
"2598","User #25309","Timepoint 38",8.82015693187714,42,25
"2599","User #25309","Timepoint 39",9.3977792263031,42,25
"2600","User #25309","Timepoint 40",8.27687585353851,42,25
"2601","User #25309","Timepoint 41",10.2567126750946,42,25
"2602","User #25309","Timepoint 42",8.89628553390503,42,25
"2603","User #25309","Timepoint 43",10.2945952415466,42,25
"2604","User #25309","Timepoint 44",9.28875160217285,42,25
"2605","User #25309","Timepoint 45",9.46131157875061,42,25
"2606","User #25309","Timepoint 46",7.06209740042686,42,25
"2607","User #25309","Timepoint 47",7.85149711370468,42,25
"2608","User #25309","Timepoint 48",8.10401391983032,42,25
"2609","User #25309","Timepoint 49",8.29468065500259,42,25
"2610","User #25309","Timepoint 50",7.60401326417923,42,25
"2611","User #25309","Timepoint 51",7.89654007554054,42,25
"2612","User #25309","Timepoint 52",7.94869008660316,42,25
"2613","User #25309","Timepoint 53",8.72607517242432,42,25
"2614","User #25309","Timepoint 54",7.79906180500984,42,25
"2615","User #25309","Timepoint 55",8.45723092556,42,25
"2616","User #25309","Timepoint 56",8.19951614737511,42,25
"2617","User #25309","Timepoint 57",9.04974126815796,42,25
"2618","User #25309","Timepoint 58",8.68241918087006,42,25
"2619","User #25309","Timepoint 59",8.46720212697983,42,25
"2620","User #25309","Timepoint 60",9.07702434062958,42,25
"2621","User #25309","Timepoint 61",8.56285560131073,42,25
"2622","User #25309","Timepoint 62",8.65483337640762,42,25
"2623","User #25309","Timepoint 63",9.32478910684586,42,25
"2624","User #25309","Timepoint 64",8.77750384807587,42,25
"2625","User #25313","Timepoint 1",0,42,25
"2626","User #25313","Timepoint 2",0,42,25
"2627","User #25313","Timepoint 3",0,42,25
"2628","User #25313","Timepoint 4",0,42,25
"2629","User #25313","Timepoint 5",0,42,25
"2630","User #25313","Timepoint 6",0,42,25
"2631","User #25313","Timepoint 7",0,42,25
"2632","User #25313","Timepoint 8",0,42,25
"2633","User #25313","Timepoint 9",0,42,25
"2634","User #25313","Timepoint 10",0,42,25
"2635","User #25313","Timepoint 11",0,42,25
"2636","User #25313","Timepoint 12",0,42,25
"2637","User #25313","Timepoint 13",0,42,25
"2638","User #25313","Timepoint 14",0,42,25
"2639","User #25313","Timepoint 15",0,42,25
"2640","User #25313","Timepoint 16",0,42,25
"2641","User #25313","Timepoint 17",NA,42,25
"2642","User #25313","Timepoint 18",NA,42,25
"2643","User #25313","Timepoint 19",NA,42,25
"2644","User #25313","Timepoint 20",NA,42,25
"2645","User #25313","Timepoint 21",NA,42,25
"2646","User #25313","Timepoint 22",NA,42,25
"2647","User #25313","Timepoint 23",NA,42,25
"2648","User #25313","Timepoint 24",NA,42,25
"2649","User #25313","Timepoint 25",12.1468842923641,42,25
"2650","User #25313","Timepoint 26",12.500883102417,42,25
"2651","User #25313","Timepoint 27",12.1624494493008,42,25
"2652","User #25313","Timepoint 28",12.0742056965828,42,25
"2653","User #25313","Timepoint 29",12.3296932578087,42,25
"2654","User #25313","Timepoint 30",12.4850661754608,42,25
"2655","User #25313","Timepoint 31",12.5221720933914,42,25
"2656","User #25313","Timepoint 32",12.7386736571789,42,25
"2657","User #25313","Timepoint 33",10.8134302794933,42,25
"2658","User #25313","Timepoint 34",11.6772640347481,42,25
"2659","User #25313","Timepoint 35",10.7703446596861,42,25
"2660","User #25313","Timepoint 36",12.29232442379,42,25
"2661","User #25313","Timepoint 37",11.6697209328413,42,25
"2662","User #25313","Timepoint 38",19.4201585650444,42,25
"2663","User #25313","Timepoint 39",12.2078070640564,42,25
"2664","User #25313","Timepoint 40",11.369265049696,42,25
"2665","User #25313","Timepoint 41",9.7165944352746,42,25
"2666","User #25313","Timepoint 42",12.9097530245781,42,25
"2667","User #25313","Timepoint 43",10.3886460661888,42,25
"2668","User #25313","Timepoint 44",12.4246272742748,42,25
"2669","User #25313","Timepoint 45",9.56809700280428,42,25
"2670","User #25313","Timepoint 46",13.0711356401443,42,25
"2671","User #25313","Timepoint 47",17.1041392683983,42,25
"2672","User #25313","Timepoint 48",13.6424562335014,42,25
"2673","User #25313","Timepoint 49",9.38486555218697,42,25
"2674","User #25313","Timepoint 50",14.4187359809875,42,25
"2675","User #25313","Timepoint 51",11.1242477446795,42,25
"2676","User #25313","Timepoint 52",13.1600730717182,42,25
"2677","User #25313","Timepoint 53",8.86487514525652,42,25
"2678","User #25313","Timepoint 54",14.7363268136978,42,25
"2679","User #25313","Timepoint 55",12.9127159118652,42,25
"2680","User #25313","Timepoint 56",12.1764613687992,42,25
"2681","User #25313","Timepoint 57",10.935425311327,42,25
"2682","User #25313","Timepoint 58",14.2160975039005,42,25
"2683","User #25313","Timepoint 59",11.9301807880402,42,25
"2684","User #25313","Timepoint 60",15.2364345192909,42,25
"2685","User #25313","Timepoint 61",9.29229032248259,42,25
"2686","User #25313","Timepoint 62",12.0098437070847,42,25
"2687","User #25313","Timepoint 63",10.9349738955498,42,25
"2688","User #25313","Timepoint 64",12.5095347464085,42,25
"2689","User #25314","Timepoint 1",0,42,25
"2690","User #25314","Timepoint 2",0,42,25
"2691","User #25314","Timepoint 3",0,42,25
"2692","User #25314","Timepoint 4",0,42,25
"2693","User #25314","Timepoint 5",0,42,25
"2694","User #25314","Timepoint 6",0,42,25
"2695","User #25314","Timepoint 7",0,42,25
"2696","User #25314","Timepoint 8",0,42,25
"2697","User #25314","Timepoint 9",0,42,25
"2698","User #25314","Timepoint 10",0,42,25
"2699","User #25314","Timepoint 11",0,42,25
"2700","User #25314","Timepoint 12",0,42,25
"2701","User #25314","Timepoint 13",0,42,25
"2702","User #25314","Timepoint 14",0,42,25
"2703","User #25314","Timepoint 15",0,42,25
"2704","User #25314","Timepoint 16",0,42,25
"2705","User #25314","Timepoint 17",NA,42,25
"2706","User #25314","Timepoint 18",NA,42,25
"2707","User #25314","Timepoint 19",NA,42,25
"2708","User #25314","Timepoint 20",NA,42,25
"2709","User #25314","Timepoint 21",NA,42,25
"2710","User #25314","Timepoint 22",NA,42,25
"2711","User #25314","Timepoint 23",NA,42,25
"2712","User #25314","Timepoint 24",NA,42,25
"2713","User #25314","Timepoint 25",9.35944938659668,42,25
"2714","User #25314","Timepoint 26",9.56206297874451,42,25
"2715","User #25314","Timepoint 27",9.63824486732483,42,25
"2716","User #25314","Timepoint 28",9.70970129966736,42,25
"2717","User #25314","Timepoint 29",9.8527946472168,42,25
"2718","User #25314","Timepoint 30",10.1362507343292,42,25
"2719","User #25314","Timepoint 31",10.3915271759033,42,25
"2720","User #25314","Timepoint 32",10.2998788356781,42,25
"2721","User #25314","Timepoint 33",9.04468750953674,42,25
"2722","User #25314","Timepoint 34",10.4169085025787,42,25
"2723","User #25314","Timepoint 35",9.61379551887512,42,25
"2724","User #25314","Timepoint 36",10.0608763694763,42,25
"2725","User #25314","Timepoint 37",7.12933987379074,42,25
"2726","User #25314","Timepoint 38",8.99551153182983,42,25
"2727","User #25314","Timepoint 39",7.16166001558304,42,25
"2728","User #25314","Timepoint 40",8.92418503761292,42,25
"2729","User #25314","Timepoint 41",9.42964196205139,42,25
"2730","User #25314","Timepoint 42",8.50092625617981,42,25
"2731","User #25314","Timepoint 43",8.04364907741547,42,25
"2732","User #25314","Timepoint 44",8.89866960048676,42,25
"2733","User #25314","Timepoint 45",9.56304836273193,42,25
"2734","User #25314","Timepoint 46",8.54181313514709,42,25
"2735","User #25314","Timepoint 47",7.93698310852051,42,25
"2736","User #25314","Timepoint 48",8.54638361930847,42,25
"2737","User #25314","Timepoint 49",8.04283794760704,42,25
"2738","User #25314","Timepoint 50",8.11922651529312,42,25
"2739","User #25314","Timepoint 51",7.68580731749535,42,25
"2740","User #25314","Timepoint 52",8.50952249765396,42,25
"2741","User #25314","Timepoint 53",8.24728955328465,42,25
"2742","User #25314","Timepoint 54",8.03862196207047,42,25
"2743","User #25314","Timepoint 55",8.42315492033958,42,25
"2744","User #25314","Timepoint 56",9.1034824848175,42,25
"2745","User #25314","Timepoint 57",8.22291713953018,42,25
"2746","User #25314","Timepoint 58",8.03986233472824,42,25
"2747","User #25314","Timepoint 59",7.91192342340946,42,25
"2748","User #25314","Timepoint 60",8.41030892729759,42,25
"2749","User #25314","Timepoint 61",8.42415195703506,42,25
"2750","User #25314","Timepoint 62",8.00174203515053,42,25
"2751","User #25314","Timepoint 63",8.49814665317535,42,25
"2752","User #25314","Timepoint 64",8.54389977455139,42,25
"2753","User #25319","Timepoint 1",0,42,25
"2754","User #25319","Timepoint 2",0,42,25
"2755","User #25319","Timepoint 3",0,42,25
"2756","User #25319","Timepoint 4",0,42,25
"2757","User #25319","Timepoint 5",0,42,25
"2758","User #25319","Timepoint 6",0,42,25
"2759","User #25319","Timepoint 7",0,42,25
"2760","User #25319","Timepoint 8",0,42,25
"2761","User #25319","Timepoint 9",0,42,25
"2762","User #25319","Timepoint 10",0,42,25
"2763","User #25319","Timepoint 11",0,42,25
"2764","User #25319","Timepoint 12",0,42,25
"2765","User #25319","Timepoint 13",0,42,25
"2766","User #25319","Timepoint 14",0,42,25
"2767","User #25319","Timepoint 15",0,42,25
"2768","User #25319","Timepoint 16",0,42,25
"2769","User #25319","Timepoint 17",NA,42,25
"2770","User #25319","Timepoint 18",NA,42,25
"2771","User #25319","Timepoint 19",NA,42,25
"2772","User #25319","Timepoint 20",NA,42,25
"2773","User #25319","Timepoint 21",NA,42,25
"2774","User #25319","Timepoint 22",NA,42,25
"2775","User #25319","Timepoint 23",NA,42,25
"2776","User #25319","Timepoint 24",NA,42,25
"2777","User #25319","Timepoint 25",9.1232762336731,42,25
"2778","User #25319","Timepoint 26",9.36616253852844,42,25
"2779","User #25319","Timepoint 27",9.3259642124176,42,25
"2780","User #25319","Timepoint 28",9.48184180259705,42,25
"2781","User #25319","Timepoint 29",9.45840406417847,42,25
"2782","User #25319","Timepoint 30",9.5470118522644,42,25
"2783","User #25319","Timepoint 31",9.44431304931641,42,25
"2784","User #25319","Timepoint 32",9.14097118377686,42,25
"2785","User #25319","Timepoint 33",11.465672492981,42,25
"2786","User #25319","Timepoint 34",12.8777322769165,42,25
"2787","User #25319","Timepoint 35",9.42091012001038,42,25
"2788","User #25319","Timepoint 36",7.46882486343384,42,25
"2789","User #25319","Timepoint 37",7.52209150791168,42,25
"2790","User #25319","Timepoint 38",7.09509921073914,42,25
"2791","User #25319","Timepoint 39",8.40487098693848,42,25
"2792","User #25319","Timepoint 40",7.80951333045959,42,25
"2793","User #25319","Timepoint 41",9.56279683113098,42,25
"2794","User #25319","Timepoint 42",12.4344778060913,42,25
"2795","User #25319","Timepoint 43",6.8186856508255,42,25
"2796","User #25319","Timepoint 44",8.41644787788391,42,25
"2797","User #25319","Timepoint 45",6.18973842263222,42,25
"2798","User #25319","Timepoint 46",7.43888163566589,42,25
"2799","User #25319","Timepoint 47",8.48239326477051,42,25
"2800","User #25319","Timepoint 48",7.94408082962036,42,25
"2801","User #25319","Timepoint 49",7.88314202427864,42,25
"2802","User #25319","Timepoint 50",8.25730779767036,42,25
"2803","User #25319","Timepoint 51",7.53167171776295,42,25
"2804","User #25319","Timepoint 52",8.28196248412132,42,25
"2805","User #25319","Timepoint 53",7.59723334014416,42,25
"2806","User #25319","Timepoint 54",7.22446539998055,42,25
"2807","User #25319","Timepoint 55",7.23891603946686,42,25
"2808","User #25319","Timepoint 56",7.7977382838726,42,25
"2809","User #25319","Timepoint 57",7.94402834773064,42,25
"2810","User #25319","Timepoint 58",8.00482684373856,42,25
"2811","User #25319","Timepoint 59",7.51987916231155,42,25
"2812","User #25319","Timepoint 60",7.73474305868149,42,25
"2813","User #25319","Timepoint 61",7.85534203052521,42,25
"2814","User #25319","Timepoint 62",7.66863089799881,42,25
"2815","User #25319","Timepoint 63",7.46434415876865,42,25
"2816","User #25319","Timepoint 64",7.42103803157806,42,25
"2817","User #25372","Timepoint 1",0,42,25
"2818","User #25372","Timepoint 2",0,42,25
"2819","User #25372","Timepoint 3",0,42,25
"2820","User #25372","Timepoint 4",0,42,25
"2821","User #25372","Timepoint 5",0,42,25
"2822","User #25372","Timepoint 6",0,42,25
"2823","User #25372","Timepoint 7",0,42,25
"2824","User #25372","Timepoint 8",0,42,25
"2825","User #25372","Timepoint 9",0,42,25
"2826","User #25372","Timepoint 10",0,42,25
"2827","User #25372","Timepoint 11",0,42,25
"2828","User #25372","Timepoint 12",0,42,25
"2829","User #25372","Timepoint 13",0,42,25
"2830","User #25372","Timepoint 14",0,42,25
"2831","User #25372","Timepoint 15",0,42,25
"2832","User #25372","Timepoint 16",0,42,25
"2833","User #25372","Timepoint 17",NA,42,25
"2834","User #25372","Timepoint 18",NA,42,25
"2835","User #25372","Timepoint 19",NA,42,25
"2836","User #25372","Timepoint 20",NA,42,25
"2837","User #25372","Timepoint 21",NA,42,25
"2838","User #25372","Timepoint 22",NA,42,25
"2839","User #25372","Timepoint 23",NA,42,25
"2840","User #25372","Timepoint 24",NA,42,25
"2841","User #25372","Timepoint 25",9.35944938659668,42,25
"2842","User #25372","Timepoint 26",9.56206297874451,42,25
"2843","User #25372","Timepoint 27",9.63824486732483,42,25
"2844","User #25372","Timepoint 28",9.70970129966736,42,25
"2845","User #25372","Timepoint 29",9.8527946472168,42,25
"2846","User #25372","Timepoint 30",10.1362507343292,42,25
"2847","User #25372","Timepoint 31",10.3915271759033,42,25
"2848","User #25372","Timepoint 32",10.2998788356781,42,25
"2849","User #25372","Timepoint 33",9.04468750953674,42,25
"2850","User #25372","Timepoint 34",10.4169085025787,42,25
"2851","User #25372","Timepoint 35",9.61379551887512,42,25
"2852","User #25372","Timepoint 36",10.0608763694763,42,25
"2853","User #25372","Timepoint 37",7.12933987379074,42,25
"2854","User #25372","Timepoint 38",8.99551153182983,42,25
"2855","User #25372","Timepoint 39",7.16166001558304,42,25
"2856","User #25372","Timepoint 40",8.92418503761292,42,25
"2857","User #25372","Timepoint 41",9.42964196205139,42,25
"2858","User #25372","Timepoint 42",8.50092625617981,42,25
"2859","User #25372","Timepoint 43",8.04364907741547,42,25
"2860","User #25372","Timepoint 44",8.89866960048676,42,25
"2861","User #25372","Timepoint 45",9.56304836273193,42,25
"2862","User #25372","Timepoint 46",8.54181313514709,42,25
"2863","User #25372","Timepoint 47",7.93698310852051,42,25
"2864","User #25372","Timepoint 48",8.54638361930847,42,25
"2865","User #25372","Timepoint 49",8.04283794760704,42,25
"2866","User #25372","Timepoint 50",8.11922651529312,42,25
"2867","User #25372","Timepoint 51",7.68580731749535,42,25
"2868","User #25372","Timepoint 52",8.50952249765396,42,25
"2869","User #25372","Timepoint 53",8.24728955328465,42,25
"2870","User #25372","Timepoint 54",8.03862196207047,42,25
"2871","User #25372","Timepoint 55",8.42315492033958,42,25
"2872","User #25372","Timepoint 56",9.1034824848175,42,25
"2873","User #25372","Timepoint 57",8.22291713953018,42,25
"2874","User #25372","Timepoint 58",8.03986233472824,42,25
"2875","User #25372","Timepoint 59",7.91192342340946,42,25
"2876","User #25372","Timepoint 60",8.41030892729759,42,25
"2877","User #25372","Timepoint 61",8.42415195703506,42,25
"2878","User #25372","Timepoint 62",8.00174203515053,42,25
"2879","User #25372","Timepoint 63",8.49814665317535,42,25
"2880","User #25372","Timepoint 64",8.54389977455139,42,25
"2881","User #25318","Timepoint 1",0,42,25
"2882","User #25318","Timepoint 2",0,42,25
"2883","User #25318","Timepoint 3",0,42,25
"2884","User #25318","Timepoint 4",0,42,25
"2885","User #25318","Timepoint 5",0,42,25
"2886","User #25318","Timepoint 6",0,42,25
"2887","User #25318","Timepoint 7",0,42,25
"2888","User #25318","Timepoint 8",0,42,25
"2889","User #25318","Timepoint 9",0,42,25
"2890","User #25318","Timepoint 10",0,42,25
"2891","User #25318","Timepoint 11",0,42,25
"2892","User #25318","Timepoint 12",0,42,25
"2893","User #25318","Timepoint 13",0,42,25
"2894","User #25318","Timepoint 14",0,42,25
"2895","User #25318","Timepoint 15",0,42,25
"2896","User #25318","Timepoint 16",0,42,25
"2897","User #25318","Timepoint 17",NA,42,25
"2898","User #25318","Timepoint 18",NA,42,25
"2899","User #25318","Timepoint 19",NA,42,25
"2900","User #25318","Timepoint 20",NA,42,25
"2901","User #25318","Timepoint 21",NA,42,25
"2902","User #25318","Timepoint 22",NA,42,25
"2903","User #25318","Timepoint 23",NA,42,25
"2904","User #25318","Timepoint 24",NA,42,25
"2905","User #25318","Timepoint 25",7.3265078663826,42,25
"2906","User #25318","Timepoint 26",7.48496904969215,42,25
"2907","User #25318","Timepoint 27",7.28990867733955,42,25
"2908","User #25318","Timepoint 28",7.35941305756569,42,25
"2909","User #25318","Timepoint 29",7.34815508127213,42,25
"2910","User #25318","Timepoint 30",7.47265160083771,42,25
"2911","User #25318","Timepoint 31",7.48376399278641,42,25
"2912","User #25318","Timepoint 32",7.4294039607048,42,25
"2913","User #25318","Timepoint 33",5.66129945218563,42,25
"2914","User #25318","Timepoint 34",7.61335819959641,42,25
"2915","User #25318","Timepoint 35",7.46486529707909,42,25
"2916","User #25318","Timepoint 36",9.24241691827774,42,25
"2917","User #25318","Timepoint 37",5.70247411727905,42,25
"2918","User #25318","Timepoint 38",6.14146709442139,42,25
"2919","User #25318","Timepoint 39",7.73512125015259,42,25
"2920","User #25318","Timepoint 40",9.38333034515381,42,25
"2921","User #25318","Timepoint 41",5.85553005337715,42,25
"2922","User #25318","Timepoint 42",5.60007903724909,42,25
"2923","User #25318","Timepoint 43",9.33391332626343,42,25
"2924","User #25318","Timepoint 44",9.09577965736389,42,25
"2925","User #25318","Timepoint 45",6.76802277565002,42,25
"2926","User #25318","Timepoint 46",6.11907422542572,42,25
"2927","User #25318","Timepoint 47",7.61213630437851,42,25
"2928","User #25318","Timepoint 48",8.76700311899185,42,25
"2929","User #25318","Timepoint 49",5.93609973788261,42,25
"2930","User #25318","Timepoint 50",6.75624817609787,42,25
"2931","User #25318","Timepoint 51",8.17282110452652,42,25
"2932","User #25318","Timepoint 52",7.62406289577484,42,25
"2933","User #25318","Timepoint 53",6.42738938331604,42,25
"2934","User #25318","Timepoint 54",6.78197264671326,42,25
"2935","User #25318","Timepoint 55",8.00524026155472,42,25
"2936","User #25318","Timepoint 56",8.40791881084442,42,25
"2937","User #25318","Timepoint 57",5.66084370017052,42,25
"2938","User #25318","Timepoint 58",6.79413080215454,42,25
"2939","User #25318","Timepoint 59",7.57354527711868,42,25
"2940","User #25318","Timepoint 60",8.68906050920486,42,25
"2941","User #25318","Timepoint 61",6.47152572870255,42,25
"2942","User #25318","Timepoint 62",6.58592745661736,42,25
"2943","User #25318","Timepoint 63",7.58484661579132,42,25
"2944","User #25318","Timepoint 64",8.42088758945465,42,25
"2945","User #25319","Timepoint 1",0,42,25
"2946","User #25319","Timepoint 2",0,42,25
"2947","User #25319","Timepoint 3",0,42,25
"2948","User #25319","Timepoint 4",0,42,25
"2949","User #25319","Timepoint 5",0,42,25
"2950","User #25319","Timepoint 6",0,42,25
"2951","User #25319","Timepoint 7",0,42,25
"2952","User #25319","Timepoint 8",0,42,25
"2953","User #25319","Timepoint 9",0,42,25
"2954","User #25319","Timepoint 10",0,42,25
"2955","User #25319","Timepoint 11",0,42,25
"2956","User #25319","Timepoint 12",0,42,25
"2957","User #25319","Timepoint 13",0,42,25
"2958","User #25319","Timepoint 14",0,42,25
"2959","User #25319","Timepoint 15",0,42,25
"2960","User #25319","Timepoint 16",0,42,25
"2961","User #25319","Timepoint 17",NA,42,25
"2962","User #25319","Timepoint 18",NA,42,25
"2963","User #25319","Timepoint 19",NA,42,25
"2964","User #25319","Timepoint 20",NA,42,25
"2965","User #25319","Timepoint 21",NA,42,25
"2966","User #25319","Timepoint 22",NA,42,25
"2967","User #25319","Timepoint 23",NA,42,25
"2968","User #25319","Timepoint 24",NA,42,25
"2969","User #25319","Timepoint 25",7.90169513225555,42,25
"2970","User #25319","Timepoint 26",8.09581553936005,42,25
"2971","User #25319","Timepoint 27",8.16856822371483,42,25
"2972","User #25319","Timepoint 28",8.12701678276062,42,25
"2973","User #25319","Timepoint 29",7.89885266125202,42,25
"2974","User #25319","Timepoint 30",7.98803432285786,42,25
"2975","User #25319","Timepoint 31",8.00294628739357,42,25
"2976","User #25319","Timepoint 32",7.9601134210825,42,25
"2977","User #25319","Timepoint 33",7.21860232204199,42,25
"2978","User #25319","Timepoint 34",7.17427591234446,42,25
"2979","User #25319","Timepoint 35",9.10917153954506,42,25
"2980","User #25319","Timepoint 36",6.52523760125041,42,25
"2981","User #25319","Timepoint 37",6.81443645060062,42,25
"2982","User #25319","Timepoint 38",6.9069748967886,42,25
"2983","User #25319","Timepoint 39",9.52242417633533,42,25
"2984","User #25319","Timepoint 40",6.3811189904809,42,25
"2985","User #25319","Timepoint 41",7.19803436100483,42,25
"2986","User #25319","Timepoint 42",6.58864463120699,42,25
"2987","User #25319","Timepoint 43",8.70544163882732,42,25
"2988","User #25319","Timepoint 44",6.94731286168098,42,25
"2989","User #25319","Timepoint 45",6.93228120356798,42,25
"2990","User #25319","Timepoint 46",6.55922739207745,42,25
"2991","User #25319","Timepoint 47",7.50863874703646,42,25
"2992","User #25319","Timepoint 48",6.23527253419161,42,25
"2993","User #25319","Timepoint 49",5.44187654554844,42,25
"2994","User #25319","Timepoint 50",5.18522669374943,42,25
"2995","User #25319","Timepoint 51",5.70356398820877,42,25
"2996","User #25319","Timepoint 52",5.21973454207182,42,25
"2997","User #25319","Timepoint 53",5.27173267304897,42,25
"2998","User #25319","Timepoint 54",5.58104242384434,42,25
"2999","User #25319","Timepoint 55",5.213275000453,42,25
"3000","User #25319","Timepoint 56",5.32788903266191,42,25
"3001","User #25319","Timepoint 57",5.29641791433096,42,25
"3002","User #25319","Timepoint 58",5.22613234817982,42,25
"3003","User #25319","Timepoint 59",5.36033537983894,42,25
"3004","User #25319","Timepoint 60",5.04905896633863,42,25
"3005","User #25319","Timepoint 61",4.80558647215366,42,25
"3006","User #25319","Timepoint 62",5.14501322805882,42,25
"3007","User #25319","Timepoint 63",5.16434806585312,42,25
"3008","User #25319","Timepoint 64",5.08820270001888,42,25
"3009","User #25343","Timepoint 1",0,42,25
"3010","User #25343","Timepoint 2",0,42,25
"3011","User #25343","Timepoint 3",0,42,25
"3012","User #25343","Timepoint 4",0,42,25
"3013","User #25343","Timepoint 5",0,42,25
"3014","User #25343","Timepoint 6",0,42,25
"3015","User #25343","Timepoint 7",0,42,25
"3016","User #25343","Timepoint 8",0,42,25
"3017","User #25343","Timepoint 9",0,42,25
"3018","User #25343","Timepoint 10",0,42,25
"3019","User #25343","Timepoint 11",0,42,25
"3020","User #25343","Timepoint 12",0,42,25
"3021","User #25343","Timepoint 13",0,42,25
"3022","User #25343","Timepoint 14",0,42,25
"3023","User #25343","Timepoint 15",0,42,25
"3024","User #25343","Timepoint 16",0,42,25
"3025","User #25343","Timepoint 17",NA,42,25
"3026","User #25343","Timepoint 18",NA,42,25
"3027","User #25343","Timepoint 19",NA,42,25
"3028","User #25343","Timepoint 20",NA,42,25
"3029","User #25343","Timepoint 21",NA,42,25
"3030","User #25343","Timepoint 22",NA,42,25
"3031","User #25343","Timepoint 23",NA,42,25
"3032","User #25343","Timepoint 24",NA,42,25
"3033","User #25343","Timepoint 25",7.83096513152122,42,25
"3034","User #25343","Timepoint 26",7.93384364247322,42,25
"3035","User #25343","Timepoint 27",7.87355771660805,42,25
"3036","User #25343","Timepoint 28",7.89948454499245,42,25
"3037","User #25343","Timepoint 29",7.94542437791824,42,25
"3038","User #25343","Timepoint 30",8.02665358781815,42,25
"3039","User #25343","Timepoint 31",7.97193175554276,42,25
"3040","User #25343","Timepoint 32",7.94207280874252,42,25
"3041","User #25343","Timepoint 33",5.71009578555822,42,25
"3042","User #25343","Timepoint 34",8.42990911006927,42,25
"3043","User #25343","Timepoint 35",8.96898782253265,42,25
"3044","User #25343","Timepoint 36",6.98124086856842,42,25
"3045","User #25343","Timepoint 37",7.08266681432724,42,25
"3046","User #25343","Timepoint 38",7.10697969794273,42,25
"3047","User #25343","Timepoint 39",11.1631569862366,42,25
"3048","User #25343","Timepoint 40",9.9671003818512,42,25
"3049","User #25343","Timepoint 41",7.15478008985519,42,25
"3050","User #25343","Timepoint 42",6.9121860563755,42,25
"3051","User #25343","Timepoint 43",8.96004951000214,42,25
"3052","User #25343","Timepoint 44",7.89638763666153,42,25
"3053","User #25343","Timepoint 45",7.20887227356434,42,25
"3054","User #25343","Timepoint 46",6.38406353443861,42,25
"3055","User #25343","Timepoint 47",6.82527697086334,42,25
"3056","User #25343","Timepoint 48",7.76552414894104,42,25
"3057","User #25343","Timepoint 49",7.21783018112183,42,25
"3058","User #25343","Timepoint 50",6.8837666362524,42,25
"3059","User #25343","Timepoint 51",7.6443458199501,42,25
"3060","User #25343","Timepoint 52",7.4316813647747,42,25
"3061","User #25343","Timepoint 53",7.35632872581482,42,25
"3062","User #25343","Timepoint 54",7.28624156117439,42,25
"3063","User #25343","Timepoint 55",7.19028635323048,42,25
"3064","User #25343","Timepoint 56",7.37934818863869,42,25
"3065","User #25343","Timepoint 57",7.57943531870842,42,25
"3066","User #25343","Timepoint 58",7.95684477686882,42,25
"3067","User #25343","Timepoint 59",7.33841991424561,42,25
"3068","User #25343","Timepoint 60",7.7502050101757,42,25
"3069","User #25343","Timepoint 61",7.40958696603775,42,25
"3070","User #25343","Timepoint 62",6.80836966633797,42,25
"3071","User #25343","Timepoint 63",6.91343089938164,42,25
"3072","User #25343","Timepoint 64",6.99011078476906,42,25
"3073","User #25385","Timepoint 1",0,42,25
"3074","User #25385","Timepoint 2",0,42,25
"3075","User #25385","Timepoint 3",0,42,25
"3076","User #25385","Timepoint 4",0,42,25
"3077","User #25385","Timepoint 5",0,42,25
"3078","User #25385","Timepoint 6",0,42,25
"3079","User #25385","Timepoint 7",0,42,25
"3080","User #25385","Timepoint 8",0,42,25
"3081","User #25385","Timepoint 9",0,42,25
"3082","User #25385","Timepoint 10",0,42,25
"3083","User #25385","Timepoint 11",0,42,25
"3084","User #25385","Timepoint 12",0,42,25
"3085","User #25385","Timepoint 13",0,42,25
"3086","User #25385","Timepoint 14",0,42,25
"3087","User #25385","Timepoint 15",0,42,25
"3088","User #25385","Timepoint 16",0,42,25
"3089","User #25385","Timepoint 17",NA,42,25
"3090","User #25385","Timepoint 18",NA,42,25
"3091","User #25385","Timepoint 19",NA,42,25
"3092","User #25385","Timepoint 20",NA,42,25
"3093","User #25385","Timepoint 21",NA,42,25
"3094","User #25385","Timepoint 22",NA,42,25
"3095","User #25385","Timepoint 23",NA,42,25
"3096","User #25385","Timepoint 24",NA,42,25
"3097","User #25385","Timepoint 25",8.67228096723557,42,25
"3098","User #25385","Timepoint 26",8.40423232316971,42,25
"3099","User #25385","Timepoint 27",8.0612433552742,42,25
"3100","User #25385","Timepoint 28",8.09680661559105,42,25
"3101","User #25385","Timepoint 29",8.19184309244156,42,25
"3102","User #25385","Timepoint 30",8.18317121267319,42,25
"3103","User #25385","Timepoint 31",8.42532759904861,42,25
"3104","User #25385","Timepoint 32",8.38559901714325,42,25
"3105","User #25385","Timepoint 33",13.9413688182831,42,25
"3106","User #25385","Timepoint 34",9.56378436088562,42,25
"3107","User #25385","Timepoint 35",15.9555224180222,42,25
"3108","User #25385","Timepoint 36",11.0755202770233,42,25
"3109","User #25385","Timepoint 37",12.2257933616638,42,25
"3110","User #25385","Timepoint 38",7.38372838497162,42,25
"3111","User #25385","Timepoint 39",6.02896673977375,42,25
"3112","User #25385","Timepoint 40",6.8113419264555,42,25
"3113","User #25385","Timepoint 41",8.23631292581558,42,25
"3114","User #25385","Timepoint 42",8.47470438480377,42,25
"3115","User #25385","Timepoint 43",6.2213666960597,42,25
"3116","User #25385","Timepoint 44",5.98538751155138,42,25
"3117","User #25385","Timepoint 45",6.43241538107395,42,25
"3118","User #25385","Timepoint 46",6.96971057355404,42,25
"3119","User #25385","Timepoint 47",8.03039944171906,42,25
"3120","User #25385","Timepoint 48",7.62856161594391,42,25
"3121","User #25385","Timepoint 49",8.60042369365692,42,25
"3122","User #25385","Timepoint 50",9.22325855493546,42,25
"3123","User #25385","Timepoint 51",10.7024807333946,42,25
"3124","User #25385","Timepoint 52",11.4459196329117,42,25
"3125","User #25385","Timepoint 53",13.3046708106995,42,25
"3126","User #25385","Timepoint 54",8.51983314752579,42,25
"3127","User #25385","Timepoint 55",9.82691264152527,42,25
"3128","User #25385","Timepoint 56",8.01778575778008,42,25
"3129","User #25385","Timepoint 57",8.7043554186821,42,25
"3130","User #25385","Timepoint 58",6.49015365540981,42,25
"3131","User #25385","Timepoint 59",7.64171531796455,42,25
"3132","User #25385","Timepoint 60",7.14761248230934,42,25
"3133","User #25385","Timepoint 61",7.06880560517311,42,25
"3134","User #25385","Timepoint 62",7.5036016702652,42,25
"3135","User #25385","Timepoint 63",6.83531931042671,42,25
"3136","User #25385","Timepoint 64",9.09455662965775,42,25
"3137","User #25331","Timepoint 1",0,42,25
"3138","User #25331","Timepoint 2",0,42,25
"3139","User #25331","Timepoint 3",0,42,25
"3140","User #25331","Timepoint 4",0,42,25
"3141","User #25331","Timepoint 5",0,42,25
"3142","User #25331","Timepoint 6",0,42,25
"3143","User #25331","Timepoint 7",0,42,25
"3144","User #25331","Timepoint 8",0,42,25
"3145","User #25331","Timepoint 9",0,42,25
"3146","User #25331","Timepoint 10",0,42,25
"3147","User #25331","Timepoint 11",0,42,25
"3148","User #25331","Timepoint 12",0,42,25
"3149","User #25331","Timepoint 13",0,42,25
"3150","User #25331","Timepoint 14",0,42,25
"3151","User #25331","Timepoint 15",0,42,25
"3152","User #25331","Timepoint 16",0,42,25
"3153","User #25331","Timepoint 17",NA,42,25
"3154","User #25331","Timepoint 18",NA,42,25
"3155","User #25331","Timepoint 19",NA,42,25
"3156","User #25331","Timepoint 20",NA,42,25
"3157","User #25331","Timepoint 21",NA,42,25
"3158","User #25331","Timepoint 22",NA,42,25
"3159","User #25331","Timepoint 23",NA,42,25
"3160","User #25331","Timepoint 24",NA,42,25
"3161","User #25331","Timepoint 25",5.86866304278374,42,25
"3162","User #25331","Timepoint 26",6.06274202466011,42,25
"3163","User #25331","Timepoint 27",6.09417483210564,42,25
"3164","User #25331","Timepoint 28",6.20783291757107,42,25
"3165","User #25331","Timepoint 29",6.25736862421036,42,25
"3166","User #25331","Timepoint 30",6.43890365958214,42,25
"3167","User #25331","Timepoint 31",6.47669792175293,42,25
"3168","User #25331","Timepoint 32",6.4860799908638,42,25
"3169","User #25331","Timepoint 33",8.36959898471832,42,25
"3170","User #25331","Timepoint 34",5.56420315057039,42,25
"3171","User #25331","Timepoint 35",4.8930230922997,42,25
"3172","User #25331","Timepoint 36",5.45569211244583,42,25
"3173","User #25331","Timepoint 37",6.43563151359558,42,25
"3174","User #25331","Timepoint 38",5.42201105505228,42,25
"3175","User #25331","Timepoint 39",5.86400523781776,42,25
"3176","User #25331","Timepoint 40",4.82383880764246,42,25
"3177","User #25331","Timepoint 41",5.96782952547073,42,25
"3178","User #25331","Timepoint 42",6.79272904992104,42,25
"3179","User #25331","Timepoint 43",7.793969810009,42,25
"3180","User #25331","Timepoint 44",4.65374641120434,42,25
"3181","User #25331","Timepoint 45",4.59767118096352,42,25
"3182","User #25331","Timepoint 46",5.64919337630272,42,25
"3183","User #25331","Timepoint 47",8.43572676181793,42,25
"3184","User #25331","Timepoint 48",5.45119311660528,42,25
"3185","User #25331","Timepoint 49",6.01921677589417,42,25
"3186","User #25331","Timepoint 50",8.08702498674393,42,25
"3187","User #25331","Timepoint 51",5.70519410073757,42,25
"3188","User #25331","Timepoint 52",5.19679309800267,42,25
"3189","User #25331","Timepoint 53",5.08291382342577,42,25
"3190","User #25331","Timepoint 54",5.0357922539115,42,25
"3191","User #25331","Timepoint 55",5.63194021582603,42,25
"3192","User #25331","Timepoint 56",6.10396489500999,42,25
"3193","User #25331","Timepoint 57",6.27662062644958,42,25
"3194","User #25331","Timepoint 58",6.23937115073204,42,25
"3195","User #25331","Timepoint 59",5.59156991541386,42,25
"3196","User #25331","Timepoint 60",5.56793682277203,42,25
"3197","User #25331","Timepoint 61",5.72872422635555,42,25
"3198","User #25331","Timepoint 62",5.81192128360271,42,25
"3199","User #25331","Timepoint 63",5.81416130065918,42,25
"3200","User #25331","Timepoint 64",5.63861019909382,42,25
"3201","User #25354","Timepoint 1",0,42,25
"3202","User #25354","Timepoint 2",0,42,25
"3203","User #25354","Timepoint 3",0,42,25
"3204","User #25354","Timepoint 4",0,42,25
"3205","User #25354","Timepoint 5",0,42,25
"3206","User #25354","Timepoint 6",0,42,25
"3207","User #25354","Timepoint 7",0,42,25
"3208","User #25354","Timepoint 8",0,42,25
"3209","User #25354","Timepoint 9",0,42,25
"3210","User #25354","Timepoint 10",0,42,25
"3211","User #25354","Timepoint 11",0,42,25
"3212","User #25354","Timepoint 12",0,42,25
"3213","User #25354","Timepoint 13",0,42,25
"3214","User #25354","Timepoint 14",0,42,25
"3215","User #25354","Timepoint 15",0,42,25
"3216","User #25354","Timepoint 16",0,42,25
"3217","User #25354","Timepoint 17",NA,42,25
"3218","User #25354","Timepoint 18",NA,42,25
"3219","User #25354","Timepoint 19",NA,42,25
"3220","User #25354","Timepoint 20",NA,42,25
"3221","User #25354","Timepoint 21",NA,42,25
"3222","User #25354","Timepoint 22",NA,42,25
"3223","User #25354","Timepoint 23",NA,42,25
"3224","User #25354","Timepoint 24",NA,42,25
"3225","User #25354","Timepoint 25",9.68215489387512,42,25
"3226","User #25354","Timepoint 26",9.84894275665283,42,25
"3227","User #25354","Timepoint 27",9.38522845506668,42,25
"3228","User #25354","Timepoint 28",9.53457057476044,42,25
"3229","User #25354","Timepoint 29",9.64943343400955,42,25
"3230","User #25354","Timepoint 30",9.50802165269852,42,25
"3231","User #25354","Timepoint 31",9.28929835557938,42,25
"3232","User #25354","Timepoint 32",9.70758146047592,42,25
"3233","User #25354","Timepoint 33",9.67872858047485,42,25
"3234","User #25354","Timepoint 34",8.94036930799484,42,25
"3235","User #25354","Timepoint 35",10.0225131511688,42,25
"3236","User #25354","Timepoint 36",9.80911958217621,42,25
"3237","User #25354","Timepoint 37",7.24482607841492,42,25
"3238","User #25354","Timepoint 38",6.16443127393723,42,25
"3239","User #25354","Timepoint 39",7.05756711959839,42,25
"3240","User #25354","Timepoint 40",7.69887205958366,42,25
"3241","User #25354","Timepoint 41",8.08965829014778,42,25
"3242","User #25354","Timepoint 42",6.02440950274467,42,25
"3243","User #25354","Timepoint 43",7.19156113266945,42,25
"3244","User #25354","Timepoint 44",5.27361015602946,42,25
"3245","User #25354","Timepoint 45",10.7541879415512,42,25
"3246","User #25354","Timepoint 46",6.34905457496643,42,25
"3247","User #25354","Timepoint 47",7.50722110271454,42,25
"3248","User #25354","Timepoint 48",5.75481085479259,42,25
"3249","User #25354","Timepoint 49",9.44113886356354,42,25
"3250","User #25354","Timepoint 50",8.0926992893219,42,25
"3251","User #25354","Timepoint 51",7.85280728340149,42,25
"3252","User #25354","Timepoint 52",8.55110764503479,42,25
"3253","User #25354","Timepoint 53",7.96072697639465,42,25
"3254","User #25354","Timepoint 54",7.1237533390522,42,25
"3255","User #25354","Timepoint 55",7.31747418642044,42,25
"3256","User #25354","Timepoint 56",7.34249916672707,42,25
"3257","User #25354","Timepoint 57",8.51337146759033,42,25
"3258","User #25354","Timepoint 58",5.93554127216339,42,25
"3259","User #25354","Timepoint 59",7.24922266602516,42,25
"3260","User #25354","Timepoint 60",6.83858117461205,42,25
"3261","User #25354","Timepoint 61",10.3345079421997,42,25
"3262","User #25354","Timepoint 62",5.68763803690672,42,25
"3263","User #25354","Timepoint 63",6.87211894989014,42,25
"3264","User #25354","Timepoint 64",6.41457530856133,42,25
"3265","User #25330","Timepoint 1",0,42,25
"3266","User #25330","Timepoint 2",0,42,25
"3267","User #25330","Timepoint 3",0,42,25
"3268","User #25330","Timepoint 4",0,42,25
"3269","User #25330","Timepoint 5",0,42,25
"3270","User #25330","Timepoint 6",0,42,25
"3271","User #25330","Timepoint 7",0,42,25
"3272","User #25330","Timepoint 8",0,42,25
"3273","User #25330","Timepoint 9",0,42,25
"3274","User #25330","Timepoint 10",0,42,25
"3275","User #25330","Timepoint 11",0,42,25
"3276","User #25330","Timepoint 12",0,42,25
"3277","User #25330","Timepoint 13",0,42,25
"3278","User #25330","Timepoint 14",0,42,25
"3279","User #25330","Timepoint 15",0,42,25
"3280","User #25330","Timepoint 16",0,42,25
"3281","User #25330","Timepoint 17",NA,42,25
"3282","User #25330","Timepoint 18",NA,42,25
"3283","User #25330","Timepoint 19",NA,42,25
"3284","User #25330","Timepoint 20",NA,42,25
"3285","User #25330","Timepoint 21",NA,42,25
"3286","User #25330","Timepoint 22",NA,42,25
"3287","User #25330","Timepoint 23",NA,42,25
"3288","User #25330","Timepoint 24",NA,42,25
"3289","User #25330","Timepoint 25",10.9910518229008,42,25
"3290","User #25330","Timepoint 26",11.4065487384796,42,25
"3291","User #25330","Timepoint 27",11.0202768146992,42,25
"3292","User #25330","Timepoint 28",11.3062816560268,42,25
"3293","User #25330","Timepoint 29",11.1452894806862,42,25
"3294","User #25330","Timepoint 30",11.4487818479538,42,25
"3295","User #25330","Timepoint 31",11.5591076016426,42,25
"3296","User #25330","Timepoint 32",11.3485773801804,42,25
"3297","User #25330","Timepoint 33",10.1953798830509,42,25
"3298","User #25330","Timepoint 34",13.9297970533371,42,25
"3299","User #25330","Timepoint 35",9.33149269223213,42,25
"3300","User #25330","Timepoint 36",11.404411315918,42,25
"3301","User #25330","Timepoint 37",15.021729528904,42,25
"3302","User #25330","Timepoint 38",16.6871521472931,42,25
"3303","User #25330","Timepoint 39",10.4702704548836,42,25
"3304","User #25330","Timepoint 40",13.6535581350327,42,25
"3305","User #25330","Timepoint 41",5.85026609152555,42,25
"3306","User #25330","Timepoint 42",7.6516595184803,42,25
"3307","User #25330","Timepoint 43",6.79585568606853,42,25
"3308","User #25330","Timepoint 44",9.68958964943886,42,25
"3309","User #25330","Timepoint 45",8.73005820810795,42,25
"3310","User #25330","Timepoint 46",9.79850608110428,42,25
"3311","User #25330","Timepoint 47",7.86076828837395,42,25
"3312","User #25330","Timepoint 48",8.11129224300385,42,25
"3313","User #25330","Timepoint 49",8.01262331008911,42,25
"3314","User #25330","Timepoint 50",14.1437150239944,42,25
"3315","User #25330","Timepoint 51",8.75749769806862,42,25
"3316","User #25330","Timepoint 52",13.5425682067871,42,25
"3317","User #25330","Timepoint 53",10.3015025854111,42,25
"3318","User #25330","Timepoint 54",14.1399725675583,42,25
"3319","User #25330","Timepoint 55",7.89023554325104,42,25
"3320","User #25330","Timepoint 56",10.1970737576485,42,25
"3321","User #25330","Timepoint 57",7.60346260666847,42,25
"3322","User #25330","Timepoint 58",11.9858899116516,42,25
"3323","User #25330","Timepoint 59",9.45205610990524,42,25
"3324","User #25330","Timepoint 60",9.49486291408539,42,25
"3325","User #25330","Timepoint 61",8.1095495223999,42,25
"3326","User #25330","Timepoint 62",11.6012266278267,42,25
"3327","User #25330","Timepoint 63",11.9974097013474,42,25
"3328","User #25330","Timepoint 64",11.2913888692856,42,25
"3329","User #25314","Timepoint 1",0,42,25
"3330","User #25314","Timepoint 2",0,42,25
"3331","User #25314","Timepoint 3",0,42,25
"3332","User #25314","Timepoint 4",0,42,25
"3333","User #25314","Timepoint 5",0,42,25
"3334","User #25314","Timepoint 6",0,42,25
"3335","User #25314","Timepoint 7",0,42,25
"3336","User #25314","Timepoint 8",0,42,25
"3337","User #25314","Timepoint 9",0,42,25
"3338","User #25314","Timepoint 10",0,42,25
"3339","User #25314","Timepoint 11",0,42,25
"3340","User #25314","Timepoint 12",0,42,25
"3341","User #25314","Timepoint 13",0,42,25
"3342","User #25314","Timepoint 14",0,42,25
"3343","User #25314","Timepoint 15",0,42,25
"3344","User #25314","Timepoint 16",0,42,25
"3345","User #25314","Timepoint 17",NA,42,25
"3346","User #25314","Timepoint 18",NA,42,25
"3347","User #25314","Timepoint 19",NA,42,25
"3348","User #25314","Timepoint 20",NA,42,25
"3349","User #25314","Timepoint 21",NA,42,25
"3350","User #25314","Timepoint 22",NA,42,25
"3351","User #25314","Timepoint 23",NA,42,25
"3352","User #25314","Timepoint 24",NA,42,25
"3353","User #25314","Timepoint 25",9.68215489387512,42,25
"3354","User #25314","Timepoint 26",9.84894275665283,42,25
"3355","User #25314","Timepoint 27",9.38522845506668,42,25
"3356","User #25314","Timepoint 28",9.53457057476044,42,25
"3357","User #25314","Timepoint 29",9.64943343400955,42,25
"3358","User #25314","Timepoint 30",9.50802165269852,42,25
"3359","User #25314","Timepoint 31",9.28929835557938,42,25
"3360","User #25314","Timepoint 32",9.70758146047592,42,25
"3361","User #25314","Timepoint 33",9.67872858047485,42,25
"3362","User #25314","Timepoint 34",8.94036930799484,42,25
"3363","User #25314","Timepoint 35",10.0225131511688,42,25
"3364","User #25314","Timepoint 36",9.80911958217621,42,25
"3365","User #25314","Timepoint 37",7.24482607841492,42,25
"3366","User #25314","Timepoint 38",6.16443127393723,42,25
"3367","User #25314","Timepoint 39",7.05756711959839,42,25
"3368","User #25314","Timepoint 40",7.69887205958366,42,25
"3369","User #25314","Timepoint 41",8.08965829014778,42,25
"3370","User #25314","Timepoint 42",6.02440950274467,42,25
"3371","User #25314","Timepoint 43",7.19156113266945,42,25
"3372","User #25314","Timepoint 44",5.27361015602946,42,25
"3373","User #25314","Timepoint 45",10.7541879415512,42,25
"3374","User #25314","Timepoint 46",6.34905457496643,42,25
"3375","User #25314","Timepoint 47",7.50722110271454,42,25
"3376","User #25314","Timepoint 48",5.75481085479259,42,25
"3377","User #25314","Timepoint 49",9.44113886356354,42,25
"3378","User #25314","Timepoint 50",8.0926992893219,42,25
"3379","User #25314","Timepoint 51",7.85280728340149,42,25
"3380","User #25314","Timepoint 52",8.55110764503479,42,25
"3381","User #25314","Timepoint 53",7.96072697639465,42,25
"3382","User #25314","Timepoint 54",7.1237533390522,42,25
"3383","User #25314","Timepoint 55",7.31747418642044,42,25
"3384","User #25314","Timepoint 56",7.34249916672707,42,25
"3385","User #25314","Timepoint 57",8.51337146759033,42,25
"3386","User #25314","Timepoint 58",5.93554127216339,42,25
"3387","User #25314","Timepoint 59",7.24922266602516,42,25
"3388","User #25314","Timepoint 60",6.83858117461205,42,25
"3389","User #25314","Timepoint 61",10.3345079421997,42,25
"3390","User #25314","Timepoint 62",5.68763803690672,42,25
"3391","User #25314","Timepoint 63",6.87211894989014,42,25
"3392","User #25314","Timepoint 64",6.41457530856133,42,25
"3393","User #25383","Timepoint 1",0,42,25
"3394","User #25383","Timepoint 2",0,42,25
"3395","User #25383","Timepoint 3",0,42,25
"3396","User #25383","Timepoint 4",0,42,25
"3397","User #25383","Timepoint 5",0,42,25
"3398","User #25383","Timepoint 6",0,42,25
"3399","User #25383","Timepoint 7",0,42,25
"3400","User #25383","Timepoint 8",0,42,25
"3401","User #25383","Timepoint 9",0,42,25
"3402","User #25383","Timepoint 10",0,42,25
"3403","User #25383","Timepoint 11",0,42,25
"3404","User #25383","Timepoint 12",0,42,25
"3405","User #25383","Timepoint 13",0,42,25
"3406","User #25383","Timepoint 14",0,42,25
"3407","User #25383","Timepoint 15",0,42,25
"3408","User #25383","Timepoint 16",0,42,25
"3409","User #25383","Timepoint 17",NA,42,25
"3410","User #25383","Timepoint 18",NA,42,25
"3411","User #25383","Timepoint 19",NA,42,25
"3412","User #25383","Timepoint 20",NA,42,25
"3413","User #25383","Timepoint 21",NA,42,25
"3414","User #25383","Timepoint 22",NA,42,25
"3415","User #25383","Timepoint 23",NA,42,25
"3416","User #25383","Timepoint 24",NA,42,25
"3417","User #25383","Timepoint 25",7.83096513152122,42,25
"3418","User #25383","Timepoint 26",7.93384364247322,42,25
"3419","User #25383","Timepoint 27",7.87355771660805,42,25
"3420","User #25383","Timepoint 28",7.89948454499245,42,25
"3421","User #25383","Timepoint 29",7.94542437791824,42,25
"3422","User #25383","Timepoint 30",8.02665358781815,42,25
"3423","User #25383","Timepoint 31",7.97193175554276,42,25
"3424","User #25383","Timepoint 32",7.94207280874252,42,25
"3425","User #25383","Timepoint 33",5.71009578555822,42,25
"3426","User #25383","Timepoint 34",8.42990911006927,42,25
"3427","User #25383","Timepoint 35",8.96898782253265,42,25
"3428","User #25383","Timepoint 36",6.98124086856842,42,25
"3429","User #25383","Timepoint 37",7.08266681432724,42,25
"3430","User #25383","Timepoint 38",7.10697969794273,42,25
"3431","User #25383","Timepoint 39",11.1631569862366,42,25
"3432","User #25383","Timepoint 40",9.9671003818512,42,25
"3433","User #25383","Timepoint 41",7.15478008985519,42,25
"3434","User #25383","Timepoint 42",6.9121860563755,42,25
"3435","User #25383","Timepoint 43",8.96004951000214,42,25
"3436","User #25383","Timepoint 44",7.89638763666153,42,25
"3437","User #25383","Timepoint 45",7.20887227356434,42,25
"3438","User #25383","Timepoint 46",6.38406353443861,42,25
"3439","User #25383","Timepoint 47",6.82527697086334,42,25
"3440","User #25383","Timepoint 48",7.76552414894104,42,25
"3441","User #25383","Timepoint 49",7.21783018112183,42,25
"3442","User #25383","Timepoint 50",6.8837666362524,42,25
"3443","User #25383","Timepoint 51",7.6443458199501,42,25
"3444","User #25383","Timepoint 52",7.4316813647747,42,25
"3445","User #25383","Timepoint 53",7.35632872581482,42,25
"3446","User #25383","Timepoint 54",7.28624156117439,42,25
"3447","User #25383","Timepoint 55",7.19028635323048,42,25
"3448","User #25383","Timepoint 56",7.37934818863869,42,25
"3449","User #25383","Timepoint 57",7.57943531870842,42,25
"3450","User #25383","Timepoint 58",7.95684477686882,42,25
"3451","User #25383","Timepoint 59",7.33841991424561,42,25
"3452","User #25383","Timepoint 60",7.7502050101757,42,25
"3453","User #25383","Timepoint 61",7.40958696603775,42,25
"3454","User #25383","Timepoint 62",6.80836966633797,42,25
"3455","User #25383","Timepoint 63",6.91343089938164,42,25
"3456","User #25383","Timepoint 64",6.99011078476906,42,25
"3457","User #25384","Timepoint 1",0,42,25
"3458","User #25384","Timepoint 2",0,42,25
"3459","User #25384","Timepoint 3",0,42,25
"3460","User #25384","Timepoint 4",0,42,25
"3461","User #25384","Timepoint 5",0,42,25
"3462","User #25384","Timepoint 6",0,42,25
"3463","User #25384","Timepoint 7",0,42,25
"3464","User #25384","Timepoint 8",0,42,25
"3465","User #25384","Timepoint 9",0,42,25
"3466","User #25384","Timepoint 10",0,42,25
"3467","User #25384","Timepoint 11",0,42,25
"3468","User #25384","Timepoint 12",0,42,25
"3469","User #25384","Timepoint 13",0,42,25
"3470","User #25384","Timepoint 14",0,42,25
"3471","User #25384","Timepoint 15",0,42,25
"3472","User #25384","Timepoint 16",0,42,25
"3473","User #25384","Timepoint 17",NA,42,25
"3474","User #25384","Timepoint 18",NA,42,25
"3475","User #25384","Timepoint 19",NA,42,25
"3476","User #25384","Timepoint 20",NA,42,25
"3477","User #25384","Timepoint 21",NA,42,25
"3478","User #25384","Timepoint 22",NA,42,25
"3479","User #25384","Timepoint 23",NA,42,25
"3480","User #25384","Timepoint 24",NA,42,25
"3481","User #25384","Timepoint 25",9.1232762336731,42,25
"3482","User #25384","Timepoint 26",9.36616253852844,42,25
"3483","User #25384","Timepoint 27",9.3259642124176,42,25
"3484","User #25384","Timepoint 28",9.48184180259705,42,25
"3485","User #25384","Timepoint 29",9.45840406417847,42,25
"3486","User #25384","Timepoint 30",9.5470118522644,42,25
"3487","User #25384","Timepoint 31",9.44431304931641,42,25
"3488","User #25384","Timepoint 32",9.14097118377686,42,25
"3489","User #25384","Timepoint 33",11.465672492981,42,25
"3490","User #25384","Timepoint 34",12.8777322769165,42,25
"3491","User #25384","Timepoint 35",9.42091012001038,42,25
"3492","User #25384","Timepoint 36",7.46882486343384,42,25
"3493","User #25384","Timepoint 37",7.52209150791168,42,25
"3494","User #25384","Timepoint 38",7.09509921073914,42,25
"3495","User #25384","Timepoint 39",8.40487098693848,42,25
"3496","User #25384","Timepoint 40",7.80951333045959,42,25
"3497","User #25384","Timepoint 41",9.56279683113098,42,25
"3498","User #25384","Timepoint 42",12.4344778060913,42,25
"3499","User #25384","Timepoint 43",6.8186856508255,42,25
"3500","User #25384","Timepoint 44",8.41644787788391,42,25
"3501","User #25384","Timepoint 45",6.18973842263222,42,25
"3502","User #25384","Timepoint 46",7.43888163566589,42,25
"3503","User #25384","Timepoint 47",8.48239326477051,42,25
"3504","User #25384","Timepoint 48",7.94408082962036,42,25
"3505","User #25384","Timepoint 49",7.88314202427864,42,25
"3506","User #25384","Timepoint 50",8.25730779767036,42,25
"3507","User #25384","Timepoint 51",7.53167171776295,42,25
"3508","User #25384","Timepoint 52",8.28196248412132,42,25
"3509","User #25384","Timepoint 53",7.59723334014416,42,25
"3510","User #25384","Timepoint 54",7.22446539998055,42,25
"3511","User #25384","Timepoint 55",7.23891603946686,42,25
"3512","User #25384","Timepoint 56",7.7977382838726,42,25
"3513","User #25384","Timepoint 57",7.94402834773064,42,25
"3514","User #25384","Timepoint 58",8.00482684373856,42,25
"3515","User #25384","Timepoint 59",7.51987916231155,42,25
"3516","User #25384","Timepoint 60",7.73474305868149,42,25
"3517","User #25384","Timepoint 61",7.85534203052521,42,25
"3518","User #25384","Timepoint 62",7.66863089799881,42,25
"3519","User #25384","Timepoint 63",7.46434415876865,42,25
"3520","User #25384","Timepoint 64",7.42103803157806,42,25
"3521","User #25344","Timepoint 1",0,42,25
"3522","User #25344","Timepoint 2",0,42,25
"3523","User #25344","Timepoint 3",0,42,25
"3524","User #25344","Timepoint 4",0,42,25
"3525","User #25344","Timepoint 5",0,42,25
"3526","User #25344","Timepoint 6",0,42,25
"3527","User #25344","Timepoint 7",0,42,25
"3528","User #25344","Timepoint 8",0,42,25
"3529","User #25344","Timepoint 9",0,42,25
"3530","User #25344","Timepoint 10",0,42,25
"3531","User #25344","Timepoint 11",0,42,25
"3532","User #25344","Timepoint 12",0,42,25
"3533","User #25344","Timepoint 13",0,42,25
"3534","User #25344","Timepoint 14",0,42,25
"3535","User #25344","Timepoint 15",0,42,25
"3536","User #25344","Timepoint 16",0,42,25
"3537","User #25344","Timepoint 17",NA,42,25
"3538","User #25344","Timepoint 18",NA,42,25
"3539","User #25344","Timepoint 19",NA,42,25
"3540","User #25344","Timepoint 20",NA,42,25
"3541","User #25344","Timepoint 21",NA,42,25
"3542","User #25344","Timepoint 22",NA,42,25
"3543","User #25344","Timepoint 23",NA,42,25
"3544","User #25344","Timepoint 24",NA,42,25
"3545","User #25344","Timepoint 25",7.75252065062523,42,25
"3546","User #25344","Timepoint 26",7.8931832909584,42,25
"3547","User #25344","Timepoint 27",7.88447028398514,42,25
"3548","User #25344","Timepoint 28",7.96151480078697,42,25
"3549","User #25344","Timepoint 29",7.92546188831329,42,25
"3550","User #25344","Timepoint 30",8.039495408535,42,25
"3551","User #25344","Timepoint 31",8.01204717159271,42,25
"3552","User #25344","Timepoint 32",7.81984663009644,42,25
"3553","User #25344","Timepoint 33",6.77705413103104,42,25
"3554","User #25344","Timepoint 34",8.00805842876434,42,25
"3555","User #25344","Timepoint 35",6.04886884242296,42,25
"3556","User #25344","Timepoint 36",7.3244540989399,42,25
"3557","User #25344","Timepoint 37",6.61635106801987,42,25
"3558","User #25344","Timepoint 38",9.87470781803131,42,25
"3559","User #25344","Timepoint 39",8.06962794065475,42,25
"3560","User #25344","Timepoint 40",10.2867136001587,42,25
"3561","User #25344","Timepoint 41",7.66579321026802,42,25
"3562","User #25344","Timepoint 42",8.27943703532219,42,25
"3563","User #25344","Timepoint 43",8.08676561713219,42,25
"3564","User #25344","Timepoint 44",8.98681616783142,42,25
"3565","User #25344","Timepoint 45",7.64128586649895,42,25
"3566","User #25344","Timepoint 46",7.20826438069344,42,25
"3567","User #25344","Timepoint 47",8.71504193544388,42,25
"3568","User #25344","Timepoint 48",7.22513964772224,42,25
"3569","User #25344","Timepoint 49",7.70782759785652,42,25
"3570","User #25344","Timepoint 50",8.46786683797836,42,25
"3571","User #25344","Timepoint 51",7.69809058308601,42,25
"3572","User #25344","Timepoint 52",8.17437639832497,42,25
"3573","User #25344","Timepoint 53",9.74311119318008,42,25
"3574","User #25344","Timepoint 54",9.36073279380798,42,25
"3575","User #25344","Timepoint 55",8.97882437705994,42,25
"3576","User #25344","Timepoint 56",7.76755398511887,42,25
"3577","User #25344","Timepoint 57",8.30165079236031,42,25
"3578","User #25344","Timepoint 58",6.79304568469524,42,25
"3579","User #25344","Timepoint 59",8.98599004745483,42,25
"3580","User #25344","Timepoint 60",8.58259266614914,42,25
"3581","User #25344","Timepoint 61",8.4170458316803,42,25
"3582","User #25344","Timepoint 62",8.03112572431564,42,25
"3583","User #25344","Timepoint 63",8.13308662176132,42,25
"3584","User #25344","Timepoint 64",8.55950003862381,42,25
"3585","User #25384","Timepoint 1",0,42,25
"3586","User #25384","Timepoint 2",0,42,25
"3587","User #25384","Timepoint 3",0,42,25
"3588","User #25384","Timepoint 4",0,42,25
"3589","User #25384","Timepoint 5",0,42,25
"3590","User #25384","Timepoint 6",0,42,25
"3591","User #25384","Timepoint 7",0,42,25
"3592","User #25384","Timepoint 8",0,42,25
"3593","User #25384","Timepoint 9",0,42,25
"3594","User #25384","Timepoint 10",0,42,25
"3595","User #25384","Timepoint 11",0,42,25
"3596","User #25384","Timepoint 12",0,42,25
"3597","User #25384","Timepoint 13",0,42,25
"3598","User #25384","Timepoint 14",0,42,25
"3599","User #25384","Timepoint 15",0,42,25
"3600","User #25384","Timepoint 16",0,42,25
"3601","User #25384","Timepoint 17",NA,42,25
"3602","User #25384","Timepoint 18",NA,42,25
"3603","User #25384","Timepoint 19",NA,42,25
"3604","User #25384","Timepoint 20",NA,42,25
"3605","User #25384","Timepoint 21",NA,42,25
"3606","User #25384","Timepoint 22",NA,42,25
"3607","User #25384","Timepoint 23",NA,42,25
"3608","User #25384","Timepoint 24",NA,42,25
"3609","User #25384","Timepoint 25",7.78837752342224,42,25
"3610","User #25384","Timepoint 26",7.8028382062912,42,25
"3611","User #25384","Timepoint 27",7.72571092844009,42,25
"3612","User #25384","Timepoint 28",7.75584948062897,42,25
"3613","User #25384","Timepoint 29",7.62859725952148,42,25
"3614","User #25384","Timepoint 30",7.63593220710754,42,25
"3615","User #25384","Timepoint 31",7.69933354854584,42,25
"3616","User #25384","Timepoint 32",7.72501122951508,42,25
"3617","User #25384","Timepoint 33",7.78748613595963,42,25
"3618","User #25384","Timepoint 34",6.4999920129776,42,25
"3619","User #25384","Timepoint 35",8.51145619153976,42,25
"3620","User #25384","Timepoint 36",9.86453604698181,42,25
"3621","User #25384","Timepoint 37",8.2078076004982,42,25
"3622","User #25384","Timepoint 38",6.87761476635933,42,25
"3623","User #25384","Timepoint 39",7.52837938070297,42,25
"3624","User #25384","Timepoint 40",7.2211942076683,42,25
"3625","User #25384","Timepoint 41",8.82013213634491,42,25
"3626","User #25384","Timepoint 42",12.1435189247131,42,25
"3627","User #25384","Timepoint 43",8.05062586069107,42,25
"3628","User #25384","Timepoint 44",8.87312060594559,42,25
"3629","User #25384","Timepoint 45",6.22004871815443,42,25
"3630","User #25384","Timepoint 46",6.99518144130707,42,25
"3631","User #25384","Timepoint 47",7.49855920672417,42,25
"3632","User #25384","Timepoint 48",7.59721559286118,42,25
"3633","User #25384","Timepoint 49",7.84192943572998,42,25
"3634","User #25384","Timepoint 50",8.68794214725494,42,25
"3635","User #25384","Timepoint 51",7.05724561214447,42,25
"3636","User #25384","Timepoint 52",8.81937557458878,42,25
"3637","User #25384","Timepoint 53",7.97774791717529,42,25
"3638","User #25384","Timepoint 54",10.008509516716,42,25
"3639","User #25384","Timepoint 55",8.15279817581177,42,25
"3640","User #25384","Timepoint 56",8.50728660821915,42,25
"3641","User #25384","Timepoint 57",7.51966685056686,42,25
"3642","User #25384","Timepoint 58",8.42295777797699,42,25
"3643","User #25384","Timepoint 59",9.55171751976013,42,25
"3644","User #25384","Timepoint 60",11.0299594402313,42,25
"3645","User #25384","Timepoint 61",7.54737675189972,42,25
"3646","User #25384","Timepoint 62",8.21391803026199,42,25
"3647","User #25384","Timepoint 63",6.79200455546379,42,25
"3648","User #25384","Timepoint 64",7.22811448574066,42,25
"3649","User #25330","Timepoint 1",0,42,25
"3650","User #25330","Timepoint 2",0,42,25
"3651","User #25330","Timepoint 3",0,42,25
"3652","User #25330","Timepoint 4",0,42,25
"3653","User #25330","Timepoint 5",0,42,25
"3654","User #25330","Timepoint 6",0,42,25
"3655","User #25330","Timepoint 7",0,42,25
"3656","User #25330","Timepoint 8",0,42,25
"3657","User #25330","Timepoint 9",0,42,25
"3658","User #25330","Timepoint 10",0,42,25
"3659","User #25330","Timepoint 11",0,42,25
"3660","User #25330","Timepoint 12",0,42,25
"3661","User #25330","Timepoint 13",0,42,25
"3662","User #25330","Timepoint 14",0,42,25
"3663","User #25330","Timepoint 15",0,42,25
"3664","User #25330","Timepoint 16",0,42,25
"3665","User #25330","Timepoint 17",NA,42,25
"3666","User #25330","Timepoint 18",NA,42,25
"3667","User #25330","Timepoint 19",NA,42,25
"3668","User #25330","Timepoint 20",NA,42,25
"3669","User #25330","Timepoint 21",NA,42,25
"3670","User #25330","Timepoint 22",NA,42,25
"3671","User #25330","Timepoint 23",NA,42,25
"3672","User #25330","Timepoint 24",NA,42,25
"3673","User #25330","Timepoint 25",7.90169513225555,42,25
"3674","User #25330","Timepoint 26",8.09581553936005,42,25
"3675","User #25330","Timepoint 27",8.16856822371483,42,25
"3676","User #25330","Timepoint 28",8.12701678276062,42,25
"3677","User #25330","Timepoint 29",7.89885266125202,42,25
"3678","User #25330","Timepoint 30",7.98803432285786,42,25
"3679","User #25330","Timepoint 31",8.00294628739357,42,25
"3680","User #25330","Timepoint 32",7.9601134210825,42,25
"3681","User #25330","Timepoint 33",7.21860232204199,42,25
"3682","User #25330","Timepoint 34",7.17427591234446,42,25
"3683","User #25330","Timepoint 35",9.10917153954506,42,25
"3684","User #25330","Timepoint 36",6.52523760125041,42,25
"3685","User #25330","Timepoint 37",6.81443645060062,42,25
"3686","User #25330","Timepoint 38",6.9069748967886,42,25
"3687","User #25330","Timepoint 39",9.52242417633533,42,25
"3688","User #25330","Timepoint 40",6.3811189904809,42,25
"3689","User #25330","Timepoint 41",7.19803436100483,42,25
"3690","User #25330","Timepoint 42",6.58864463120699,42,25
"3691","User #25330","Timepoint 43",8.70544163882732,42,25
"3692","User #25330","Timepoint 44",6.94731286168098,42,25
"3693","User #25330","Timepoint 45",6.93228120356798,42,25
"3694","User #25330","Timepoint 46",6.55922739207745,42,25
"3695","User #25330","Timepoint 47",7.50863874703646,42,25
"3696","User #25330","Timepoint 48",6.23527253419161,42,25
"3697","User #25330","Timepoint 49",5.44187654554844,42,25
"3698","User #25330","Timepoint 50",5.18522669374943,42,25
"3699","User #25330","Timepoint 51",5.70356398820877,42,25
"3700","User #25330","Timepoint 52",5.21973454207182,42,25
"3701","User #25330","Timepoint 53",5.27173267304897,42,25
"3702","User #25330","Timepoint 54",5.58104242384434,42,25
"3703","User #25330","Timepoint 55",5.213275000453,42,25
"3704","User #25330","Timepoint 56",5.32788903266191,42,25
"3705","User #25330","Timepoint 57",5.29641791433096,42,25
"3706","User #25330","Timepoint 58",5.22613234817982,42,25
"3707","User #25330","Timepoint 59",5.36033537983894,42,25
"3708","User #25330","Timepoint 60",5.04905896633863,42,25
"3709","User #25330","Timepoint 61",4.80558647215366,42,25
"3710","User #25330","Timepoint 62",5.14501322805882,42,25
"3711","User #25330","Timepoint 63",5.16434806585312,42,25
"3712","User #25330","Timepoint 64",5.08820270001888,42,25
"3713","User #25385","Timepoint 1",0,42,25
"3714","User #25385","Timepoint 2",0,42,25
"3715","User #25385","Timepoint 3",0,42,25
"3716","User #25385","Timepoint 4",0,42,25
"3717","User #25385","Timepoint 5",0,42,25
"3718","User #25385","Timepoint 6",0,42,25
"3719","User #25385","Timepoint 7",0,42,25
"3720","User #25385","Timepoint 8",0,42,25
"3721","User #25385","Timepoint 9",0,42,25
"3722","User #25385","Timepoint 10",0,42,25
"3723","User #25385","Timepoint 11",0,42,25
"3724","User #25385","Timepoint 12",0,42,25
"3725","User #25385","Timepoint 13",0,42,25
"3726","User #25385","Timepoint 14",0,42,25
"3727","User #25385","Timepoint 15",0,42,25
"3728","User #25385","Timepoint 16",0,42,25
"3729","User #25385","Timepoint 17",NA,42,25
"3730","User #25385","Timepoint 18",NA,42,25
"3731","User #25385","Timepoint 19",NA,42,25
"3732","User #25385","Timepoint 20",NA,42,25
"3733","User #25385","Timepoint 21",NA,42,25
"3734","User #25385","Timepoint 22",NA,42,25
"3735","User #25385","Timepoint 23",NA,42,25
"3736","User #25385","Timepoint 24",NA,42,25
"3737","User #25385","Timepoint 25",7.23870778083801,42,25
"3738","User #25385","Timepoint 26",7.2515242099762,42,25
"3739","User #25385","Timepoint 27",7.15434038639069,42,25
"3740","User #25385","Timepoint 28",7.13537359237671,42,25
"3741","User #25385","Timepoint 29",7.15817975997925,42,25
"3742","User #25385","Timepoint 30",7.13032329082489,42,25
"3743","User #25385","Timepoint 31",7.10550844669342,42,25
"3744","User #25385","Timepoint 32",7.1492714881897,42,25
"3745","User #25385","Timepoint 33",7.30365896224976,42,25
"3746","User #25385","Timepoint 34",7.65218329429626,42,25
"3747","User #25385","Timepoint 35",7.1539421081543,42,25
"3748","User #25385","Timepoint 36",6.76558727025986,42,25
"3749","User #25385","Timepoint 37",7.52416133880615,42,25
"3750","User #25385","Timepoint 38",7.79635488986969,42,25
"3751","User #25385","Timepoint 39",7.23292791843414,42,25
"3752","User #25385","Timepoint 40",6.89258503913879,42,25
"3753","User #25385","Timepoint 41",6.7338781952858,42,25
"3754","User #25385","Timepoint 42",7.2934353351593,42,25
"3755","User #25385","Timepoint 43",7.65449607372284,42,25
"3756","User #25385","Timepoint 44",6.97537356615067,42,25
"3757","User #25385","Timepoint 45",5.9693840444088,42,25
"3758","User #25385","Timepoint 46",7.77795815467834,42,25
"3759","User #25385","Timepoint 47",6.99982297420502,42,25
"3760","User #25385","Timepoint 48",7.10802292823792,42,25
"3761","User #25385","Timepoint 49",6.4750502705574,42,25
"3762","User #25385","Timepoint 50",7.64366042613983,42,25
"3763","User #25385","Timepoint 51",7.34930038452148,42,25
"3764","User #25385","Timepoint 52",6.80662971735001,42,25
"3765","User #25385","Timepoint 53",6.48287352919579,42,25
"3766","User #25385","Timepoint 54",7.57744514942169,42,25
"3767","User #25385","Timepoint 55",7.43518841266632,42,25
"3768","User #25385","Timepoint 56",7.24103629589081,42,25
"3769","User #25385","Timepoint 57",6.84732484817505,42,25
"3770","User #25385","Timepoint 58",7.70663976669312,42,25
"3771","User #25385","Timepoint 59",7.63871216773987,42,25
"3772","User #25385","Timepoint 60",7.17810392379761,42,25
"3773","User #25385","Timepoint 61",6.76104617118835,42,25
"3774","User #25385","Timepoint 62",7.81025540828705,42,25
"3775","User #25385","Timepoint 63",7.04604518413544,42,25
"3776","User #25385","Timepoint 64",7.61571514606476,42,25
"3777","User #25350","Timepoint 1",0,42,25
"3778","User #25350","Timepoint 2",0,42,25
"3779","User #25350","Timepoint 3",0,42,25
"3780","User #25350","Timepoint 4",0,42,25
"3781","User #25350","Timepoint 5",0,42,25
"3782","User #25350","Timepoint 6",0,42,25
"3783","User #25350","Timepoint 7",0,42,25
"3784","User #25350","Timepoint 8",0,42,25
"3785","User #25350","Timepoint 9",0,42,25
"3786","User #25350","Timepoint 10",0,42,25
"3787","User #25350","Timepoint 11",0,42,25
"3788","User #25350","Timepoint 12",0,42,25
"3789","User #25350","Timepoint 13",0,42,25
"3790","User #25350","Timepoint 14",0,42,25
"3791","User #25350","Timepoint 15",0,42,25
"3792","User #25350","Timepoint 16",0,42,25
"3793","User #25350","Timepoint 17",NA,42,25
"3794","User #25350","Timepoint 18",NA,42,25
"3795","User #25350","Timepoint 19",NA,42,25
"3796","User #25350","Timepoint 20",NA,42,25
"3797","User #25350","Timepoint 21",NA,42,25
"3798","User #25350","Timepoint 22",NA,42,25
"3799","User #25350","Timepoint 23",NA,42,25
"3800","User #25350","Timepoint 24",NA,42,25
"3801","User #25350","Timepoint 25",10.0176661014557,42,25
"3802","User #25350","Timepoint 26",10.3115954399109,42,25
"3803","User #25350","Timepoint 27",9.91243433952332,42,25
"3804","User #25350","Timepoint 28",10.0393967628479,42,25
"3805","User #25350","Timepoint 29",10.1480901241302,42,25
"3806","User #25350","Timepoint 30",10.2907567024231,42,25
"3807","User #25350","Timepoint 31",10.2818174362183,42,25
"3808","User #25350","Timepoint 32",10.3510293960571,42,25
"3809","User #25350","Timepoint 33",7.59172815084457,42,25
"3810","User #25350","Timepoint 34",7.32512918114662,42,25
"3811","User #25350","Timepoint 35",7.20099827647209,42,25
"3812","User #25350","Timepoint 36",7.23659482598305,42,25
"3813","User #25350","Timepoint 37",8.50585961341858,42,25
"3814","User #25350","Timepoint 38",11.4931406974792,42,25
"3815","User #25350","Timepoint 39",10.4704775810242,42,25
"3816","User #25350","Timepoint 40",7.77365428209305,42,25
"3817","User #25350","Timepoint 41",9.48460841178894,42,25
"3818","User #25350","Timepoint 42",8.152135014534,42,25
"3819","User #25350","Timepoint 43",15.1736574172974,42,25
"3820","User #25350","Timepoint 44",13.893630027771,42,25
"3821","User #25350","Timepoint 45",6.50875163078308,42,25
"3822","User #25350","Timepoint 46",7.80372124910355,42,25
"3823","User #25350","Timepoint 47",11.2175645828247,42,25
"3824","User #25350","Timepoint 48",10.1400871276855,42,25
"3825","User #25350","Timepoint 49",8.96878504753113,42,25
"3826","User #25350","Timepoint 50",12.1884441375732,42,25
"3827","User #25350","Timepoint 51",9.90508890151978,42,25
"3828","User #25350","Timepoint 52",7.32698711752892,42,25
"3829","User #25350","Timepoint 53",10.8530645370483,42,25
"3830","User #25350","Timepoint 54",9.24331092834473,42,25
"3831","User #25350","Timepoint 55",9.57947635650635,42,25
"3832","User #25350","Timepoint 56",8.86185717582703,42,25
"3833","User #25350","Timepoint 57",7.97775572538376,42,25
"3834","User #25350","Timepoint 58",8.35726118087769,42,25
"3835","User #25350","Timepoint 59",8.26398706436157,42,25
"3836","User #25350","Timepoint 60",8.98522734642029,42,25
"3837","User #25350","Timepoint 61",7.90605390071869,42,25
"3838","User #25350","Timepoint 62",8.66896307468414,42,25
"3839","User #25350","Timepoint 63",9.4674072265625,42,25
"3840","User #25350","Timepoint 64",9.63244295120239,42,25
"3841","User #25354","Timepoint 1",0,42,25
"3842","User #25354","Timepoint 2",0,42,25
"3843","User #25354","Timepoint 3",0,42,25
"3844","User #25354","Timepoint 4",0,42,25
"3845","User #25354","Timepoint 5",0,42,25
"3846","User #25354","Timepoint 6",0,42,25
"3847","User #25354","Timepoint 7",0,42,25
"3848","User #25354","Timepoint 8",0,42,25
"3849","User #25354","Timepoint 9",0,42,25
"3850","User #25354","Timepoint 10",0,42,25
"3851","User #25354","Timepoint 11",0,42,25
"3852","User #25354","Timepoint 12",0,42,25
"3853","User #25354","Timepoint 13",0,42,25
"3854","User #25354","Timepoint 14",0,42,25
"3855","User #25354","Timepoint 15",0,42,25
"3856","User #25354","Timepoint 16",0,42,25
"3857","User #25354","Timepoint 17",NA,42,25
"3858","User #25354","Timepoint 18",NA,42,25
"3859","User #25354","Timepoint 19",NA,42,25
"3860","User #25354","Timepoint 20",NA,42,25
"3861","User #25354","Timepoint 21",NA,42,25
"3862","User #25354","Timepoint 22",NA,42,25
"3863","User #25354","Timepoint 23",NA,42,25
"3864","User #25354","Timepoint 24",NA,42,25
"3865","User #25354","Timepoint 25",10.9910518229008,42,25
"3866","User #25354","Timepoint 26",11.4065487384796,42,25
"3867","User #25354","Timepoint 27",11.0202768146992,42,25
"3868","User #25354","Timepoint 28",11.3062816560268,42,25
"3869","User #25354","Timepoint 29",11.1452894806862,42,25
"3870","User #25354","Timepoint 30",11.4487818479538,42,25
"3871","User #25354","Timepoint 31",11.5591076016426,42,25
"3872","User #25354","Timepoint 32",11.3485773801804,42,25
"3873","User #25354","Timepoint 33",10.1953798830509,42,25
"3874","User #25354","Timepoint 34",13.9297970533371,42,25
"3875","User #25354","Timepoint 35",9.33149269223213,42,25
"3876","User #25354","Timepoint 36",11.404411315918,42,25
"3877","User #25354","Timepoint 37",15.021729528904,42,25
"3878","User #25354","Timepoint 38",16.6871521472931,42,25
"3879","User #25354","Timepoint 39",10.4702704548836,42,25
"3880","User #25354","Timepoint 40",13.6535581350327,42,25
"3881","User #25354","Timepoint 41",5.85026609152555,42,25
"3882","User #25354","Timepoint 42",7.6516595184803,42,25
"3883","User #25354","Timepoint 43",6.79585568606853,42,25
"3884","User #25354","Timepoint 44",9.68958964943886,42,25
"3885","User #25354","Timepoint 45",8.73005820810795,42,25
"3886","User #25354","Timepoint 46",9.79850608110428,42,25
"3887","User #25354","Timepoint 47",7.86076828837395,42,25
"3888","User #25354","Timepoint 48",8.11129224300385,42,25
"3889","User #25354","Timepoint 49",8.01262331008911,42,25
"3890","User #25354","Timepoint 50",14.1437150239944,42,25
"3891","User #25354","Timepoint 51",8.75749769806862,42,25
"3892","User #25354","Timepoint 52",13.5425682067871,42,25
"3893","User #25354","Timepoint 53",10.3015025854111,42,25
"3894","User #25354","Timepoint 54",14.1399725675583,42,25
"3895","User #25354","Timepoint 55",7.89023554325104,42,25
"3896","User #25354","Timepoint 56",10.1970737576485,42,25
"3897","User #25354","Timepoint 57",7.60346260666847,42,25
"3898","User #25354","Timepoint 58",11.9858899116516,42,25
"3899","User #25354","Timepoint 59",9.45205610990524,42,25
"3900","User #25354","Timepoint 60",9.49486291408539,42,25
"3901","User #25354","Timepoint 61",8.1095495223999,42,25
"3902","User #25354","Timepoint 62",11.6012266278267,42,25
"3903","User #25354","Timepoint 63",11.9974097013474,42,25
"3904","User #25354","Timepoint 64",11.2913888692856,42,25
"3905","User #25358","Timepoint 1",0,42,25
"3906","User #25358","Timepoint 2",0,42,25
"3907","User #25358","Timepoint 3",0,42,25
"3908","User #25358","Timepoint 4",0,42,25
"3909","User #25358","Timepoint 5",0,42,25
"3910","User #25358","Timepoint 6",0,42,25
"3911","User #25358","Timepoint 7",0,42,25
"3912","User #25358","Timepoint 8",0,42,25
"3913","User #25358","Timepoint 9",0,42,25
"3914","User #25358","Timepoint 10",0,42,25
"3915","User #25358","Timepoint 11",0,42,25
"3916","User #25358","Timepoint 12",0,42,25
"3917","User #25358","Timepoint 13",0,42,25
"3918","User #25358","Timepoint 14",0,42,25
"3919","User #25358","Timepoint 15",0,42,25
"3920","User #25358","Timepoint 16",0,42,25
"3921","User #25358","Timepoint 17",NA,42,25
"3922","User #25358","Timepoint 18",NA,42,25
"3923","User #25358","Timepoint 19",NA,42,25
"3924","User #25358","Timepoint 20",NA,42,25
"3925","User #25358","Timepoint 21",NA,42,25
"3926","User #25358","Timepoint 22",NA,42,25
"3927","User #25358","Timepoint 23",NA,42,25
"3928","User #25358","Timepoint 24",NA,42,25
"3929","User #25358","Timepoint 25",7.11608752608299,42,25
"3930","User #25358","Timepoint 26",7.20781025290489,42,25
"3931","User #25358","Timepoint 27",7.03953099250793,42,25
"3932","User #25358","Timepoint 28",7.09784778952599,42,25
"3933","User #25358","Timepoint 29",7.12877598404884,42,25
"3934","User #25358","Timepoint 30",7.1558341383934,42,25
"3935","User #25358","Timepoint 31",7.30986762046814,42,25
"3936","User #25358","Timepoint 32",7.33269336819649,42,25
"3937","User #25358","Timepoint 33",6.55320456624031,42,25
"3938","User #25358","Timepoint 34",5.57050616294146,42,25
"3939","User #25358","Timepoint 35",8.08004984259605,42,25
"3940","User #25358","Timepoint 36",6.37694562971592,42,25
"3941","User #25358","Timepoint 37",7.36848837137222,42,25
"3942","User #25358","Timepoint 38",6.22412900626659,42,25
"3943","User #25358","Timepoint 39",5.35673108696938,42,25
"3944","User #25358","Timepoint 40",7.74366489052773,42,25
"3945","User #25358","Timepoint 41",6.39803412556648,42,25
"3946","User #25358","Timepoint 42",8.03997048735619,42,25
"3947","User #25358","Timepoint 43",6.97296947240829,42,25
"3948","User #25358","Timepoint 44",5.51628137379885,42,25
"3949","User #25358","Timepoint 45",7.67698508501053,42,25
"3950","User #25358","Timepoint 46",5.3486999347806,42,25
"3951","User #25358","Timepoint 47",7.50408977270126,42,25
"3952","User #25358","Timepoint 48",7.24455925822258,42,25
"3953","User #25358","Timepoint 49",6.61522555351257,42,25
"3954","User #25358","Timepoint 50",7.42681413888931,42,25
"3955","User #25358","Timepoint 51",6.72705836594105,42,25
"3956","User #25358","Timepoint 52",7.67640429735184,42,25
"3957","User #25358","Timepoint 53",7.09482473134995,42,25
"3958","User #25358","Timepoint 54",5.91193279623985,42,25
"3959","User #25358","Timepoint 55",7.20655959844589,42,25
"3960","User #25358","Timepoint 56",6.21847227215767,42,25
"3961","User #25358","Timepoint 57",6.30994737148285,42,25
"3962","User #25358","Timepoint 58",6.57299515604973,42,25
"3963","User #25358","Timepoint 59",6.07354979217052,42,25
"3964","User #25358","Timepoint 60",6.67859503626823,42,25
"3965","User #25358","Timepoint 61",6.28027004003525,42,25
"3966","User #25358","Timepoint 62",7.27201607823372,42,25
"3967","User #25358","Timepoint 63",6.67981335520744,42,25
"3968","User #25358","Timepoint 64",6.99515372514725,42,25
"3969","User #25366","Timepoint 1",0,42,25
"3970","User #25366","Timepoint 2",0,42,25
"3971","User #25366","Timepoint 3",0,42,25
"3972","User #25366","Timepoint 4",0,42,25
"3973","User #25366","Timepoint 5",0,42,25
"3974","User #25366","Timepoint 6",0,42,25
"3975","User #25366","Timepoint 7",0,42,25
"3976","User #25366","Timepoint 8",0,42,25
"3977","User #25366","Timepoint 9",0,42,25
"3978","User #25366","Timepoint 10",0,42,25
"3979","User #25366","Timepoint 11",0,42,25
"3980","User #25366","Timepoint 12",0,42,25
"3981","User #25366","Timepoint 13",0,42,25
"3982","User #25366","Timepoint 14",0,42,25
"3983","User #25366","Timepoint 15",0,42,25
"3984","User #25366","Timepoint 16",0,42,25
"3985","User #25366","Timepoint 17",NA,42,25
"3986","User #25366","Timepoint 18",NA,42,25
"3987","User #25366","Timepoint 19",NA,42,25
"3988","User #25366","Timepoint 20",NA,42,25
"3989","User #25366","Timepoint 21",NA,42,25
"3990","User #25366","Timepoint 22",NA,42,25
"3991","User #25366","Timepoint 23",NA,42,25
"3992","User #25366","Timepoint 24",NA,42,25
"3993","User #25366","Timepoint 25",9.28161174058914,42,25
"3994","User #25366","Timepoint 26",9.47701382637024,42,25
"3995","User #25366","Timepoint 27",9.32285663485527,42,25
"3996","User #25366","Timepoint 28",9.30495861172676,42,25
"3997","User #25366","Timepoint 29",9.35440254211426,42,25
"3998","User #25366","Timepoint 30",9.60149556398392,42,25
"3999","User #25366","Timepoint 31",9.62125110626221,42,25
"4000","User #25366","Timepoint 32",9.36942958831787,42,25
"4001","User #25366","Timepoint 33",9.42206263542175,42,25
"4002","User #25366","Timepoint 34",7.11869466304779,42,25
"4003","User #25366","Timepoint 35",9.18290683627129,42,25
"4004","User #25366","Timepoint 36",11.7964736223221,42,25
"4005","User #25366","Timepoint 37",12.6093209981918,42,25
"4006","User #25366","Timepoint 38",9.33921194076538,42,25
"4007","User #25366","Timepoint 39",6.49495818465948,42,25
"4008","User #25366","Timepoint 40",8.7359114587307,42,25
"4009","User #25366","Timepoint 41",7.99479198455811,42,25
"4010","User #25366","Timepoint 42",10.0733371376991,42,25
"4011","User #25366","Timepoint 43",6.45585124194622,42,25
"4012","User #25366","Timepoint 44",7.71488206088543,42,25
"4013","User #25366","Timepoint 45",6.11406213790178,42,25
"4014","User #25366","Timepoint 46",7.90241941809654,42,25
"4015","User #25366","Timepoint 47",7.75620800256729,42,25
"4016","User #25366","Timepoint 48",8.90869724750519,42,25
"4017","User #25366","Timepoint 49",9.68972861766815,42,25
"4018","User #25366","Timepoint 50",7.98794138431549,42,25
"4019","User #25366","Timepoint 51",5.66434498876333,42,25
"4020","User #25366","Timepoint 52",7.87760281562805,42,25
"4021","User #25366","Timepoint 53",7.56406545639038,42,25
"4022","User #25366","Timepoint 54",8.74708288908005,42,25
"4023","User #25366","Timepoint 55",5.93745401501656,42,25
"4024","User #25366","Timepoint 56",8.57311391830444,42,25
"4025","User #25366","Timepoint 57",6.95239913463593,42,25
"4026","User #25366","Timepoint 58",9.20840048789978,42,25
"4027","User #25366","Timepoint 59",6.47508054971695,42,25
"4028","User #25366","Timepoint 60",11.263907790184,42,25
"4029","User #25366","Timepoint 61",8.11821985244751,42,25
"4030","User #25366","Timepoint 62",7.76757842302322,42,25
"4031","User #25366","Timepoint 63",7.07721608877182,42,25
"4032","User #25366","Timepoint 64",7.23430395126343,42,25
"4033","User #25344","Timepoint 1",0,42,25
"4034","User #25344","Timepoint 2",0,42,25
"4035","User #25344","Timepoint 3",0,42,25
"4036","User #25344","Timepoint 4",0,42,25
"4037","User #25344","Timepoint 5",0,42,25
"4038","User #25344","Timepoint 6",0,42,25
"4039","User #25344","Timepoint 7",0,42,25
"4040","User #25344","Timepoint 8",0,42,25
"4041","User #25344","Timepoint 9",0,42,25
"4042","User #25344","Timepoint 10",0,42,25
"4043","User #25344","Timepoint 11",0,42,25
"4044","User #25344","Timepoint 12",0,42,25
"4045","User #25344","Timepoint 13",0,42,25
"4046","User #25344","Timepoint 14",0,42,25
"4047","User #25344","Timepoint 15",0,42,25
"4048","User #25344","Timepoint 16",0,42,25
"4049","User #25344","Timepoint 17",NA,42,25
"4050","User #25344","Timepoint 18",NA,42,25
"4051","User #25344","Timepoint 19",NA,42,25
"4052","User #25344","Timepoint 20",NA,42,25
"4053","User #25344","Timepoint 21",NA,42,25
"4054","User #25344","Timepoint 22",NA,42,25
"4055","User #25344","Timepoint 23",NA,42,25
"4056","User #25344","Timepoint 24",NA,42,25
"4057","User #25344","Timepoint 25",7.78084322810173,42,25
"4058","User #25344","Timepoint 26",7.67195788025856,42,25
"4059","User #25344","Timepoint 27",7.47938546538353,42,25
"4060","User #25344","Timepoint 28",7.02112951874733,42,25
"4061","User #25344","Timepoint 29",6.98422259092331,42,25
"4062","User #25344","Timepoint 30",6.7416755259037,42,25
"4063","User #25344","Timepoint 31",6.77819406986237,42,25
"4064","User #25344","Timepoint 32",6.49074012041092,42,25
"4065","User #25344","Timepoint 33",8.22058066725731,42,25
"4066","User #25344","Timepoint 34",5.75438020378351,42,25
"4067","User #25344","Timepoint 35",9.38969469070435,42,25
"4068","User #25344","Timepoint 36",6.79744790494442,42,25
"4069","User #25344","Timepoint 37",8.12340047955513,42,25
"4070","User #25344","Timepoint 38",8.21573042869568,42,25
"4071","User #25344","Timepoint 39",8.18803983926773,42,25
"4072","User #25344","Timepoint 40",11.0021813511848,42,25
"4073","User #25344","Timepoint 41",7.21852293610573,42,25
"4074","User #25344","Timepoint 42",5.95573236048222,42,25
"4075","User #25344","Timepoint 43",7.82368239760399,42,25
"4076","User #25344","Timepoint 44",8.40919360518456,42,25
"4077","User #25344","Timepoint 45",7.92545050382614,42,25
"4078","User #25344","Timepoint 46",10.0954976081848,42,25
"4079","User #25344","Timepoint 47",13.2134314775467,42,25
"4080","User #25344","Timepoint 48",7.03986367583275,42,25
"4081","User #25344","Timepoint 49",6.6205196082592,42,25
"4082","User #25344","Timepoint 50",8.00944924354553,42,25
"4083","User #25344","Timepoint 51",8.45644608139992,42,25
"4084","User #25344","Timepoint 52",8.3991157412529,42,25
"4085","User #25344","Timepoint 53",7.52441948652267,42,25
"4086","User #25344","Timepoint 54",7.6185274720192,42,25
"4087","User #25344","Timepoint 55",8.94796544313431,42,25
"4088","User #25344","Timepoint 56",8.52195796370506,42,25
"4089","User #25344","Timepoint 57",6.80568134784698,42,25
"4090","User #25344","Timepoint 58",7.54011952877045,42,25
"4091","User #25344","Timepoint 59",7.52131617069244,42,25
"4092","User #25344","Timepoint 60",8.31212902069092,42,25
"4093","User #25344","Timepoint 61",7.02657547593117,42,25
"4094","User #25344","Timepoint 62",7.02163216471672,42,25
"4095","User #25344","Timepoint 63",9.20071482658386,42,25
"4096","User #25344","Timepoint 64",8.86900281906128,42,25
"4097","User #25311","Timepoint 1",0,42,25
"4098","User #25311","Timepoint 2",0,42,25
"4099","User #25311","Timepoint 3",0,42,25
"4100","User #25311","Timepoint 4",0,42,25
"4101","User #25311","Timepoint 5",0,42,25
"4102","User #25311","Timepoint 6",0,42,25
"4103","User #25311","Timepoint 7",0,42,25
"4104","User #25311","Timepoint 8",0,42,25
"4105","User #25311","Timepoint 9",0,42,25
"4106","User #25311","Timepoint 10",0,42,25
"4107","User #25311","Timepoint 11",0,42,25
"4108","User #25311","Timepoint 12",0,42,25
"4109","User #25311","Timepoint 13",0,42,25
"4110","User #25311","Timepoint 14",0,42,25
"4111","User #25311","Timepoint 15",0,42,25
"4112","User #25311","Timepoint 16",0,42,25
"4113","User #25311","Timepoint 17",NA,42,25
"4114","User #25311","Timepoint 18",NA,42,25
"4115","User #25311","Timepoint 19",NA,42,25
"4116","User #25311","Timepoint 20",NA,42,25
"4117","User #25311","Timepoint 21",NA,42,25
"4118","User #25311","Timepoint 22",NA,42,25
"4119","User #25311","Timepoint 23",NA,42,25
"4120","User #25311","Timepoint 24",NA,42,25
"4121","User #25311","Timepoint 25",7.78837752342224,42,25
"4122","User #25311","Timepoint 26",7.8028382062912,42,25
"4123","User #25311","Timepoint 27",7.72571092844009,42,25
"4124","User #25311","Timepoint 28",7.75584948062897,42,25
"4125","User #25311","Timepoint 29",7.62859725952148,42,25
"4126","User #25311","Timepoint 30",7.63593220710754,42,25
"4127","User #25311","Timepoint 31",7.69933354854584,42,25
"4128","User #25311","Timepoint 32",7.72501122951508,42,25
"4129","User #25311","Timepoint 33",7.78748613595963,42,25
"4130","User #25311","Timepoint 34",6.4999920129776,42,25
"4131","User #25311","Timepoint 35",8.51145619153976,42,25
"4132","User #25311","Timepoint 36",9.86453604698181,42,25
"4133","User #25311","Timepoint 37",8.2078076004982,42,25
"4134","User #25311","Timepoint 38",6.87761476635933,42,25
"4135","User #25311","Timepoint 39",7.52837938070297,42,25
"4136","User #25311","Timepoint 40",7.2211942076683,42,25
"4137","User #25311","Timepoint 41",8.82013213634491,42,25
"4138","User #25311","Timepoint 42",12.1435189247131,42,25
"4139","User #25311","Timepoint 43",8.05062586069107,42,25
"4140","User #25311","Timepoint 44",8.87312060594559,42,25
"4141","User #25311","Timepoint 45",6.22004871815443,42,25
"4142","User #25311","Timepoint 46",6.99518144130707,42,25
"4143","User #25311","Timepoint 47",7.49855920672417,42,25
"4144","User #25311","Timepoint 48",7.59721559286118,42,25
"4145","User #25311","Timepoint 49",7.84192943572998,42,25
"4146","User #25311","Timepoint 50",8.68794214725494,42,25
"4147","User #25311","Timepoint 51",7.05724561214447,42,25
"4148","User #25311","Timepoint 52",8.81937557458878,42,25
"4149","User #25311","Timepoint 53",7.97774791717529,42,25
"4150","User #25311","Timepoint 54",10.008509516716,42,25
"4151","User #25311","Timepoint 55",8.15279817581177,42,25
"4152","User #25311","Timepoint 56",8.50728660821915,42,25
"4153","User #25311","Timepoint 57",7.51966685056686,42,25
"4154","User #25311","Timepoint 58",8.42295777797699,42,25
"4155","User #25311","Timepoint 59",9.55171751976013,42,25
"4156","User #25311","Timepoint 60",11.0299594402313,42,25
"4157","User #25311","Timepoint 61",7.54737675189972,42,25
"4158","User #25311","Timepoint 62",8.21391803026199,42,25
"4159","User #25311","Timepoint 63",6.79200455546379,42,25
"4160","User #25311","Timepoint 64",7.22811448574066,42,25
"4161","User #25298","Timepoint 1",0,42,25
"4162","User #25298","Timepoint 2",0,42,25
"4163","User #25298","Timepoint 3",0,42,25
"4164","User #25298","Timepoint 4",0,42,25
"4165","User #25298","Timepoint 5",0,42,25
"4166","User #25298","Timepoint 6",0,42,25
"4167","User #25298","Timepoint 7",0,42,25
"4168","User #25298","Timepoint 8",0,42,25
"4169","User #25298","Timepoint 9",0,42,25
"4170","User #25298","Timepoint 10",0,42,25
"4171","User #25298","Timepoint 11",0,42,25
"4172","User #25298","Timepoint 12",0,42,25
"4173","User #25298","Timepoint 13",0,42,25
"4174","User #25298","Timepoint 14",0,42,25
"4175","User #25298","Timepoint 15",0,42,25
"4176","User #25298","Timepoint 16",0,42,25
"4177","User #25298","Timepoint 17",NA,42,25
"4178","User #25298","Timepoint 18",NA,42,25
"4179","User #25298","Timepoint 19",NA,42,25
"4180","User #25298","Timepoint 20",NA,42,25
"4181","User #25298","Timepoint 21",NA,42,25
"4182","User #25298","Timepoint 22",NA,42,25
"4183","User #25298","Timepoint 23",NA,42,25
"4184","User #25298","Timepoint 24",NA,42,25
"4185","User #25298","Timepoint 25",8.12107825279236,42,25
"4186","User #25298","Timepoint 26",8.27739191055298,42,25
"4187","User #25298","Timepoint 27",8.2090220451355,42,25
"4188","User #25298","Timepoint 28",8.29857873916626,42,25
"4189","User #25298","Timepoint 29",8.22495937347412,42,25
"4190","User #25298","Timepoint 30",8.32686114311218,42,25
"4191","User #25298","Timepoint 31",8.45064640045166,42,25
"4192","User #25298","Timepoint 32",8.31813454627991,42,25
"4193","User #25298","Timepoint 33",7.07008409500122,42,25
"4194","User #25298","Timepoint 34",8.89406871795654,42,25
"4195","User #25298","Timepoint 35",7.96325242519379,42,25
"4196","User #25298","Timepoint 36",7.9704874753952,42,25
"4197","User #25298","Timepoint 37",5.92078968882561,42,25
"4198","User #25298","Timepoint 38",7.02468883991241,42,25
"4199","User #25298","Timepoint 39",7.50420546531677,42,25
"4200","User #25298","Timepoint 40",7.0875346660614,42,25
"4201","User #25298","Timepoint 41",6.01040525734425,42,25
"4202","User #25298","Timepoint 42",8.01934289932251,42,25
"4203","User #25298","Timepoint 43",7.8831547498703,42,25
"4204","User #25298","Timepoint 44",8.77932047843933,42,25
"4205","User #25298","Timepoint 45",5.7733536362648,42,25
"4206","User #25298","Timepoint 46",8.11320376396179,42,25
"4207","User #25298","Timepoint 47",7.87703108787537,42,25
"4208","User #25298","Timepoint 48",8.24290585517883,42,25
"4209","User #25298","Timepoint 49",6.41643552482128,42,25
"4210","User #25298","Timepoint 50",7.42660573124886,42,25
"4211","User #25298","Timepoint 51",6.93285128474236,42,25
"4212","User #25298","Timepoint 52",7.57281517982483,42,25
"4213","User #25298","Timepoint 53",6.0759539231658,42,25
"4214","User #25298","Timepoint 54",8.36940282583237,42,25
"4215","User #25298","Timepoint 55",6.71333979070187,42,25
"4216","User #25298","Timepoint 56",7.26817247271538,42,25
"4217","User #25298","Timepoint 57",6.4047284424305,42,25
"4218","User #25298","Timepoint 58",6.58508393168449,42,25
"4219","User #25298","Timepoint 59",6.89788064360619,42,25
"4220","User #25298","Timepoint 60",7.89120662212372,42,25
"4221","User #25298","Timepoint 61",6.41018119454384,42,25
"4222","User #25298","Timepoint 62",6.2448321506381,42,25
"4223","User #25298","Timepoint 63",6.36554928123951,42,25
"4224","User #25298","Timepoint 64",7.13365682959557,42,25
"4225","User #25333","Timepoint 1",0,42,25
"4226","User #25333","Timepoint 2",0,42,25
"4227","User #25333","Timepoint 3",0,42,25
"4228","User #25333","Timepoint 4",0,42,25
"4229","User #25333","Timepoint 5",0,42,25
"4230","User #25333","Timepoint 6",0,42,25
"4231","User #25333","Timepoint 7",0,42,25
"4232","User #25333","Timepoint 8",0,42,25
"4233","User #25333","Timepoint 9",0,42,25
"4234","User #25333","Timepoint 10",0,42,25
"4235","User #25333","Timepoint 11",0,42,25
"4236","User #25333","Timepoint 12",0,42,25
"4237","User #25333","Timepoint 13",0,42,25
"4238","User #25333","Timepoint 14",0,42,25
"4239","User #25333","Timepoint 15",0,42,25
"4240","User #25333","Timepoint 16",0,42,25
"4241","User #25333","Timepoint 17",NA,42,25
"4242","User #25333","Timepoint 18",NA,42,25
"4243","User #25333","Timepoint 19",NA,42,25
"4244","User #25333","Timepoint 20",NA,42,25
"4245","User #25333","Timepoint 21",NA,42,25
"4246","User #25333","Timepoint 22",NA,42,25
"4247","User #25333","Timepoint 23",NA,42,25
"4248","User #25333","Timepoint 24",NA,42,25
"4249","User #25333","Timepoint 25",11.6085339784622,42,25
"4250","User #25333","Timepoint 26",11.589361011982,42,25
"4251","User #25333","Timepoint 27",11.5549075007439,42,25
"4252","User #25333","Timepoint 28",11.4356610476971,42,25
"4253","User #25333","Timepoint 29",11.5444763898849,42,25
"4254","User #25333","Timepoint 30",11.4694592952728,42,25
"4255","User #25333","Timepoint 31",11.4585958123207,42,25
"4256","User #25333","Timepoint 32",11.5102819800377,42,25
"4257","User #25333","Timepoint 33",10.2846117019653,42,25
"4258","User #25333","Timepoint 34",16.80471098423,42,25
"4259","User #25333","Timepoint 35",13.1362322568893,42,25
"4260","User #25333","Timepoint 36",16.0943611860275,42,25
"4261","User #25333","Timepoint 37",13.1058664321899,42,25
"4262","User #25333","Timepoint 38",11.9770555496216,42,25
"4263","User #25333","Timepoint 39",11.2240639925003,42,25
"4264","User #25333","Timepoint 40",12.5791798233986,42,25
"4265","User #25333","Timepoint 41",8.21659596264362,42,25
"4266","User #25333","Timepoint 42",12.1885241270065,42,25
"4267","User #25333","Timepoint 43",12.9823807477951,42,25
"4268","User #25333","Timepoint 44",12.3224259018898,42,25
"4269","User #25333","Timepoint 45",8.88632223010063,42,25
"4270","User #25333","Timepoint 46",11.1377585530281,42,25
"4271","User #25333","Timepoint 47",11.7317830920219,42,25
"4272","User #25333","Timepoint 48",12.8335074186325,42,25
"4273","User #25333","Timepoint 49",11.4629267752171,42,25
"4274","User #25333","Timepoint 50",11.3962280154228,42,25
"4275","User #25333","Timepoint 51",12.0205470323563,42,25
"4276","User #25333","Timepoint 52",10.4684771299362,42,25
"4277","User #25333","Timepoint 53",12.7662869691849,42,25
"4278","User #25333","Timepoint 54",11.723791718483,42,25
"4279","User #25333","Timepoint 55",12.069159924984,42,25
"4280","User #25333","Timepoint 56",11.5783274769783,42,25
"4281","User #25333","Timepoint 57",13.107459127903,42,25
"4282","User #25333","Timepoint 58",10.2628833949566,42,25
"4283","User #25333","Timepoint 59",14.6976104974747,42,25
"4284","User #25333","Timepoint 60",10.224243491888,42,25
"4285","User #25333","Timepoint 61",8.65467391908169,42,25
"4286","User #25333","Timepoint 62",12.1535845994949,42,25
"4287","User #25333","Timepoint 63",11.5386066436768,42,25
"4288","User #25333","Timepoint 64",12.2556308507919,42,25
"4289","User #25350","Timepoint 1",0,42,25
"4290","User #25350","Timepoint 2",0,42,25
"4291","User #25350","Timepoint 3",0,42,25
"4292","User #25350","Timepoint 4",0,42,25
"4293","User #25350","Timepoint 5",0,42,25
"4294","User #25350","Timepoint 6",0,42,25
"4295","User #25350","Timepoint 7",0,42,25
"4296","User #25350","Timepoint 8",0,42,25
"4297","User #25350","Timepoint 9",0,42,25
"4298","User #25350","Timepoint 10",0,42,25
"4299","User #25350","Timepoint 11",0,42,25
"4300","User #25350","Timepoint 12",0,42,25
"4301","User #25350","Timepoint 13",0,42,25
"4302","User #25350","Timepoint 14",0,42,25
"4303","User #25350","Timepoint 15",0,42,25
"4304","User #25350","Timepoint 16",0,42,25
"4305","User #25350","Timepoint 17",NA,42,25
"4306","User #25350","Timepoint 18",NA,42,25
"4307","User #25350","Timepoint 19",NA,42,25
"4308","User #25350","Timepoint 20",NA,42,25
"4309","User #25350","Timepoint 21",NA,42,25
"4310","User #25350","Timepoint 22",NA,42,25
"4311","User #25350","Timepoint 23",NA,42,25
"4312","User #25350","Timepoint 24",NA,42,25
"4313","User #25350","Timepoint 25",7.91060417890549,42,25
"4314","User #25350","Timepoint 26",8.25363427400589,42,25
"4315","User #25350","Timepoint 27",8.23208272457123,42,25
"4316","User #25350","Timepoint 28",8.58538448810577,42,25
"4317","User #25350","Timepoint 29",8.36899250745773,42,25
"4318","User #25350","Timepoint 30",8.5518679022789,42,25
"4319","User #25350","Timepoint 31",8.35311084985733,42,25
"4320","User #25350","Timepoint 32",8.30616623163223,42,25
"4321","User #25350","Timepoint 33",7.90232717990875,42,25
"4322","User #25350","Timepoint 34",10.2303844690323,42,25
"4323","User #25350","Timepoint 35",8.71122002601624,42,25
"4324","User #25350","Timepoint 36",8.14966559410095,42,25
"4325","User #25350","Timepoint 37",8.4042164683342,42,25
"4326","User #25350","Timepoint 38",9.14532691240311,42,25
"4327","User #25350","Timepoint 39",6.24458663165569,42,25
"4328","User #25350","Timepoint 40",7.0822685956955,42,25
"4329","User #25350","Timepoint 41",8.27475786209106,42,25
"4330","User #25350","Timepoint 42",7.4261175096035,42,25
"4331","User #25350","Timepoint 43",8.41485112905502,42,25
"4332","User #25350","Timepoint 44",8.08198362588882,42,25
"4333","User #25350","Timepoint 45",8.34733515977859,42,25
"4334","User #25350","Timepoint 46",7.37945854663849,42,25
"4335","User #25350","Timepoint 47",8.92410665750504,42,25
"4336","User #25350","Timepoint 48",8.20000171661377,42,25
"4337","User #25350","Timepoint 49",8.70984852313995,42,25
"4338","User #25350","Timepoint 50",8.75786113739014,42,25
"4339","User #25350","Timepoint 51",9.16776812076569,42,25
"4340","User #25350","Timepoint 52",8.69781291484833,42,25
"4341","User #25350","Timepoint 53",8.76338255405426,42,25
"4342","User #25350","Timepoint 54",8.86328107118607,42,25
"4343","User #25350","Timepoint 55",8.99105167388916,42,25
"4344","User #25350","Timepoint 56",8.97659653425217,42,25
"4345","User #25350","Timepoint 57",8.60085517168045,42,25
"4346","User #25350","Timepoint 58",8.43087697029114,42,25
"4347","User #25350","Timepoint 59",9.1970728635788,42,25
"4348","User #25350","Timepoint 60",10.1509407758713,42,25
"4349","User #25350","Timepoint 61",8.29201212525368,42,25
"4350","User #25350","Timepoint 62",9.32522720098495,42,25
"4351","User #25350","Timepoint 63",9.05712324380875,42,25
"4352","User #25350","Timepoint 64",8.55189180374146,42,25
"4353","User #25328","Timepoint 1",0,42,25
"4354","User #25328","Timepoint 2",0,42,25
"4355","User #25328","Timepoint 3",0,42,25
"4356","User #25328","Timepoint 4",0,42,25
"4357","User #25328","Timepoint 5",0,42,25
"4358","User #25328","Timepoint 6",0,42,25
"4359","User #25328","Timepoint 7",0,42,25
"4360","User #25328","Timepoint 8",0,42,25
"4361","User #25328","Timepoint 9",0,42,25
"4362","User #25328","Timepoint 10",0,42,25
"4363","User #25328","Timepoint 11",0,42,25
"4364","User #25328","Timepoint 12",0,42,25
"4365","User #25328","Timepoint 13",0,42,25
"4366","User #25328","Timepoint 14",0,42,25
"4367","User #25328","Timepoint 15",0,42,25
"4368","User #25328","Timepoint 16",0,42,25
"4369","User #25328","Timepoint 17",NA,42,25
"4370","User #25328","Timepoint 18",NA,42,25
"4371","User #25328","Timepoint 19",NA,42,25
"4372","User #25328","Timepoint 20",NA,42,25
"4373","User #25328","Timepoint 21",NA,42,25
"4374","User #25328","Timepoint 22",NA,42,25
"4375","User #25328","Timepoint 23",NA,42,25
"4376","User #25328","Timepoint 24",NA,42,25
"4377","User #25328","Timepoint 25",11.0467163622379,42,25
"4378","User #25328","Timepoint 26",11.0767105817795,42,25
"4379","User #25328","Timepoint 27",10.9328346252441,42,25
"4380","User #25328","Timepoint 28",10.8391256630421,42,25
"4381","User #25328","Timepoint 29",11.0030448436737,42,25
"4382","User #25328","Timepoint 30",10.8860632777214,42,25
"4383","User #25328","Timepoint 31",10.8167146444321,42,25
"4384","User #25328","Timepoint 32",10.9546640217304,42,25
"4385","User #25328","Timepoint 33",11.7963089942932,42,25
"4386","User #25328","Timepoint 34",9.48004222661257,42,25
"4387","User #25328","Timepoint 35",16.0634877681732,42,25
"4388","User #25328","Timepoint 36",11.872740149498,42,25
"4389","User #25328","Timepoint 37",16.9968911409378,42,25
"4390","User #25328","Timepoint 38",10.7943438887596,42,25
"4391","User #25328","Timepoint 39",10.7658665180206,42,25
"4392","User #25328","Timepoint 40",12.0957640707493,42,25
"4393","User #25328","Timepoint 41",14.3756053447723,42,25
"4394","User #25328","Timepoint 42",11.3842927217484,42,25
"4395","User #25328","Timepoint 43",16.1278558969498,42,25
"4396","User #25328","Timepoint 44",11.6455393135548,42,25
"4397","User #25328","Timepoint 45",11.0228804945946,42,25
"4398","User #25328","Timepoint 46",11.4633643329144,42,25
"4399","User #25328","Timepoint 47",14.9623936414719,42,25
"4400","User #25328","Timepoint 48",11.409700512886,42,25
"4401","User #25328","Timepoint 49",11.0158987343311,42,25
"4402","User #25328","Timepoint 50",11.5328975915909,42,25
"4403","User #25328","Timepoint 51",9.2818398848176,42,25
"4404","User #25328","Timepoint 52",11.7205840051174,42,25
"4405","User #25328","Timepoint 53",11.2062954902649,42,25
"4406","User #25328","Timepoint 54",13.7336755990982,42,25
"4407","User #25328","Timepoint 55",11.2542622089386,42,25
"4408","User #25328","Timepoint 56",11.332919716835,42,25
"4409","User #25328","Timepoint 57",13.4629521965981,42,25
"4410","User #25328","Timepoint 58",15.1285197734833,42,25
"4411","User #25328","Timepoint 59",13.6981457471848,42,25
"4412","User #25328","Timepoint 60",12.4895339310169,42,25
"4413","User #25328","Timepoint 61",8.01823624968529,42,25
"4414","User #25328","Timepoint 62",11.0087993144989,42,25
"4415","User #25328","Timepoint 63",12.1641007065773,42,25
"4416","User #25328","Timepoint 64",13.4444671273232,42,25
