"","ID","Timepoint","Prediction","Bootstrap","Jackknife"
"1","User #25314","Timepoint 1",0,70,42
"2","User #25314","Timepoint 2",0,70,42
"3","User #25314","Timepoint 3",0,70,42
"4","User #25314","Timepoint 4",0,70,42
"5","User #25314","Timepoint 5",0,70,42
"6","User #25314","Timepoint 6",0,70,42
"7","User #25314","Timepoint 7",0,70,42
"8","User #25314","Timepoint 8",0,70,42
"9","User #25314","Timepoint 9",0,70,42
"10","User #25314","Timepoint 10",0,70,42
"11","User #25314","Timepoint 11",0,70,42
"12","User #25314","Timepoint 12",0,70,42
"13","User #25314","Timepoint 13",0,70,42
"14","User #25314","Timepoint 14",0,70,42
"15","User #25314","Timepoint 15",0,70,42
"16","User #25314","Timepoint 16",0,70,42
"17","User #25314","Timepoint 17",NA,70,42
"18","User #25314","Timepoint 18",NA,70,42
"19","User #25314","Timepoint 19",NA,70,42
"20","User #25314","Timepoint 20",NA,70,42
"21","User #25314","Timepoint 21",NA,70,42
"22","User #25314","Timepoint 22",NA,70,42
"23","User #25314","Timepoint 23",NA,70,42
"24","User #25314","Timepoint 24",NA,70,42
"25","User #25314","Timepoint 25",NA,70,42
"26","User #25314","Timepoint 26",NA,70,42
"27","User #25314","Timepoint 27",NA,70,42
"28","User #25314","Timepoint 28",NA,70,42
"29","User #25314","Timepoint 29",NA,70,42
"30","User #25314","Timepoint 30",NA,70,42
"31","User #25314","Timepoint 31",NA,70,42
"32","User #25314","Timepoint 32",NA,70,42
"33","User #25314","Timepoint 33",NA,70,42
"34","User #25314","Timepoint 34",NA,70,42
"35","User #25314","Timepoint 35",NA,70,42
"36","User #25314","Timepoint 36",NA,70,42
"37","User #25314","Timepoint 37",NA,70,42
"38","User #25314","Timepoint 38",NA,70,42
"39","User #25314","Timepoint 39",NA,70,42
"40","User #25314","Timepoint 40",NA,70,42
"41","User #25314","Timepoint 41",6.61854386329651,70,42
"42","User #25314","Timepoint 42",6.62072592973709,70,42
"43","User #25314","Timepoint 43",6.60839188098907,70,42
"44","User #25314","Timepoint 44",6.60189813375473,70,42
"45","User #25314","Timepoint 45",6.60453414916992,70,42
"46","User #25314","Timepoint 46",6.58614754676819,70,42
"47","User #25314","Timepoint 47",6.62479162216187,70,42
"48","User #25314","Timepoint 48",6.63381683826447,70,42
"49","User #25314","Timepoint 49",7.57543689012527,70,42
"50","User #25314","Timepoint 50",7.57635003328323,70,42
"51","User #25314","Timepoint 51",7.56125336885452,70,42
"52","User #25314","Timepoint 52",7.54357865452766,70,42
"53","User #25314","Timepoint 53",7.56337261199951,70,42
"54","User #25314","Timepoint 54",7.52045682072639,70,42
"55","User #25314","Timepoint 55",7.61061599850655,70,42
"56","User #25314","Timepoint 56",7.61329388618469,70,42
"57","User #25314","Timepoint 57",7.64408028125763,70,42
"58","User #25314","Timepoint 58",7.64868548512459,70,42
"59","User #25314","Timepoint 59",7.63022428750992,70,42
"60","User #25314","Timepoint 60",7.61813646554947,70,42
"61","User #25314","Timepoint 61",7.64322569966316,70,42
"62","User #25314","Timepoint 62",7.59847214818001,70,42
"63","User #25314","Timepoint 63",7.68349638581276,70,42
"64","User #25314","Timepoint 64",7.69150233268738,70,42
"65","User #25381","Timepoint 1",0,70,42
"66","User #25381","Timepoint 2",0,70,42
"67","User #25381","Timepoint 3",0,70,42
"68","User #25381","Timepoint 4",0,70,42
"69","User #25381","Timepoint 5",0,70,42
"70","User #25381","Timepoint 6",0,70,42
"71","User #25381","Timepoint 7",0,70,42
"72","User #25381","Timepoint 8",0,70,42
"73","User #25381","Timepoint 9",0,70,42
"74","User #25381","Timepoint 10",0,70,42
"75","User #25381","Timepoint 11",0,70,42
"76","User #25381","Timepoint 12",0,70,42
"77","User #25381","Timepoint 13",0,70,42
"78","User #25381","Timepoint 14",0,70,42
"79","User #25381","Timepoint 15",0,70,42
"80","User #25381","Timepoint 16",0,70,42
"81","User #25381","Timepoint 17",NA,70,42
"82","User #25381","Timepoint 18",NA,70,42
"83","User #25381","Timepoint 19",NA,70,42
"84","User #25381","Timepoint 20",NA,70,42
"85","User #25381","Timepoint 21",NA,70,42
"86","User #25381","Timepoint 22",NA,70,42
"87","User #25381","Timepoint 23",NA,70,42
"88","User #25381","Timepoint 24",NA,70,42
"89","User #25381","Timepoint 25",NA,70,42
"90","User #25381","Timepoint 26",NA,70,42
"91","User #25381","Timepoint 27",NA,70,42
"92","User #25381","Timepoint 28",NA,70,42
"93","User #25381","Timepoint 29",NA,70,42
"94","User #25381","Timepoint 30",NA,70,42
"95","User #25381","Timepoint 31",NA,70,42
"96","User #25381","Timepoint 32",NA,70,42
"97","User #25381","Timepoint 33",NA,70,42
"98","User #25381","Timepoint 34",NA,70,42
"99","User #25381","Timepoint 35",NA,70,42
"100","User #25381","Timepoint 36",NA,70,42
"101","User #25381","Timepoint 37",NA,70,42
"102","User #25381","Timepoint 38",NA,70,42
"103","User #25381","Timepoint 39",NA,70,42
"104","User #25381","Timepoint 40",NA,70,42
"105","User #25381","Timepoint 41",7.18498253822327,70,42
"106","User #25381","Timepoint 42",7.22299385070801,70,42
"107","User #25381","Timepoint 43",7.17881369590759,70,42
"108","User #25381","Timepoint 44",7.24997353553772,70,42
"109","User #25381","Timepoint 45",7.28679752349854,70,42
"110","User #25381","Timepoint 46",7.19166564941406,70,42
"111","User #25381","Timepoint 47",7.22520685195923,70,42
"112","User #25381","Timepoint 48",7.34185886383057,70,42
"113","User #25381","Timepoint 49",7.17751890420914,70,42
"114","User #25381","Timepoint 50",7.18721345067024,70,42
"115","User #25381","Timepoint 51",7.16114163398743,70,42
"116","User #25381","Timepoint 52",7.19031557440758,70,42
"117","User #25381","Timepoint 53",7.21794635057449,70,42
"118","User #25381","Timepoint 54",7.14646175503731,70,42
"119","User #25381","Timepoint 55",7.22778528928757,70,42
"120","User #25381","Timepoint 56",7.27647334337234,70,42
"121","User #25381","Timepoint 57",7.17928558588028,70,42
"122","User #25381","Timepoint 58",7.19439551234245,70,42
"123","User #25381","Timepoint 59",7.16439455747604,70,42
"124","User #25381","Timepoint 60",7.20034122467041,70,42
"125","User #25381","Timepoint 61",7.23224833607674,70,42
"126","User #25381","Timepoint 62",7.17061147093773,70,42
"127","User #25381","Timepoint 63",7.23968178033829,70,42
"128","User #25381","Timepoint 64",7.28785008192062,70,42
"129","User #25350","Timepoint 1",0,70,42
"130","User #25350","Timepoint 2",0,70,42
"131","User #25350","Timepoint 3",0,70,42
"132","User #25350","Timepoint 4",0,70,42
"133","User #25350","Timepoint 5",0,70,42
"134","User #25350","Timepoint 6",0,70,42
"135","User #25350","Timepoint 7",0,70,42
"136","User #25350","Timepoint 8",0,70,42
"137","User #25350","Timepoint 9",0,70,42
"138","User #25350","Timepoint 10",0,70,42
"139","User #25350","Timepoint 11",0,70,42
"140","User #25350","Timepoint 12",0,70,42
"141","User #25350","Timepoint 13",0,70,42
"142","User #25350","Timepoint 14",0,70,42
"143","User #25350","Timepoint 15",0,70,42
"144","User #25350","Timepoint 16",0,70,42
"145","User #25350","Timepoint 17",NA,70,42
"146","User #25350","Timepoint 18",NA,70,42
"147","User #25350","Timepoint 19",NA,70,42
"148","User #25350","Timepoint 20",NA,70,42
"149","User #25350","Timepoint 21",NA,70,42
"150","User #25350","Timepoint 22",NA,70,42
"151","User #25350","Timepoint 23",NA,70,42
"152","User #25350","Timepoint 24",NA,70,42
"153","User #25350","Timepoint 25",NA,70,42
"154","User #25350","Timepoint 26",NA,70,42
"155","User #25350","Timepoint 27",NA,70,42
"156","User #25350","Timepoint 28",NA,70,42
"157","User #25350","Timepoint 29",NA,70,42
"158","User #25350","Timepoint 30",NA,70,42
"159","User #25350","Timepoint 31",NA,70,42
"160","User #25350","Timepoint 32",NA,70,42
"161","User #25350","Timepoint 33",NA,70,42
"162","User #25350","Timepoint 34",NA,70,42
"163","User #25350","Timepoint 35",NA,70,42
"164","User #25350","Timepoint 36",NA,70,42
"165","User #25350","Timepoint 37",NA,70,42
"166","User #25350","Timepoint 38",NA,70,42
"167","User #25350","Timepoint 39",NA,70,42
"168","User #25350","Timepoint 40",NA,70,42
"169","User #25350","Timepoint 41",7.53922212123871,70,42
"170","User #25350","Timepoint 42",7.55129688978195,70,42
"171","User #25350","Timepoint 43",7.53514498472214,70,42
"172","User #25350","Timepoint 44",7.58683115243912,70,42
"173","User #25350","Timepoint 45",7.58003854751587,70,42
"174","User #25350","Timepoint 46",7.53582733869553,70,42
"175","User #25350","Timepoint 47",7.57192307710648,70,42
"176","User #25350","Timepoint 48",7.63322603702545,70,42
"177","User #25350","Timepoint 49",7.45798498392105,70,42
"178","User #25350","Timepoint 50",7.46691638231277,70,42
"179","User #25350","Timepoint 51",7.44927299022675,70,42
"180","User #25350","Timepoint 52",7.47496059536934,70,42
"181","User #25350","Timepoint 53",7.48271110653877,70,42
"182","User #25350","Timepoint 54",7.43421703577042,70,42
"183","User #25350","Timepoint 55",7.48635685443878,70,42
"184","User #25350","Timepoint 56",7.52877402305603,70,42
"185","User #25350","Timepoint 57",7.43255621194839,70,42
"186","User #25350","Timepoint 58",7.43978127837181,70,42
"187","User #25350","Timepoint 59",7.42578291893005,70,42
"188","User #25350","Timepoint 60",7.44767779111862,70,42
"189","User #25350","Timepoint 61",7.44828057289124,70,42
"190","User #25350","Timepoint 62",7.41091015934944,70,42
"191","User #25350","Timepoint 63",7.46903997659683,70,42
"192","User #25350","Timepoint 64",7.4977068901062,70,42
"193","User #25330","Timepoint 1",0,70,42
"194","User #25330","Timepoint 2",0,70,42
"195","User #25330","Timepoint 3",0,70,42
"196","User #25330","Timepoint 4",0,70,42
"197","User #25330","Timepoint 5",0,70,42
"198","User #25330","Timepoint 6",0,70,42
"199","User #25330","Timepoint 7",0,70,42
"200","User #25330","Timepoint 8",0,70,42
"201","User #25330","Timepoint 9",0,70,42
"202","User #25330","Timepoint 10",0,70,42
"203","User #25330","Timepoint 11",0,70,42
"204","User #25330","Timepoint 12",0,70,42
"205","User #25330","Timepoint 13",0,70,42
"206","User #25330","Timepoint 14",0,70,42
"207","User #25330","Timepoint 15",0,70,42
"208","User #25330","Timepoint 16",0,70,42
"209","User #25330","Timepoint 17",NA,70,42
"210","User #25330","Timepoint 18",NA,70,42
"211","User #25330","Timepoint 19",NA,70,42
"212","User #25330","Timepoint 20",NA,70,42
"213","User #25330","Timepoint 21",NA,70,42
"214","User #25330","Timepoint 22",NA,70,42
"215","User #25330","Timepoint 23",NA,70,42
"216","User #25330","Timepoint 24",NA,70,42
"217","User #25330","Timepoint 25",NA,70,42
"218","User #25330","Timepoint 26",NA,70,42
"219","User #25330","Timepoint 27",NA,70,42
"220","User #25330","Timepoint 28",NA,70,42
"221","User #25330","Timepoint 29",NA,70,42
"222","User #25330","Timepoint 30",NA,70,42
"223","User #25330","Timepoint 31",NA,70,42
"224","User #25330","Timepoint 32",NA,70,42
"225","User #25330","Timepoint 33",NA,70,42
"226","User #25330","Timepoint 34",NA,70,42
"227","User #25330","Timepoint 35",NA,70,42
"228","User #25330","Timepoint 36",NA,70,42
"229","User #25330","Timepoint 37",NA,70,42
"230","User #25330","Timepoint 38",NA,70,42
"231","User #25330","Timepoint 39",NA,70,42
"232","User #25330","Timepoint 40",NA,70,42
"233","User #25330","Timepoint 41",7.53922212123871,70,42
"234","User #25330","Timepoint 42",7.55129688978195,70,42
"235","User #25330","Timepoint 43",7.53514498472214,70,42
"236","User #25330","Timepoint 44",7.58683115243912,70,42
"237","User #25330","Timepoint 45",7.58003854751587,70,42
"238","User #25330","Timepoint 46",7.53582733869553,70,42
"239","User #25330","Timepoint 47",7.57192307710648,70,42
"240","User #25330","Timepoint 48",7.63322603702545,70,42
"241","User #25330","Timepoint 49",7.45798498392105,70,42
"242","User #25330","Timepoint 50",7.46691638231277,70,42
"243","User #25330","Timepoint 51",7.44927299022675,70,42
"244","User #25330","Timepoint 52",7.47496059536934,70,42
"245","User #25330","Timepoint 53",7.48271110653877,70,42
"246","User #25330","Timepoint 54",7.43421703577042,70,42
"247","User #25330","Timepoint 55",7.48635685443878,70,42
"248","User #25330","Timepoint 56",7.52877402305603,70,42
"249","User #25330","Timepoint 57",7.43255621194839,70,42
"250","User #25330","Timepoint 58",7.43978127837181,70,42
"251","User #25330","Timepoint 59",7.42578291893005,70,42
"252","User #25330","Timepoint 60",7.44767779111862,70,42
"253","User #25330","Timepoint 61",7.44828057289124,70,42
"254","User #25330","Timepoint 62",7.41091015934944,70,42
"255","User #25330","Timepoint 63",7.46903997659683,70,42
"256","User #25330","Timepoint 64",7.4977068901062,70,42
"257","User #25320","Timepoint 1",0,70,42
"258","User #25320","Timepoint 2",0,70,42
"259","User #25320","Timepoint 3",0,70,42
"260","User #25320","Timepoint 4",0,70,42
"261","User #25320","Timepoint 5",0,70,42
"262","User #25320","Timepoint 6",0,70,42
"263","User #25320","Timepoint 7",0,70,42
"264","User #25320","Timepoint 8",0,70,42
"265","User #25320","Timepoint 9",0,70,42
"266","User #25320","Timepoint 10",0,70,42
"267","User #25320","Timepoint 11",0,70,42
"268","User #25320","Timepoint 12",0,70,42
"269","User #25320","Timepoint 13",0,70,42
"270","User #25320","Timepoint 14",0,70,42
"271","User #25320","Timepoint 15",0,70,42
"272","User #25320","Timepoint 16",0,70,42
"273","User #25320","Timepoint 17",NA,70,42
"274","User #25320","Timepoint 18",NA,70,42
"275","User #25320","Timepoint 19",NA,70,42
"276","User #25320","Timepoint 20",NA,70,42
"277","User #25320","Timepoint 21",NA,70,42
"278","User #25320","Timepoint 22",NA,70,42
"279","User #25320","Timepoint 23",NA,70,42
"280","User #25320","Timepoint 24",NA,70,42
"281","User #25320","Timepoint 25",NA,70,42
"282","User #25320","Timepoint 26",NA,70,42
"283","User #25320","Timepoint 27",NA,70,42
"284","User #25320","Timepoint 28",NA,70,42
"285","User #25320","Timepoint 29",NA,70,42
"286","User #25320","Timepoint 30",NA,70,42
"287","User #25320","Timepoint 31",NA,70,42
"288","User #25320","Timepoint 32",NA,70,42
"289","User #25320","Timepoint 33",NA,70,42
"290","User #25320","Timepoint 34",NA,70,42
"291","User #25320","Timepoint 35",NA,70,42
"292","User #25320","Timepoint 36",NA,70,42
"293","User #25320","Timepoint 37",NA,70,42
"294","User #25320","Timepoint 38",NA,70,42
"295","User #25320","Timepoint 39",NA,70,42
"296","User #25320","Timepoint 40",NA,70,42
"297","User #25320","Timepoint 41",8.68048477172852,70,42
"298","User #25320","Timepoint 42",8.68981868028641,70,42
"299","User #25320","Timepoint 43",8.66912776231766,70,42
"300","User #25320","Timepoint 44",8.69994509220123,70,42
"301","User #25320","Timepoint 45",8.70853996276855,70,42
"302","User #25320","Timepoint 46",8.64080220460892,70,42
"303","User #25320","Timepoint 47",8.6733381152153,70,42
"304","User #25320","Timepoint 48",8.77442806959152,70,42
"305","User #25320","Timepoint 49",8.6245596408844,70,42
"306","User #25320","Timepoint 50",8.63126176595688,70,42
"307","User #25320","Timepoint 51",8.62810641527176,70,42
"308","User #25320","Timepoint 52",8.66726845502853,70,42
"309","User #25320","Timepoint 53",8.65854698419571,70,42
"310","User #25320","Timepoint 54",8.61876106262207,70,42
"311","User #25320","Timepoint 55",8.63851445913315,70,42
"312","User #25320","Timepoint 56",8.73691183328629,70,42
"313","User #25320","Timepoint 57",8.58781212568283,70,42
"314","User #25320","Timepoint 58",8.59498542547226,70,42
"315","User #25320","Timepoint 59",8.58602219820023,70,42
"316","User #25320","Timepoint 60",8.61868649721146,70,42
"317","User #25320","Timepoint 61",8.61615574359894,70,42
"318","User #25320","Timepoint 62",8.57371228933334,70,42
"319","User #25320","Timepoint 63",8.60798716545105,70,42
"320","User #25320","Timepoint 64",8.68456780910492,70,42
"321","User #25312","Timepoint 1",0,70,42
"322","User #25312","Timepoint 2",0,70,42
"323","User #25312","Timepoint 3",0,70,42
"324","User #25312","Timepoint 4",0,70,42
"325","User #25312","Timepoint 5",0,70,42
"326","User #25312","Timepoint 6",0,70,42
"327","User #25312","Timepoint 7",0,70,42
"328","User #25312","Timepoint 8",0,70,42
"329","User #25312","Timepoint 9",0,70,42
"330","User #25312","Timepoint 10",0,70,42
"331","User #25312","Timepoint 11",0,70,42
"332","User #25312","Timepoint 12",0,70,42
"333","User #25312","Timepoint 13",0,70,42
"334","User #25312","Timepoint 14",0,70,42
"335","User #25312","Timepoint 15",0,70,42
"336","User #25312","Timepoint 16",0,70,42
"337","User #25312","Timepoint 17",NA,70,42
"338","User #25312","Timepoint 18",NA,70,42
"339","User #25312","Timepoint 19",NA,70,42
"340","User #25312","Timepoint 20",NA,70,42
"341","User #25312","Timepoint 21",NA,70,42
"342","User #25312","Timepoint 22",NA,70,42
"343","User #25312","Timepoint 23",NA,70,42
"344","User #25312","Timepoint 24",NA,70,42
"345","User #25312","Timepoint 25",NA,70,42
"346","User #25312","Timepoint 26",NA,70,42
"347","User #25312","Timepoint 27",NA,70,42
"348","User #25312","Timepoint 28",NA,70,42
"349","User #25312","Timepoint 29",NA,70,42
"350","User #25312","Timepoint 30",NA,70,42
"351","User #25312","Timepoint 31",NA,70,42
"352","User #25312","Timepoint 32",NA,70,42
"353","User #25312","Timepoint 33",NA,70,42
"354","User #25312","Timepoint 34",NA,70,42
"355","User #25312","Timepoint 35",NA,70,42
"356","User #25312","Timepoint 36",NA,70,42
"357","User #25312","Timepoint 37",NA,70,42
"358","User #25312","Timepoint 38",NA,70,42
"359","User #25312","Timepoint 39",NA,70,42
"360","User #25312","Timepoint 40",NA,70,42
"361","User #25312","Timepoint 41",8.22786164283752,70,42
"362","User #25312","Timepoint 42",8.26594066619873,70,42
"363","User #25312","Timepoint 43",8.21582365036011,70,42
"364","User #25312","Timepoint 44",8.26836252212524,70,42
"365","User #25312","Timepoint 45",8.30057430267334,70,42
"366","User #25312","Timepoint 46",8.21099042892456,70,42
"367","User #25312","Timepoint 47",8.24440574645996,70,42
"368","User #25312","Timepoint 48",8.37077164649963,70,42
"369","User #25312","Timepoint 49",8.10448217391968,70,42
"370","User #25312","Timepoint 50",8.13018870353699,70,42
"371","User #25312","Timepoint 51",8.10487580299377,70,42
"372","User #25312","Timepoint 52",8.15619468688965,70,42
"373","User #25312","Timepoint 53",8.17523336410522,70,42
"374","User #25312","Timepoint 54",8.10956001281738,70,42
"375","User #25312","Timepoint 55",8.13933563232422,70,42
"376","User #25312","Timepoint 56",8.24612092971802,70,42
"377","User #25312","Timepoint 57",7.97207534313202,70,42
"378","User #25312","Timepoint 58",7.98531830310822,70,42
"379","User #25312","Timepoint 59",7.96407151222229,70,42
"380","User #25312","Timepoint 60",7.98789215087891,70,42
"381","User #25312","Timepoint 61",8.00739622116089,70,42
"382","User #25312","Timepoint 62",7.94706273078918,70,42
"383","User #25312","Timepoint 63",8.02080202102661,70,42
"384","User #25312","Timepoint 64",8.06496167182922,70,42
"385","User #25385","Timepoint 1",0,70,42
"386","User #25385","Timepoint 2",0,70,42
"387","User #25385","Timepoint 3",0,70,42
"388","User #25385","Timepoint 4",0,70,42
"389","User #25385","Timepoint 5",0,70,42
"390","User #25385","Timepoint 6",0,70,42
"391","User #25385","Timepoint 7",0,70,42
"392","User #25385","Timepoint 8",0,70,42
"393","User #25385","Timepoint 9",0,70,42
"394","User #25385","Timepoint 10",0,70,42
"395","User #25385","Timepoint 11",0,70,42
"396","User #25385","Timepoint 12",0,70,42
"397","User #25385","Timepoint 13",0,70,42
"398","User #25385","Timepoint 14",0,70,42
"399","User #25385","Timepoint 15",0,70,42
"400","User #25385","Timepoint 16",0,70,42
"401","User #25385","Timepoint 17",NA,70,42
"402","User #25385","Timepoint 18",NA,70,42
"403","User #25385","Timepoint 19",NA,70,42
"404","User #25385","Timepoint 20",NA,70,42
"405","User #25385","Timepoint 21",NA,70,42
"406","User #25385","Timepoint 22",NA,70,42
"407","User #25385","Timepoint 23",NA,70,42
"408","User #25385","Timepoint 24",NA,70,42
"409","User #25385","Timepoint 25",NA,70,42
"410","User #25385","Timepoint 26",NA,70,42
"411","User #25385","Timepoint 27",NA,70,42
"412","User #25385","Timepoint 28",NA,70,42
"413","User #25385","Timepoint 29",NA,70,42
"414","User #25385","Timepoint 30",NA,70,42
"415","User #25385","Timepoint 31",NA,70,42
"416","User #25385","Timepoint 32",NA,70,42
"417","User #25385","Timepoint 33",NA,70,42
"418","User #25385","Timepoint 34",NA,70,42
"419","User #25385","Timepoint 35",NA,70,42
"420","User #25385","Timepoint 36",NA,70,42
"421","User #25385","Timepoint 37",NA,70,42
"422","User #25385","Timepoint 38",NA,70,42
"423","User #25385","Timepoint 39",NA,70,42
"424","User #25385","Timepoint 40",NA,70,42
"425","User #25385","Timepoint 41",6.18402469158173,70,42
"426","User #25385","Timepoint 42",6.17943811416626,70,42
"427","User #25385","Timepoint 43",6.1641618013382,70,42
"428","User #25385","Timepoint 44",6.15126550197601,70,42
"429","User #25385","Timepoint 45",6.16062676906586,70,42
"430","User #25385","Timepoint 46",6.13091289997101,70,42
"431","User #25385","Timepoint 47",6.19155967235565,70,42
"432","User #25385","Timepoint 48",6.21216034889221,70,42
"433","User #25385","Timepoint 49",6.2174881696701,70,42
"434","User #25385","Timepoint 50",6.21133542060852,70,42
"435","User #25385","Timepoint 51",6.19440603256226,70,42
"436","User #25385","Timepoint 52",6.18366050720215,70,42
"437","User #25385","Timepoint 53",6.18556523323059,70,42
"438","User #25385","Timepoint 54",6.15605866909027,70,42
"439","User #25385","Timepoint 55",6.22463583946228,70,42
"440","User #25385","Timepoint 56",6.24302697181702,70,42
"441","User #25385","Timepoint 57",6.22775650024414,70,42
"442","User #25385","Timepoint 58",6.22058343887329,70,42
"443","User #25385","Timepoint 59",6.20499658584595,70,42
"444","User #25385","Timepoint 60",6.19098246097565,70,42
"445","User #25385","Timepoint 61",6.19388020038605,70,42
"446","User #25385","Timepoint 62",6.16445994377136,70,42
"447","User #25385","Timepoint 63",6.23282492160797,70,42
"448","User #25385","Timepoint 64",6.25296187400818,70,42
"449","User #25298","Timepoint 1",0,70,42
"450","User #25298","Timepoint 2",0,70,42
"451","User #25298","Timepoint 3",0,70,42
"452","User #25298","Timepoint 4",0,70,42
"453","User #25298","Timepoint 5",0,70,42
"454","User #25298","Timepoint 6",0,70,42
"455","User #25298","Timepoint 7",0,70,42
"456","User #25298","Timepoint 8",0,70,42
"457","User #25298","Timepoint 9",0,70,42
"458","User #25298","Timepoint 10",0,70,42
"459","User #25298","Timepoint 11",0,70,42
"460","User #25298","Timepoint 12",0,70,42
"461","User #25298","Timepoint 13",0,70,42
"462","User #25298","Timepoint 14",0,70,42
"463","User #25298","Timepoint 15",0,70,42
"464","User #25298","Timepoint 16",0,70,42
"465","User #25298","Timepoint 17",NA,70,42
"466","User #25298","Timepoint 18",NA,70,42
"467","User #25298","Timepoint 19",NA,70,42
"468","User #25298","Timepoint 20",NA,70,42
"469","User #25298","Timepoint 21",NA,70,42
"470","User #25298","Timepoint 22",NA,70,42
"471","User #25298","Timepoint 23",NA,70,42
"472","User #25298","Timepoint 24",NA,70,42
"473","User #25298","Timepoint 25",NA,70,42
"474","User #25298","Timepoint 26",NA,70,42
"475","User #25298","Timepoint 27",NA,70,42
"476","User #25298","Timepoint 28",NA,70,42
"477","User #25298","Timepoint 29",NA,70,42
"478","User #25298","Timepoint 30",NA,70,42
"479","User #25298","Timepoint 31",NA,70,42
"480","User #25298","Timepoint 32",NA,70,42
"481","User #25298","Timepoint 33",NA,70,42
"482","User #25298","Timepoint 34",NA,70,42
"483","User #25298","Timepoint 35",NA,70,42
"484","User #25298","Timepoint 36",NA,70,42
"485","User #25298","Timepoint 37",NA,70,42
"486","User #25298","Timepoint 38",NA,70,42
"487","User #25298","Timepoint 39",NA,70,42
"488","User #25298","Timepoint 40",NA,70,42
"489","User #25298","Timepoint 41",8.22786164283752,70,42
"490","User #25298","Timepoint 42",8.26594066619873,70,42
"491","User #25298","Timepoint 43",8.21582365036011,70,42
"492","User #25298","Timepoint 44",8.26836252212524,70,42
"493","User #25298","Timepoint 45",8.30057430267334,70,42
"494","User #25298","Timepoint 46",8.21099042892456,70,42
"495","User #25298","Timepoint 47",8.24440574645996,70,42
"496","User #25298","Timepoint 48",8.37077164649963,70,42
"497","User #25298","Timepoint 49",8.10448217391968,70,42
"498","User #25298","Timepoint 50",8.13018870353699,70,42
"499","User #25298","Timepoint 51",8.10487580299377,70,42
"500","User #25298","Timepoint 52",8.15619468688965,70,42
"501","User #25298","Timepoint 53",8.17523336410522,70,42
"502","User #25298","Timepoint 54",8.10956001281738,70,42
"503","User #25298","Timepoint 55",8.13933563232422,70,42
"504","User #25298","Timepoint 56",8.24612092971802,70,42
"505","User #25298","Timepoint 57",7.97207534313202,70,42
"506","User #25298","Timepoint 58",7.98531830310822,70,42
"507","User #25298","Timepoint 59",7.96407151222229,70,42
"508","User #25298","Timepoint 60",7.98789215087891,70,42
"509","User #25298","Timepoint 61",8.00739622116089,70,42
"510","User #25298","Timepoint 62",7.94706273078918,70,42
"511","User #25298","Timepoint 63",8.02080202102661,70,42
"512","User #25298","Timepoint 64",8.06496167182922,70,42
"513","User #25390","Timepoint 1",0,70,42
"514","User #25390","Timepoint 2",0,70,42
"515","User #25390","Timepoint 3",0,70,42
"516","User #25390","Timepoint 4",0,70,42
"517","User #25390","Timepoint 5",0,70,42
"518","User #25390","Timepoint 6",0,70,42
"519","User #25390","Timepoint 7",0,70,42
"520","User #25390","Timepoint 8",0,70,42
"521","User #25390","Timepoint 9",0,70,42
"522","User #25390","Timepoint 10",0,70,42
"523","User #25390","Timepoint 11",0,70,42
"524","User #25390","Timepoint 12",0,70,42
"525","User #25390","Timepoint 13",0,70,42
"526","User #25390","Timepoint 14",0,70,42
"527","User #25390","Timepoint 15",0,70,42
"528","User #25390","Timepoint 16",0,70,42
"529","User #25390","Timepoint 17",NA,70,42
"530","User #25390","Timepoint 18",NA,70,42
"531","User #25390","Timepoint 19",NA,70,42
"532","User #25390","Timepoint 20",NA,70,42
"533","User #25390","Timepoint 21",NA,70,42
"534","User #25390","Timepoint 22",NA,70,42
"535","User #25390","Timepoint 23",NA,70,42
"536","User #25390","Timepoint 24",NA,70,42
"537","User #25390","Timepoint 25",NA,70,42
"538","User #25390","Timepoint 26",NA,70,42
"539","User #25390","Timepoint 27",NA,70,42
"540","User #25390","Timepoint 28",NA,70,42
"541","User #25390","Timepoint 29",NA,70,42
"542","User #25390","Timepoint 30",NA,70,42
"543","User #25390","Timepoint 31",NA,70,42
"544","User #25390","Timepoint 32",NA,70,42
"545","User #25390","Timepoint 33",NA,70,42
"546","User #25390","Timepoint 34",NA,70,42
"547","User #25390","Timepoint 35",NA,70,42
"548","User #25390","Timepoint 36",NA,70,42
"549","User #25390","Timepoint 37",NA,70,42
"550","User #25390","Timepoint 38",NA,70,42
"551","User #25390","Timepoint 39",NA,70,42
"552","User #25390","Timepoint 40",NA,70,42
"553","User #25390","Timepoint 41",6.54901838302612,70,42
"554","User #25390","Timepoint 42",6.55747842788696,70,42
"555","User #25390","Timepoint 43",6.54722678661346,70,42
"556","User #25390","Timepoint 44",6.56214618682861,70,42
"557","User #25390","Timepoint 45",6.56887185573578,70,42
"558","User #25390","Timepoint 46",6.54960340261459,70,42
"559","User #25390","Timepoint 47",6.5582447052002,70,42
"560","User #25390","Timepoint 48",6.58751100301743,70,42
"561","User #25390","Timepoint 49",6.50354784727097,70,42
"562","User #25390","Timepoint 50",6.50501126050949,70,42
"563","User #25390","Timepoint 51",6.50012540817261,70,42
"564","User #25390","Timepoint 52",6.50719827413559,70,42
"565","User #25390","Timepoint 53",6.50760793685913,70,42
"566","User #25390","Timepoint 54",6.49560716748238,70,42
"567","User #25390","Timepoint 55",6.51765954494476,70,42
"568","User #25390","Timepoint 56",6.52517986297607,70,42
"569","User #25390","Timepoint 57",6.52746665477753,70,42
"570","User #25390","Timepoint 58",6.53127884864807,70,42
"571","User #25390","Timepoint 59",6.52390331029892,70,42
"572","User #25390","Timepoint 60",6.53315961360931,70,42
"573","User #25390","Timepoint 61",6.53542268276215,70,42
"574","User #25390","Timepoint 62",6.51962184906006,70,42
"575","User #25390","Timepoint 63",6.53638356924057,70,42
"576","User #25390","Timepoint 64",6.55567908287048,70,42
"577","User #25348","Timepoint 1",0,70,42
"578","User #25348","Timepoint 2",0,70,42
"579","User #25348","Timepoint 3",0,70,42
"580","User #25348","Timepoint 4",0,70,42
"581","User #25348","Timepoint 5",0,70,42
"582","User #25348","Timepoint 6",0,70,42
"583","User #25348","Timepoint 7",0,70,42
"584","User #25348","Timepoint 8",0,70,42
"585","User #25348","Timepoint 9",0,70,42
"586","User #25348","Timepoint 10",0,70,42
"587","User #25348","Timepoint 11",0,70,42
"588","User #25348","Timepoint 12",0,70,42
"589","User #25348","Timepoint 13",0,70,42
"590","User #25348","Timepoint 14",0,70,42
"591","User #25348","Timepoint 15",0,70,42
"592","User #25348","Timepoint 16",0,70,42
"593","User #25348","Timepoint 17",NA,70,42
"594","User #25348","Timepoint 18",NA,70,42
"595","User #25348","Timepoint 19",NA,70,42
"596","User #25348","Timepoint 20",NA,70,42
"597","User #25348","Timepoint 21",NA,70,42
"598","User #25348","Timepoint 22",NA,70,42
"599","User #25348","Timepoint 23",NA,70,42
"600","User #25348","Timepoint 24",NA,70,42
"601","User #25348","Timepoint 25",NA,70,42
"602","User #25348","Timepoint 26",NA,70,42
"603","User #25348","Timepoint 27",NA,70,42
"604","User #25348","Timepoint 28",NA,70,42
"605","User #25348","Timepoint 29",NA,70,42
"606","User #25348","Timepoint 30",NA,70,42
"607","User #25348","Timepoint 31",NA,70,42
"608","User #25348","Timepoint 32",NA,70,42
"609","User #25348","Timepoint 33",NA,70,42
"610","User #25348","Timepoint 34",NA,70,42
"611","User #25348","Timepoint 35",NA,70,42
"612","User #25348","Timepoint 36",NA,70,42
"613","User #25348","Timepoint 37",NA,70,42
"614","User #25348","Timepoint 38",NA,70,42
"615","User #25348","Timepoint 39",NA,70,42
"616","User #25348","Timepoint 40",NA,70,42
"617","User #25348","Timepoint 41",5.81643056869507,70,42
"618","User #25348","Timepoint 42",5.81504660844803,70,42
"619","User #25348","Timepoint 43",5.80700039863586,70,42
"620","User #25348","Timepoint 44",5.81745994091034,70,42
"621","User #25348","Timepoint 45",5.81570118665695,70,42
"622","User #25348","Timepoint 46",5.79877769947052,70,42
"623","User #25348","Timepoint 47",5.83911859989166,70,42
"624","User #25348","Timepoint 48",5.84370636940002,70,42
"625","User #25348","Timepoint 49",6.13354569673538,70,42
"626","User #25348","Timepoint 50",6.13347837328911,70,42
"627","User #25348","Timepoint 51",6.12100905179977,70,42
"628","User #25348","Timepoint 52",6.13321506977081,70,42
"629","User #25348","Timepoint 53",6.13643077015877,70,42
"630","User #25348","Timepoint 54",6.10976728796959,70,42
"631","User #25348","Timepoint 55",6.17173275351524,70,42
"632","User #25348","Timepoint 56",6.16436195373535,70,42
"633","User #25348","Timepoint 57",6.15092122554779,70,42
"634","User #25348","Timepoint 58",6.15174886584282,70,42
"635","User #25348","Timepoint 59",6.13916832208633,70,42
"636","User #25348","Timepoint 60",6.15313556790352,70,42
"637","User #25348","Timepoint 61",6.15888300538063,70,42
"638","User #25348","Timepoint 62",6.13125249743462,70,42
"639","User #25348","Timepoint 63",6.19010990858078,70,42
"640","User #25348","Timepoint 64",6.18499779701233,70,42
"641","User #25328","Timepoint 1",0,70,42
"642","User #25328","Timepoint 2",0,70,42
"643","User #25328","Timepoint 3",0,70,42
"644","User #25328","Timepoint 4",0,70,42
"645","User #25328","Timepoint 5",0,70,42
"646","User #25328","Timepoint 6",0,70,42
"647","User #25328","Timepoint 7",0,70,42
"648","User #25328","Timepoint 8",0,70,42
"649","User #25328","Timepoint 9",0,70,42
"650","User #25328","Timepoint 10",0,70,42
"651","User #25328","Timepoint 11",0,70,42
"652","User #25328","Timepoint 12",0,70,42
"653","User #25328","Timepoint 13",0,70,42
"654","User #25328","Timepoint 14",0,70,42
"655","User #25328","Timepoint 15",0,70,42
"656","User #25328","Timepoint 16",0,70,42
"657","User #25328","Timepoint 17",NA,70,42
"658","User #25328","Timepoint 18",NA,70,42
"659","User #25328","Timepoint 19",NA,70,42
"660","User #25328","Timepoint 20",NA,70,42
"661","User #25328","Timepoint 21",NA,70,42
"662","User #25328","Timepoint 22",NA,70,42
"663","User #25328","Timepoint 23",NA,70,42
"664","User #25328","Timepoint 24",NA,70,42
"665","User #25328","Timepoint 25",NA,70,42
"666","User #25328","Timepoint 26",NA,70,42
"667","User #25328","Timepoint 27",NA,70,42
"668","User #25328","Timepoint 28",NA,70,42
"669","User #25328","Timepoint 29",NA,70,42
"670","User #25328","Timepoint 30",NA,70,42
"671","User #25328","Timepoint 31",NA,70,42
"672","User #25328","Timepoint 32",NA,70,42
"673","User #25328","Timepoint 33",NA,70,42
"674","User #25328","Timepoint 34",NA,70,42
"675","User #25328","Timepoint 35",NA,70,42
"676","User #25328","Timepoint 36",NA,70,42
"677","User #25328","Timepoint 37",NA,70,42
"678","User #25328","Timepoint 38",NA,70,42
"679","User #25328","Timepoint 39",NA,70,42
"680","User #25328","Timepoint 40",NA,70,42
"681","User #25328","Timepoint 41",9.28967368602753,70,42
"682","User #25328","Timepoint 42",9.27101981639862,70,42
"683","User #25328","Timepoint 43",9.23532795906067,70,42
"684","User #25328","Timepoint 44",9.22528845071793,70,42
"685","User #25328","Timepoint 45",9.20287010073662,70,42
"686","User #25328","Timepoint 46",9.15800195932388,70,42
"687","User #25328","Timepoint 47",9.29393899440765,70,42
"688","User #25328","Timepoint 48",9.3360201716423,70,42
"689","User #25328","Timepoint 49",10.7386061549187,70,42
"690","User #25328","Timepoint 50",10.6994762122631,70,42
"691","User #25328","Timepoint 51",10.6948051452637,70,42
"692","User #25328","Timepoint 52",10.6865589618683,70,42
"693","User #25328","Timepoint 53",10.6561885774136,70,42
"694","User #25328","Timepoint 54",10.607575148344,70,42
"695","User #25328","Timepoint 55",10.8324547708035,70,42
"696","User #25328","Timepoint 56",10.8258224725723,70,42
"697","User #25328","Timepoint 57",10.9769687056541,70,42
"698","User #25328","Timepoint 58",10.9553814828396,70,42
"699","User #25328","Timepoint 59",10.8996797800064,70,42
"700","User #25328","Timepoint 60",10.9024333357811,70,42
"701","User #25328","Timepoint 61",10.8885161578655,70,42
"702","User #25328","Timepoint 62",10.8047145605087,70,42
"703","User #25328","Timepoint 63",11.0180424451828,70,42
"704","User #25328","Timepoint 64",11.1026221513748,70,42
"705","User #25328","Timepoint 1",0,70,42
"706","User #25328","Timepoint 2",0,70,42
"707","User #25328","Timepoint 3",0,70,42
"708","User #25328","Timepoint 4",0,70,42
"709","User #25328","Timepoint 5",0,70,42
"710","User #25328","Timepoint 6",0,70,42
"711","User #25328","Timepoint 7",0,70,42
"712","User #25328","Timepoint 8",0,70,42
"713","User #25328","Timepoint 9",0,70,42
"714","User #25328","Timepoint 10",0,70,42
"715","User #25328","Timepoint 11",0,70,42
"716","User #25328","Timepoint 12",0,70,42
"717","User #25328","Timepoint 13",0,70,42
"718","User #25328","Timepoint 14",0,70,42
"719","User #25328","Timepoint 15",0,70,42
"720","User #25328","Timepoint 16",0,70,42
"721","User #25328","Timepoint 17",NA,70,42
"722","User #25328","Timepoint 18",NA,70,42
"723","User #25328","Timepoint 19",NA,70,42
"724","User #25328","Timepoint 20",NA,70,42
"725","User #25328","Timepoint 21",NA,70,42
"726","User #25328","Timepoint 22",NA,70,42
"727","User #25328","Timepoint 23",NA,70,42
"728","User #25328","Timepoint 24",NA,70,42
"729","User #25328","Timepoint 25",NA,70,42
"730","User #25328","Timepoint 26",NA,70,42
"731","User #25328","Timepoint 27",NA,70,42
"732","User #25328","Timepoint 28",NA,70,42
"733","User #25328","Timepoint 29",NA,70,42
"734","User #25328","Timepoint 30",NA,70,42
"735","User #25328","Timepoint 31",NA,70,42
"736","User #25328","Timepoint 32",NA,70,42
"737","User #25328","Timepoint 33",NA,70,42
"738","User #25328","Timepoint 34",NA,70,42
"739","User #25328","Timepoint 35",NA,70,42
"740","User #25328","Timepoint 36",NA,70,42
"741","User #25328","Timepoint 37",NA,70,42
"742","User #25328","Timepoint 38",NA,70,42
"743","User #25328","Timepoint 39",NA,70,42
"744","User #25328","Timepoint 40",NA,70,42
"745","User #25328","Timepoint 41",10.0800504684448,70,42
"746","User #25328","Timepoint 42",10.0843766033649,70,42
"747","User #25328","Timepoint 43",10.0702276825905,70,42
"748","User #25328","Timepoint 44",10.0711343586445,70,42
"749","User #25328","Timepoint 45",10.0872181355953,70,42
"750","User #25328","Timepoint 46",10.0638001263142,70,42
"751","User #25328","Timepoint 47",10.1110627055168,70,42
"752","User #25328","Timepoint 48",10.1150339841843,70,42
"753","User #25328","Timepoint 49",10.097848534584,70,42
"754","User #25328","Timepoint 50",10.0983346402645,70,42
"755","User #25328","Timepoint 51",10.0854746103287,70,42
"756","User #25328","Timepoint 52",10.085607111454,70,42
"757","User #25328","Timepoint 53",10.101633399725,70,42
"758","User #25328","Timepoint 54",10.0802529752254,70,42
"759","User #25328","Timepoint 55",10.1297245323658,70,42
"760","User #25328","Timepoint 56",10.1313325166702,70,42
"761","User #25328","Timepoint 57",10.0720893144608,70,42
"762","User #25328","Timepoint 58",10.0689370930195,70,42
"763","User #25328","Timepoint 59",10.0592933893204,70,42
"764","User #25328","Timepoint 60",10.0606430768967,70,42
"765","User #25328","Timepoint 61",10.0645920932293,70,42
"766","User #25328","Timepoint 62",10.0448334217072,70,42
"767","User #25328","Timepoint 63",10.1028145551682,70,42
"768","User #25328","Timepoint 64",10.0969113707542,70,42
"769","User #25324","Timepoint 1",0,70,42
"770","User #25324","Timepoint 2",0,70,42
"771","User #25324","Timepoint 3",0,70,42
"772","User #25324","Timepoint 4",0,70,42
"773","User #25324","Timepoint 5",0,70,42
"774","User #25324","Timepoint 6",0,70,42
"775","User #25324","Timepoint 7",0,70,42
"776","User #25324","Timepoint 8",0,70,42
"777","User #25324","Timepoint 9",0,70,42
"778","User #25324","Timepoint 10",0,70,42
"779","User #25324","Timepoint 11",0,70,42
"780","User #25324","Timepoint 12",0,70,42
"781","User #25324","Timepoint 13",0,70,42
"782","User #25324","Timepoint 14",0,70,42
"783","User #25324","Timepoint 15",0,70,42
"784","User #25324","Timepoint 16",0,70,42
"785","User #25324","Timepoint 17",NA,70,42
"786","User #25324","Timepoint 18",NA,70,42
"787","User #25324","Timepoint 19",NA,70,42
"788","User #25324","Timepoint 20",NA,70,42
"789","User #25324","Timepoint 21",NA,70,42
"790","User #25324","Timepoint 22",NA,70,42
"791","User #25324","Timepoint 23",NA,70,42
"792","User #25324","Timepoint 24",NA,70,42
"793","User #25324","Timepoint 25",NA,70,42
"794","User #25324","Timepoint 26",NA,70,42
"795","User #25324","Timepoint 27",NA,70,42
"796","User #25324","Timepoint 28",NA,70,42
"797","User #25324","Timepoint 29",NA,70,42
"798","User #25324","Timepoint 30",NA,70,42
"799","User #25324","Timepoint 31",NA,70,42
"800","User #25324","Timepoint 32",NA,70,42
"801","User #25324","Timepoint 33",NA,70,42
"802","User #25324","Timepoint 34",NA,70,42
"803","User #25324","Timepoint 35",NA,70,42
"804","User #25324","Timepoint 36",NA,70,42
"805","User #25324","Timepoint 37",NA,70,42
"806","User #25324","Timepoint 38",NA,70,42
"807","User #25324","Timepoint 39",NA,70,42
"808","User #25324","Timepoint 40",NA,70,42
"809","User #25324","Timepoint 41",7.94140243530273,70,42
"810","User #25324","Timepoint 42",7.94916164875031,70,42
"811","User #25324","Timepoint 43",7.92936968803406,70,42
"812","User #25324","Timepoint 44",7.97029566764832,70,42
"813","User #25324","Timepoint 45",7.96051073074341,70,42
"814","User #25324","Timepoint 46",7.91440141201019,70,42
"815","User #25324","Timepoint 47",7.97460186481476,70,42
"816","User #25324","Timepoint 48",8.03808903694153,70,42
"817","User #25324","Timepoint 49",7.30551689863205,70,42
"818","User #25324","Timepoint 50",7.31362655758858,70,42
"819","User #25324","Timepoint 51",7.28634297847748,70,42
"820","User #25324","Timepoint 52",7.32506737112999,70,42
"821","User #25324","Timepoint 53",7.32712760567665,70,42
"822","User #25324","Timepoint 54",7.2613687813282,70,42
"823","User #25324","Timepoint 55",7.35473230481148,70,42
"824","User #25324","Timepoint 56",7.40704923868179,70,42
"825","User #25324","Timepoint 57",7.28227853775024,70,42
"826","User #25324","Timepoint 58",7.28853866457939,70,42
"827","User #25324","Timepoint 59",7.26068377494812,70,42
"828","User #25324","Timepoint 60",7.29788735508919,70,42
"829","User #25324","Timepoint 61",7.29794949293137,70,42
"830","User #25324","Timepoint 62",7.23789528012276,70,42
"831","User #25324","Timepoint 63",7.32934087514877,70,42
"832","User #25324","Timepoint 64",7.38358378410339,70,42
"833","User #25362","Timepoint 1",0,70,42
"834","User #25362","Timepoint 2",0,70,42
"835","User #25362","Timepoint 3",0,70,42
"836","User #25362","Timepoint 4",0,70,42
"837","User #25362","Timepoint 5",0,70,42
"838","User #25362","Timepoint 6",0,70,42
"839","User #25362","Timepoint 7",0,70,42
"840","User #25362","Timepoint 8",0,70,42
"841","User #25362","Timepoint 9",0,70,42
"842","User #25362","Timepoint 10",0,70,42
"843","User #25362","Timepoint 11",0,70,42
"844","User #25362","Timepoint 12",0,70,42
"845","User #25362","Timepoint 13",0,70,42
"846","User #25362","Timepoint 14",0,70,42
"847","User #25362","Timepoint 15",0,70,42
"848","User #25362","Timepoint 16",0,70,42
"849","User #25362","Timepoint 17",NA,70,42
"850","User #25362","Timepoint 18",NA,70,42
"851","User #25362","Timepoint 19",NA,70,42
"852","User #25362","Timepoint 20",NA,70,42
"853","User #25362","Timepoint 21",NA,70,42
"854","User #25362","Timepoint 22",NA,70,42
"855","User #25362","Timepoint 23",NA,70,42
"856","User #25362","Timepoint 24",NA,70,42
"857","User #25362","Timepoint 25",NA,70,42
"858","User #25362","Timepoint 26",NA,70,42
"859","User #25362","Timepoint 27",NA,70,42
"860","User #25362","Timepoint 28",NA,70,42
"861","User #25362","Timepoint 29",NA,70,42
"862","User #25362","Timepoint 30",NA,70,42
"863","User #25362","Timepoint 31",NA,70,42
"864","User #25362","Timepoint 32",NA,70,42
"865","User #25362","Timepoint 33",NA,70,42
"866","User #25362","Timepoint 34",NA,70,42
"867","User #25362","Timepoint 35",NA,70,42
"868","User #25362","Timepoint 36",NA,70,42
"869","User #25362","Timepoint 37",NA,70,42
"870","User #25362","Timepoint 38",NA,70,42
"871","User #25362","Timepoint 39",NA,70,42
"872","User #25362","Timepoint 40",NA,70,42
"873","User #25362","Timepoint 41",7.72043800354004,70,42
"874","User #25362","Timepoint 42",7.72232282161713,70,42
"875","User #25362","Timepoint 43",7.71602034568787,70,42
"876","User #25362","Timepoint 44",7.71888333559036,70,42
"877","User #25362","Timepoint 45",7.72360628843307,70,42
"878","User #25362","Timepoint 46",7.70539981126785,70,42
"879","User #25362","Timepoint 47",7.74187779426575,70,42
"880","User #25362","Timepoint 48",7.74175822734833,70,42
"881","User #25362","Timepoint 49",7.71924775838852,70,42
"882","User #25362","Timepoint 50",7.72174006700516,70,42
"883","User #25362","Timepoint 51",7.71499025821686,70,42
"884","User #25362","Timepoint 52",7.71776878833771,70,42
"885","User #25362","Timepoint 53",7.72634583711624,70,42
"886","User #25362","Timepoint 54",7.70824319124222,70,42
"887","User #25362","Timepoint 55",7.74322533607483,70,42
"888","User #25362","Timepoint 56",7.7395898103714,70,42
"889","User #25362","Timepoint 57",7.74181342124939,70,42
"890","User #25362","Timepoint 58",7.74562418460846,70,42
"891","User #25362","Timepoint 59",7.7366988658905,70,42
"892","User #25362","Timepoint 60",7.74045544862747,70,42
"893","User #25362","Timepoint 61",7.75022959709167,70,42
"894","User #25362","Timepoint 62",7.73419183492661,70,42
"895","User #25362","Timepoint 63",7.76946675777435,70,42
"896","User #25362","Timepoint 64",7.76321649551392,70,42
"897","User #25383","Timepoint 1",0,70,42
"898","User #25383","Timepoint 2",0,70,42
"899","User #25383","Timepoint 3",0,70,42
"900","User #25383","Timepoint 4",0,70,42
"901","User #25383","Timepoint 5",0,70,42
"902","User #25383","Timepoint 6",0,70,42
"903","User #25383","Timepoint 7",0,70,42
"904","User #25383","Timepoint 8",0,70,42
"905","User #25383","Timepoint 9",0,70,42
"906","User #25383","Timepoint 10",0,70,42
"907","User #25383","Timepoint 11",0,70,42
"908","User #25383","Timepoint 12",0,70,42
"909","User #25383","Timepoint 13",0,70,42
"910","User #25383","Timepoint 14",0,70,42
"911","User #25383","Timepoint 15",0,70,42
"912","User #25383","Timepoint 16",0,70,42
"913","User #25383","Timepoint 17",NA,70,42
"914","User #25383","Timepoint 18",NA,70,42
"915","User #25383","Timepoint 19",NA,70,42
"916","User #25383","Timepoint 20",NA,70,42
"917","User #25383","Timepoint 21",NA,70,42
"918","User #25383","Timepoint 22",NA,70,42
"919","User #25383","Timepoint 23",NA,70,42
"920","User #25383","Timepoint 24",NA,70,42
"921","User #25383","Timepoint 25",NA,70,42
"922","User #25383","Timepoint 26",NA,70,42
"923","User #25383","Timepoint 27",NA,70,42
"924","User #25383","Timepoint 28",NA,70,42
"925","User #25383","Timepoint 29",NA,70,42
"926","User #25383","Timepoint 30",NA,70,42
"927","User #25383","Timepoint 31",NA,70,42
"928","User #25383","Timepoint 32",NA,70,42
"929","User #25383","Timepoint 33",NA,70,42
"930","User #25383","Timepoint 34",NA,70,42
"931","User #25383","Timepoint 35",NA,70,42
"932","User #25383","Timepoint 36",NA,70,42
"933","User #25383","Timepoint 37",NA,70,42
"934","User #25383","Timepoint 38",NA,70,42
"935","User #25383","Timepoint 39",NA,70,42
"936","User #25383","Timepoint 40",NA,70,42
"937","User #25383","Timepoint 41",12.4887198209763,70,42
"938","User #25383","Timepoint 42",12.4866604208946,70,42
"939","User #25383","Timepoint 43",12.467262506485,70,42
"940","User #25383","Timepoint 44",12.4855787754059,70,42
"941","User #25383","Timepoint 45",12.4888408780098,70,42
"942","User #25383","Timepoint 46",12.4341030716896,70,42
"943","User #25383","Timepoint 47",12.565954208374,70,42
"944","User #25383","Timepoint 48",12.5741288661957,70,42
"945","User #25383","Timepoint 49",11.6308690011501,70,42
"946","User #25383","Timepoint 50",11.626746326685,70,42
"947","User #25383","Timepoint 51",11.6021114587784,70,42
"948","User #25383","Timepoint 52",11.6137808263302,70,42
"949","User #25383","Timepoint 53",11.6192887127399,70,42
"950","User #25383","Timepoint 54",11.5560010075569,70,42
"951","User #25383","Timepoint 55",11.7005457878113,70,42
"952","User #25383","Timepoint 56",11.711426794529,70,42
"953","User #25383","Timepoint 57",11.6645411252975,70,42
"954","User #25383","Timepoint 58",11.6621009409428,70,42
"955","User #25383","Timepoint 59",11.6404847502708,70,42
"956","User #25383","Timepoint 60",11.6491462886333,70,42
"957","User #25383","Timepoint 61",11.6776657998562,70,42
"958","User #25383","Timepoint 62",11.609005600214,70,42
"959","User #25383","Timepoint 63",11.7410761713982,70,42
"960","User #25383","Timepoint 64",11.7468861341476,70,42
"961","User #25362","Timepoint 1",0,70,42
"962","User #25362","Timepoint 2",0,70,42
"963","User #25362","Timepoint 3",0,70,42
"964","User #25362","Timepoint 4",0,70,42
"965","User #25362","Timepoint 5",0,70,42
"966","User #25362","Timepoint 6",0,70,42
"967","User #25362","Timepoint 7",0,70,42
"968","User #25362","Timepoint 8",0,70,42
"969","User #25362","Timepoint 9",0,70,42
"970","User #25362","Timepoint 10",0,70,42
"971","User #25362","Timepoint 11",0,70,42
"972","User #25362","Timepoint 12",0,70,42
"973","User #25362","Timepoint 13",0,70,42
"974","User #25362","Timepoint 14",0,70,42
"975","User #25362","Timepoint 15",0,70,42
"976","User #25362","Timepoint 16",0,70,42
"977","User #25362","Timepoint 17",NA,70,42
"978","User #25362","Timepoint 18",NA,70,42
"979","User #25362","Timepoint 19",NA,70,42
"980","User #25362","Timepoint 20",NA,70,42
"981","User #25362","Timepoint 21",NA,70,42
"982","User #25362","Timepoint 22",NA,70,42
"983","User #25362","Timepoint 23",NA,70,42
"984","User #25362","Timepoint 24",NA,70,42
"985","User #25362","Timepoint 25",NA,70,42
"986","User #25362","Timepoint 26",NA,70,42
"987","User #25362","Timepoint 27",NA,70,42
"988","User #25362","Timepoint 28",NA,70,42
"989","User #25362","Timepoint 29",NA,70,42
"990","User #25362","Timepoint 30",NA,70,42
"991","User #25362","Timepoint 31",NA,70,42
"992","User #25362","Timepoint 32",NA,70,42
"993","User #25362","Timepoint 33",NA,70,42
"994","User #25362","Timepoint 34",NA,70,42
"995","User #25362","Timepoint 35",NA,70,42
"996","User #25362","Timepoint 36",NA,70,42
"997","User #25362","Timepoint 37",NA,70,42
"998","User #25362","Timepoint 38",NA,70,42
"999","User #25362","Timepoint 39",NA,70,42
"1000","User #25362","Timepoint 40",NA,70,42
"1001","User #25362","Timepoint 41",6.71490162611008,70,42
"1002","User #25362","Timepoint 42",6.71104848384857,70,42
"1003","User #25362","Timepoint 43",6.69552743434906,70,42
"1004","User #25362","Timepoint 44",6.69440031051636,70,42
"1005","User #25362","Timepoint 45",6.70297041535378,70,42
"1006","User #25362","Timepoint 46",6.65840312838554,70,42
"1007","User #25362","Timepoint 47",6.7545560002327,70,42
"1008","User #25362","Timepoint 48",6.75925433635712,70,42
"1009","User #25362","Timepoint 49",7.93506836891174,70,42
"1010","User #25362","Timepoint 50",7.93119552731514,70,42
"1011","User #25362","Timepoint 51",7.90270268917084,70,42
"1012","User #25362","Timepoint 52",7.89714998006821,70,42
"1013","User #25362","Timepoint 53",7.91906416416168,70,42
"1014","User #25362","Timepoint 54",7.83677399158478,70,42
"1015","User #25362","Timepoint 55",8.00198331475258,70,42
"1016","User #25362","Timepoint 56",8.00614047050476,70,42
"1017","User #25362","Timepoint 57",8.11945280432701,70,42
"1018","User #25362","Timepoint 58",8.13384526968002,70,42
"1019","User #25362","Timepoint 59",8.10254764556885,70,42
"1020","User #25362","Timepoint 60",8.09908893704414,70,42
"1021","User #25362","Timepoint 61",8.15323039889336,70,42
"1022","User #25362","Timepoint 62",8.0553343296051,70,42
"1023","User #25362","Timepoint 63",8.20452040433884,70,42
"1024","User #25362","Timepoint 64",8.2261078953743,70,42
"1025","User #25307","Timepoint 1",0,70,42
"1026","User #25307","Timepoint 2",0,70,42
"1027","User #25307","Timepoint 3",0,70,42
"1028","User #25307","Timepoint 4",0,70,42
"1029","User #25307","Timepoint 5",0,70,42
"1030","User #25307","Timepoint 6",0,70,42
"1031","User #25307","Timepoint 7",0,70,42
"1032","User #25307","Timepoint 8",0,70,42
"1033","User #25307","Timepoint 9",0,70,42
"1034","User #25307","Timepoint 10",0,70,42
"1035","User #25307","Timepoint 11",0,70,42
"1036","User #25307","Timepoint 12",0,70,42
"1037","User #25307","Timepoint 13",0,70,42
"1038","User #25307","Timepoint 14",0,70,42
"1039","User #25307","Timepoint 15",0,70,42
"1040","User #25307","Timepoint 16",0,70,42
"1041","User #25307","Timepoint 17",NA,70,42
"1042","User #25307","Timepoint 18",NA,70,42
"1043","User #25307","Timepoint 19",NA,70,42
"1044","User #25307","Timepoint 20",NA,70,42
"1045","User #25307","Timepoint 21",NA,70,42
"1046","User #25307","Timepoint 22",NA,70,42
"1047","User #25307","Timepoint 23",NA,70,42
"1048","User #25307","Timepoint 24",NA,70,42
"1049","User #25307","Timepoint 25",NA,70,42
"1050","User #25307","Timepoint 26",NA,70,42
"1051","User #25307","Timepoint 27",NA,70,42
"1052","User #25307","Timepoint 28",NA,70,42
"1053","User #25307","Timepoint 29",NA,70,42
"1054","User #25307","Timepoint 30",NA,70,42
"1055","User #25307","Timepoint 31",NA,70,42
"1056","User #25307","Timepoint 32",NA,70,42
"1057","User #25307","Timepoint 33",NA,70,42
"1058","User #25307","Timepoint 34",NA,70,42
"1059","User #25307","Timepoint 35",NA,70,42
"1060","User #25307","Timepoint 36",NA,70,42
"1061","User #25307","Timepoint 37",NA,70,42
"1062","User #25307","Timepoint 38",NA,70,42
"1063","User #25307","Timepoint 39",NA,70,42
"1064","User #25307","Timepoint 40",NA,70,42
"1065","User #25307","Timepoint 41",10.4369647204876,70,42
"1066","User #25307","Timepoint 42",10.4288113415241,70,42
"1067","User #25307","Timepoint 43",10.4038300514221,70,42
"1068","User #25307","Timepoint 44",10.3615190088749,70,42
"1069","User #25307","Timepoint 45",10.3990527689457,70,42
"1070","User #25307","Timepoint 46",10.3423447012901,70,42
"1071","User #25307","Timepoint 47",10.4335266649723,70,42
"1072","User #25307","Timepoint 48",10.5117396116257,70,42
"1073","User #25307","Timepoint 49",10.5079198777676,70,42
"1074","User #25307","Timepoint 50",10.4903865456581,70,42
"1075","User #25307","Timepoint 51",10.4739644527435,70,42
"1076","User #25307","Timepoint 52",10.4268868565559,70,42
"1077","User #25307","Timepoint 53",10.4777806997299,70,42
"1078","User #25307","Timepoint 54",10.4235391914845,70,42
"1079","User #25307","Timepoint 55",10.5052982866764,70,42
"1080","User #25307","Timepoint 56",10.5928699970245,70,42
"1081","User #25307","Timepoint 57",10.5820043683052,70,42
"1082","User #25307","Timepoint 58",10.5682778954506,70,42
"1083","User #25307","Timepoint 59",10.5358660817146,70,42
"1084","User #25307","Timepoint 60",10.5039472579956,70,42
"1085","User #25307","Timepoint 61",10.5338267982006,70,42
"1086","User #25307","Timepoint 62",10.4744850695133,70,42
"1087","User #25307","Timepoint 63",10.5861942470074,70,42
"1088","User #25307","Timepoint 64",10.6549239754677,70,42
"1089","User #25346","Timepoint 1",0,70,42
"1090","User #25346","Timepoint 2",0,70,42
"1091","User #25346","Timepoint 3",0,70,42
"1092","User #25346","Timepoint 4",0,70,42
"1093","User #25346","Timepoint 5",0,70,42
"1094","User #25346","Timepoint 6",0,70,42
"1095","User #25346","Timepoint 7",0,70,42
"1096","User #25346","Timepoint 8",0,70,42
"1097","User #25346","Timepoint 9",0,70,42
"1098","User #25346","Timepoint 10",0,70,42
"1099","User #25346","Timepoint 11",0,70,42
"1100","User #25346","Timepoint 12",0,70,42
"1101","User #25346","Timepoint 13",0,70,42
"1102","User #25346","Timepoint 14",0,70,42
"1103","User #25346","Timepoint 15",0,70,42
"1104","User #25346","Timepoint 16",0,70,42
"1105","User #25346","Timepoint 17",NA,70,42
"1106","User #25346","Timepoint 18",NA,70,42
"1107","User #25346","Timepoint 19",NA,70,42
"1108","User #25346","Timepoint 20",NA,70,42
"1109","User #25346","Timepoint 21",NA,70,42
"1110","User #25346","Timepoint 22",NA,70,42
"1111","User #25346","Timepoint 23",NA,70,42
"1112","User #25346","Timepoint 24",NA,70,42
"1113","User #25346","Timepoint 25",NA,70,42
"1114","User #25346","Timepoint 26",NA,70,42
"1115","User #25346","Timepoint 27",NA,70,42
"1116","User #25346","Timepoint 28",NA,70,42
"1117","User #25346","Timepoint 29",NA,70,42
"1118","User #25346","Timepoint 30",NA,70,42
"1119","User #25346","Timepoint 31",NA,70,42
"1120","User #25346","Timepoint 32",NA,70,42
"1121","User #25346","Timepoint 33",NA,70,42
"1122","User #25346","Timepoint 34",NA,70,42
"1123","User #25346","Timepoint 35",NA,70,42
"1124","User #25346","Timepoint 36",NA,70,42
"1125","User #25346","Timepoint 37",NA,70,42
"1126","User #25346","Timepoint 38",NA,70,42
"1127","User #25346","Timepoint 39",NA,70,42
"1128","User #25346","Timepoint 40",NA,70,42
"1129","User #25346","Timepoint 41",12.8573181629181,70,42
"1130","User #25346","Timepoint 42",12.8467257022858,70,42
"1131","User #25346","Timepoint 43",12.8223934173584,70,42
"1132","User #25346","Timepoint 44",12.8079187870026,70,42
"1133","User #25346","Timepoint 45",12.8155925273895,70,42
"1134","User #25346","Timepoint 46",12.7606937885284,70,42
"1135","User #25346","Timepoint 47",12.9256782531738,70,42
"1136","User #25346","Timepoint 48",12.9328546524048,70,42
"1137","User #25346","Timepoint 49",12.01237231493,70,42
"1138","User #25346","Timepoint 50",11.9876023828983,70,42
"1139","User #25346","Timepoint 51",11.9675804972649,70,42
"1140","User #25346","Timepoint 52",11.9384616315365,70,42
"1141","User #25346","Timepoint 53",11.9427000582218,70,42
"1142","User #25346","Timepoint 54",11.8898811936378,70,42
"1143","User #25346","Timepoint 55",12.0480253100395,70,42
"1144","User #25346","Timepoint 56",12.0863036513329,70,42
"1145","User #25346","Timepoint 57",12.0400942862034,70,42
"1146","User #25346","Timepoint 58",12.0164870917797,70,42
"1147","User #25346","Timepoint 59",11.9973267316818,70,42
"1148","User #25346","Timepoint 60",11.9863972663879,70,42
"1149","User #25346","Timepoint 61",11.9768260717392,70,42
"1150","User #25346","Timepoint 62",11.9208601713181,70,42
"1151","User #25346","Timepoint 63",12.0921248495579,70,42
"1152","User #25346","Timepoint 64",12.1084254384041,70,42
"1153","User #25378","Timepoint 1",0,70,42
"1154","User #25378","Timepoint 2",0,70,42
"1155","User #25378","Timepoint 3",0,70,42
"1156","User #25378","Timepoint 4",0,70,42
"1157","User #25378","Timepoint 5",0,70,42
"1158","User #25378","Timepoint 6",0,70,42
"1159","User #25378","Timepoint 7",0,70,42
"1160","User #25378","Timepoint 8",0,70,42
"1161","User #25378","Timepoint 9",0,70,42
"1162","User #25378","Timepoint 10",0,70,42
"1163","User #25378","Timepoint 11",0,70,42
"1164","User #25378","Timepoint 12",0,70,42
"1165","User #25378","Timepoint 13",0,70,42
"1166","User #25378","Timepoint 14",0,70,42
"1167","User #25378","Timepoint 15",0,70,42
"1168","User #25378","Timepoint 16",0,70,42
"1169","User #25378","Timepoint 17",NA,70,42
"1170","User #25378","Timepoint 18",NA,70,42
"1171","User #25378","Timepoint 19",NA,70,42
"1172","User #25378","Timepoint 20",NA,70,42
"1173","User #25378","Timepoint 21",NA,70,42
"1174","User #25378","Timepoint 22",NA,70,42
"1175","User #25378","Timepoint 23",NA,70,42
"1176","User #25378","Timepoint 24",NA,70,42
"1177","User #25378","Timepoint 25",NA,70,42
"1178","User #25378","Timepoint 26",NA,70,42
"1179","User #25378","Timepoint 27",NA,70,42
"1180","User #25378","Timepoint 28",NA,70,42
"1181","User #25378","Timepoint 29",NA,70,42
"1182","User #25378","Timepoint 30",NA,70,42
"1183","User #25378","Timepoint 31",NA,70,42
"1184","User #25378","Timepoint 32",NA,70,42
"1185","User #25378","Timepoint 33",NA,70,42
"1186","User #25378","Timepoint 34",NA,70,42
"1187","User #25378","Timepoint 35",NA,70,42
"1188","User #25378","Timepoint 36",NA,70,42
"1189","User #25378","Timepoint 37",NA,70,42
"1190","User #25378","Timepoint 38",NA,70,42
"1191","User #25378","Timepoint 39",NA,70,42
"1192","User #25378","Timepoint 40",NA,70,42
"1193","User #25378","Timepoint 41",11.9436955451965,70,42
"1194","User #25378","Timepoint 42",11.943918466568,70,42
"1195","User #25378","Timepoint 43",11.9245380163193,70,42
"1196","User #25378","Timepoint 44",11.9375754892826,70,42
"1197","User #25378","Timepoint 45",11.9368000328541,70,42
"1198","User #25378","Timepoint 46",11.8932844698429,70,42
"1199","User #25378","Timepoint 47",11.9994175434113,70,42
"1200","User #25378","Timepoint 48",12.0061868429184,70,42
"1201","User #25378","Timepoint 49",11.9699512422085,70,42
"1202","User #25378","Timepoint 50",11.9702009856701,70,42
"1203","User #25378","Timepoint 51",11.9470351934433,70,42
"1204","User #25378","Timepoint 52",11.9667825102806,70,42
"1205","User #25378","Timepoint 53",11.9544126093388,70,42
"1206","User #25378","Timepoint 54",11.9162778556347,70,42
"1207","User #25378","Timepoint 55",12.0236802101135,70,42
"1208","User #25378","Timepoint 56",12.0330131053925,70,42
"1209","User #25378","Timepoint 57",12.0452941954136,70,42
"1210","User #25378","Timepoint 58",12.048392444849,70,42
"1211","User #25378","Timepoint 59",12.0154809951782,70,42
"1212","User #25378","Timepoint 60",12.0399536192417,70,42
"1213","User #25378","Timepoint 61",12.044739574194,70,42
"1214","User #25378","Timepoint 62",11.9923631846905,70,42
"1215","User #25378","Timepoint 63",12.0856560766697,70,42
"1216","User #25378","Timepoint 64",12.1164521574974,70,42
"1217","User #25331","Timepoint 1",0,70,42
"1218","User #25331","Timepoint 2",0,70,42
"1219","User #25331","Timepoint 3",0,70,42
"1220","User #25331","Timepoint 4",0,70,42
"1221","User #25331","Timepoint 5",0,70,42
"1222","User #25331","Timepoint 6",0,70,42
"1223","User #25331","Timepoint 7",0,70,42
"1224","User #25331","Timepoint 8",0,70,42
"1225","User #25331","Timepoint 9",0,70,42
"1226","User #25331","Timepoint 10",0,70,42
"1227","User #25331","Timepoint 11",0,70,42
"1228","User #25331","Timepoint 12",0,70,42
"1229","User #25331","Timepoint 13",0,70,42
"1230","User #25331","Timepoint 14",0,70,42
"1231","User #25331","Timepoint 15",0,70,42
"1232","User #25331","Timepoint 16",0,70,42
"1233","User #25331","Timepoint 17",NA,70,42
"1234","User #25331","Timepoint 18",NA,70,42
"1235","User #25331","Timepoint 19",NA,70,42
"1236","User #25331","Timepoint 20",NA,70,42
"1237","User #25331","Timepoint 21",NA,70,42
"1238","User #25331","Timepoint 22",NA,70,42
"1239","User #25331","Timepoint 23",NA,70,42
"1240","User #25331","Timepoint 24",NA,70,42
"1241","User #25331","Timepoint 25",NA,70,42
"1242","User #25331","Timepoint 26",NA,70,42
"1243","User #25331","Timepoint 27",NA,70,42
"1244","User #25331","Timepoint 28",NA,70,42
"1245","User #25331","Timepoint 29",NA,70,42
"1246","User #25331","Timepoint 30",NA,70,42
"1247","User #25331","Timepoint 31",NA,70,42
"1248","User #25331","Timepoint 32",NA,70,42
"1249","User #25331","Timepoint 33",NA,70,42
"1250","User #25331","Timepoint 34",NA,70,42
"1251","User #25331","Timepoint 35",NA,70,42
"1252","User #25331","Timepoint 36",NA,70,42
"1253","User #25331","Timepoint 37",NA,70,42
"1254","User #25331","Timepoint 38",NA,70,42
"1255","User #25331","Timepoint 39",NA,70,42
"1256","User #25331","Timepoint 40",NA,70,42
"1257","User #25331","Timepoint 41",7.61802333593369,70,42
"1258","User #25331","Timepoint 42",7.62790590524673,70,42
"1259","User #25331","Timepoint 43",7.61506229639053,70,42
"1260","User #25331","Timepoint 44",7.62915152311325,70,42
"1261","User #25331","Timepoint 45",7.64387500286102,70,42
"1262","User #25331","Timepoint 46",7.61498832702637,70,42
"1263","User #25331","Timepoint 47",7.60738533735275,70,42
"1264","User #25331","Timepoint 48",7.67258638143539,70,42
"1265","User #25331","Timepoint 49",10.886747777462,70,42
"1266","User #25331","Timepoint 50",10.873498737812,70,42
"1267","User #25331","Timepoint 51",10.8615972399712,70,42
"1268","User #25331","Timepoint 52",10.8851580321789,70,42
"1269","User #25331","Timepoint 53",10.9020849168301,70,42
"1270","User #25331","Timepoint 54",10.8176098167896,70,42
"1271","User #25331","Timepoint 55",11.0179641246796,70,42
"1272","User #25331","Timepoint 56",11.004387319088,70,42
"1273","User #25331","Timepoint 57",11.2129269242287,70,42
"1274","User #25331","Timepoint 58",11.2091425955296,70,42
"1275","User #25331","Timepoint 59",11.1664608716965,70,42
"1276","User #25331","Timepoint 60",11.2034353911877,70,42
"1277","User #25331","Timepoint 61",11.2841940224171,70,42
"1278","User #25331","Timepoint 62",11.1430594027042,70,42
"1279","User #25331","Timepoint 63",11.2764987647533,70,42
"1280","User #25331","Timepoint 64",11.4119908213615,70,42
"1281","User #25305","Timepoint 1",0,70,42
"1282","User #25305","Timepoint 2",0,70,42
"1283","User #25305","Timepoint 3",0,70,42
"1284","User #25305","Timepoint 4",0,70,42
"1285","User #25305","Timepoint 5",0,70,42
"1286","User #25305","Timepoint 6",0,70,42
"1287","User #25305","Timepoint 7",0,70,42
"1288","User #25305","Timepoint 8",0,70,42
"1289","User #25305","Timepoint 9",0,70,42
"1290","User #25305","Timepoint 10",0,70,42
"1291","User #25305","Timepoint 11",0,70,42
"1292","User #25305","Timepoint 12",0,70,42
"1293","User #25305","Timepoint 13",0,70,42
"1294","User #25305","Timepoint 14",0,70,42
"1295","User #25305","Timepoint 15",0,70,42
"1296","User #25305","Timepoint 16",0,70,42
"1297","User #25305","Timepoint 17",NA,70,42
"1298","User #25305","Timepoint 18",NA,70,42
"1299","User #25305","Timepoint 19",NA,70,42
"1300","User #25305","Timepoint 20",NA,70,42
"1301","User #25305","Timepoint 21",NA,70,42
"1302","User #25305","Timepoint 22",NA,70,42
"1303","User #25305","Timepoint 23",NA,70,42
"1304","User #25305","Timepoint 24",NA,70,42
"1305","User #25305","Timepoint 25",NA,70,42
"1306","User #25305","Timepoint 26",NA,70,42
"1307","User #25305","Timepoint 27",NA,70,42
"1308","User #25305","Timepoint 28",NA,70,42
"1309","User #25305","Timepoint 29",NA,70,42
"1310","User #25305","Timepoint 30",NA,70,42
"1311","User #25305","Timepoint 31",NA,70,42
"1312","User #25305","Timepoint 32",NA,70,42
"1313","User #25305","Timepoint 33",NA,70,42
"1314","User #25305","Timepoint 34",NA,70,42
"1315","User #25305","Timepoint 35",NA,70,42
"1316","User #25305","Timepoint 36",NA,70,42
"1317","User #25305","Timepoint 37",NA,70,42
"1318","User #25305","Timepoint 38",NA,70,42
"1319","User #25305","Timepoint 39",NA,70,42
"1320","User #25305","Timepoint 40",NA,70,42
"1321","User #25305","Timepoint 41",6.18402469158173,70,42
"1322","User #25305","Timepoint 42",6.17943811416626,70,42
"1323","User #25305","Timepoint 43",6.1641618013382,70,42
"1324","User #25305","Timepoint 44",6.15126550197601,70,42
"1325","User #25305","Timepoint 45",6.16062676906586,70,42
"1326","User #25305","Timepoint 46",6.13091289997101,70,42
"1327","User #25305","Timepoint 47",6.19155967235565,70,42
"1328","User #25305","Timepoint 48",6.21216034889221,70,42
"1329","User #25305","Timepoint 49",6.2174881696701,70,42
"1330","User #25305","Timepoint 50",6.21133542060852,70,42
"1331","User #25305","Timepoint 51",6.19440603256226,70,42
"1332","User #25305","Timepoint 52",6.18366050720215,70,42
"1333","User #25305","Timepoint 53",6.18556523323059,70,42
"1334","User #25305","Timepoint 54",6.15605866909027,70,42
"1335","User #25305","Timepoint 55",6.22463583946228,70,42
"1336","User #25305","Timepoint 56",6.24302697181702,70,42
"1337","User #25305","Timepoint 57",6.22775650024414,70,42
"1338","User #25305","Timepoint 58",6.22058343887329,70,42
"1339","User #25305","Timepoint 59",6.20499658584595,70,42
"1340","User #25305","Timepoint 60",6.19098246097565,70,42
"1341","User #25305","Timepoint 61",6.19388020038605,70,42
"1342","User #25305","Timepoint 62",6.16445994377136,70,42
"1343","User #25305","Timepoint 63",6.23282492160797,70,42
"1344","User #25305","Timepoint 64",6.25296187400818,70,42
"1345","User #25393","Timepoint 1",0,70,42
"1346","User #25393","Timepoint 2",0,70,42
"1347","User #25393","Timepoint 3",0,70,42
"1348","User #25393","Timepoint 4",0,70,42
"1349","User #25393","Timepoint 5",0,70,42
"1350","User #25393","Timepoint 6",0,70,42
"1351","User #25393","Timepoint 7",0,70,42
"1352","User #25393","Timepoint 8",0,70,42
"1353","User #25393","Timepoint 9",0,70,42
"1354","User #25393","Timepoint 10",0,70,42
"1355","User #25393","Timepoint 11",0,70,42
"1356","User #25393","Timepoint 12",0,70,42
"1357","User #25393","Timepoint 13",0,70,42
"1358","User #25393","Timepoint 14",0,70,42
"1359","User #25393","Timepoint 15",0,70,42
"1360","User #25393","Timepoint 16",0,70,42
"1361","User #25393","Timepoint 17",NA,70,42
"1362","User #25393","Timepoint 18",NA,70,42
"1363","User #25393","Timepoint 19",NA,70,42
"1364","User #25393","Timepoint 20",NA,70,42
"1365","User #25393","Timepoint 21",NA,70,42
"1366","User #25393","Timepoint 22",NA,70,42
"1367","User #25393","Timepoint 23",NA,70,42
"1368","User #25393","Timepoint 24",NA,70,42
"1369","User #25393","Timepoint 25",NA,70,42
"1370","User #25393","Timepoint 26",NA,70,42
"1371","User #25393","Timepoint 27",NA,70,42
"1372","User #25393","Timepoint 28",NA,70,42
"1373","User #25393","Timepoint 29",NA,70,42
"1374","User #25393","Timepoint 30",NA,70,42
"1375","User #25393","Timepoint 31",NA,70,42
"1376","User #25393","Timepoint 32",NA,70,42
"1377","User #25393","Timepoint 33",NA,70,42
"1378","User #25393","Timepoint 34",NA,70,42
"1379","User #25393","Timepoint 35",NA,70,42
"1380","User #25393","Timepoint 36",NA,70,42
"1381","User #25393","Timepoint 37",NA,70,42
"1382","User #25393","Timepoint 38",NA,70,42
"1383","User #25393","Timepoint 39",NA,70,42
"1384","User #25393","Timepoint 40",NA,70,42
"1385","User #25393","Timepoint 41",7.01253294944763,70,42
"1386","User #25393","Timepoint 42",7.01216244697571,70,42
"1387","User #25393","Timepoint 43",6.97976851463318,70,42
"1388","User #25393","Timepoint 44",7.00117874145508,70,42
"1389","User #25393","Timepoint 45",6.98673117160797,70,42
"1390","User #25393","Timepoint 46",6.92948257923126,70,42
"1391","User #25393","Timepoint 47",6.99624109268188,70,42
"1392","User #25393","Timepoint 48",7.09799575805664,70,42
"1393","User #25393","Timepoint 49",7.81066358089447,70,42
"1394","User #25393","Timepoint 50",7.80020278692245,70,42
"1395","User #25393","Timepoint 51",7.77103769779205,70,42
"1396","User #25393","Timepoint 52",7.78932964801788,70,42
"1397","User #25393","Timepoint 53",7.78578877449036,70,42
"1398","User #25393","Timepoint 54",7.70931488275528,70,42
"1399","User #25393","Timepoint 55",7.84383320808411,70,42
"1400","User #25393","Timepoint 56",7.90254783630371,70,42
"1401","User #25393","Timepoint 57",7.69107568264008,70,42
"1402","User #25393","Timepoint 58",7.6848486661911,70,42
"1403","User #25393","Timepoint 59",7.65884983539581,70,42
"1404","User #25393","Timepoint 60",7.6835036277771,70,42
"1405","User #25393","Timepoint 61",7.67414754629135,70,42
"1406","User #25393","Timepoint 62",7.60385382175446,70,42
"1407","User #25393","Timepoint 63",7.74456340074539,70,42
"1408","User #25393","Timepoint 64",7.77026700973511,70,42
"1409","User #25365","Timepoint 1",0,70,42
"1410","User #25365","Timepoint 2",0,70,42
"1411","User #25365","Timepoint 3",0,70,42
"1412","User #25365","Timepoint 4",0,70,42
"1413","User #25365","Timepoint 5",0,70,42
"1414","User #25365","Timepoint 6",0,70,42
"1415","User #25365","Timepoint 7",0,70,42
"1416","User #25365","Timepoint 8",0,70,42
"1417","User #25365","Timepoint 9",0,70,42
"1418","User #25365","Timepoint 10",0,70,42
"1419","User #25365","Timepoint 11",0,70,42
"1420","User #25365","Timepoint 12",0,70,42
"1421","User #25365","Timepoint 13",0,70,42
"1422","User #25365","Timepoint 14",0,70,42
"1423","User #25365","Timepoint 15",0,70,42
"1424","User #25365","Timepoint 16",0,70,42
"1425","User #25365","Timepoint 17",NA,70,42
"1426","User #25365","Timepoint 18",NA,70,42
"1427","User #25365","Timepoint 19",NA,70,42
"1428","User #25365","Timepoint 20",NA,70,42
"1429","User #25365","Timepoint 21",NA,70,42
"1430","User #25365","Timepoint 22",NA,70,42
"1431","User #25365","Timepoint 23",NA,70,42
"1432","User #25365","Timepoint 24",NA,70,42
"1433","User #25365","Timepoint 25",NA,70,42
"1434","User #25365","Timepoint 26",NA,70,42
"1435","User #25365","Timepoint 27",NA,70,42
"1436","User #25365","Timepoint 28",NA,70,42
"1437","User #25365","Timepoint 29",NA,70,42
"1438","User #25365","Timepoint 30",NA,70,42
"1439","User #25365","Timepoint 31",NA,70,42
"1440","User #25365","Timepoint 32",NA,70,42
"1441","User #25365","Timepoint 33",NA,70,42
"1442","User #25365","Timepoint 34",NA,70,42
"1443","User #25365","Timepoint 35",NA,70,42
"1444","User #25365","Timepoint 36",NA,70,42
"1445","User #25365","Timepoint 37",NA,70,42
"1446","User #25365","Timepoint 38",NA,70,42
"1447","User #25365","Timepoint 39",NA,70,42
"1448","User #25365","Timepoint 40",NA,70,42
"1449","User #25365","Timepoint 41",7.37907260656357,70,42
"1450","User #25365","Timepoint 42",7.37848743796349,70,42
"1451","User #25365","Timepoint 43",7.36847215890884,70,42
"1452","User #25365","Timepoint 44",7.39216098189354,70,42
"1453","User #25365","Timepoint 45",7.37920573353767,70,42
"1454","User #25365","Timepoint 46",7.35400655865669,70,42
"1455","User #25365","Timepoint 47",7.41055655479431,70,42
"1456","User #25365","Timepoint 48",7.43463796377182,70,42
"1457","User #25365","Timepoint 49",7.35345876216888,70,42
"1458","User #25365","Timepoint 50",7.34841147065163,70,42
"1459","User #25365","Timepoint 51",7.33852922916412,70,42
"1460","User #25365","Timepoint 52",7.35825660824776,70,42
"1461","User #25365","Timepoint 53",7.356415361166,70,42
"1462","User #25365","Timepoint 54",7.33079579472542,70,42
"1463","User #25365","Timepoint 55",7.38448959589005,70,42
"1464","User #25365","Timepoint 56",7.39843565225601,70,42
"1465","User #25365","Timepoint 57",7.28114926815033,70,42
"1466","User #25365","Timepoint 58",7.27781000733376,70,42
"1467","User #25365","Timepoint 59",7.26776039600372,70,42
"1468","User #25365","Timepoint 60",7.28168392181396,70,42
"1469","User #25365","Timepoint 61",7.26921746134758,70,42
"1470","User #25365","Timepoint 62",7.24962249398232,70,42
"1471","User #25365","Timepoint 63",7.32461661100388,70,42
"1472","User #25365","Timepoint 64",7.31437647342682,70,42
"1473","User #25320","Timepoint 1",0,70,42
"1474","User #25320","Timepoint 2",0,70,42
"1475","User #25320","Timepoint 3",0,70,42
"1476","User #25320","Timepoint 4",0,70,42
"1477","User #25320","Timepoint 5",0,70,42
"1478","User #25320","Timepoint 6",0,70,42
"1479","User #25320","Timepoint 7",0,70,42
"1480","User #25320","Timepoint 8",0,70,42
"1481","User #25320","Timepoint 9",0,70,42
"1482","User #25320","Timepoint 10",0,70,42
"1483","User #25320","Timepoint 11",0,70,42
"1484","User #25320","Timepoint 12",0,70,42
"1485","User #25320","Timepoint 13",0,70,42
"1486","User #25320","Timepoint 14",0,70,42
"1487","User #25320","Timepoint 15",0,70,42
"1488","User #25320","Timepoint 16",0,70,42
"1489","User #25320","Timepoint 17",NA,70,42
"1490","User #25320","Timepoint 18",NA,70,42
"1491","User #25320","Timepoint 19",NA,70,42
"1492","User #25320","Timepoint 20",NA,70,42
"1493","User #25320","Timepoint 21",NA,70,42
"1494","User #25320","Timepoint 22",NA,70,42
"1495","User #25320","Timepoint 23",NA,70,42
"1496","User #25320","Timepoint 24",NA,70,42
"1497","User #25320","Timepoint 25",NA,70,42
"1498","User #25320","Timepoint 26",NA,70,42
"1499","User #25320","Timepoint 27",NA,70,42
"1500","User #25320","Timepoint 28",NA,70,42
"1501","User #25320","Timepoint 29",NA,70,42
"1502","User #25320","Timepoint 30",NA,70,42
"1503","User #25320","Timepoint 31",NA,70,42
"1504","User #25320","Timepoint 32",NA,70,42
"1505","User #25320","Timepoint 33",NA,70,42
"1506","User #25320","Timepoint 34",NA,70,42
"1507","User #25320","Timepoint 35",NA,70,42
"1508","User #25320","Timepoint 36",NA,70,42
"1509","User #25320","Timepoint 37",NA,70,42
"1510","User #25320","Timepoint 38",NA,70,42
"1511","User #25320","Timepoint 39",NA,70,42
"1512","User #25320","Timepoint 40",NA,70,42
"1513","User #25320","Timepoint 41",7.01055419445038,70,42
"1514","User #25320","Timepoint 42",7.01534378528595,70,42
"1515","User #25320","Timepoint 43",7.00745248794556,70,42
"1516","User #25320","Timepoint 44",7.02550196647644,70,42
"1517","User #25320","Timepoint 45",7.02835750579834,70,42
"1518","User #25320","Timepoint 46",6.99995422363281,70,42
"1519","User #25320","Timepoint 47",7.02585422992706,70,42
"1520","User #25320","Timepoint 48",7.06257891654968,70,42
"1521","User #25320","Timepoint 49",6.98603224754333,70,42
"1522","User #25320","Timepoint 50",6.99170452356339,70,42
"1523","User #25320","Timepoint 51",6.98275637626648,70,42
"1524","User #25320","Timepoint 52",6.99985009431839,70,42
"1525","User #25320","Timepoint 53",6.99500322341919,70,42
"1526","User #25320","Timepoint 54",6.9691658616066,70,42
"1527","User #25320","Timepoint 55",7.00953161716461,70,42
"1528","User #25320","Timepoint 56",7.03204548358917,70,42
"1529","User #25320","Timepoint 57",7.00312685966492,70,42
"1530","User #25320","Timepoint 58",7.00829100608826,70,42
"1531","User #25320","Timepoint 59",6.99870324134827,70,42
"1532","User #25320","Timepoint 60",7.01567578315735,70,42
"1533","User #25320","Timepoint 61",7.01478910446167,70,42
"1534","User #25320","Timepoint 62",6.98855799436569,70,42
"1535","User #25320","Timepoint 63",7.0219761133194,70,42
"1536","User #25320","Timepoint 64",7.05382359027863,70,42
"1537","User #25319","Timepoint 1",0,70,42
"1538","User #25319","Timepoint 2",0,70,42
"1539","User #25319","Timepoint 3",0,70,42
"1540","User #25319","Timepoint 4",0,70,42
"1541","User #25319","Timepoint 5",0,70,42
"1542","User #25319","Timepoint 6",0,70,42
"1543","User #25319","Timepoint 7",0,70,42
"1544","User #25319","Timepoint 8",0,70,42
"1545","User #25319","Timepoint 9",0,70,42
"1546","User #25319","Timepoint 10",0,70,42
"1547","User #25319","Timepoint 11",0,70,42
"1548","User #25319","Timepoint 12",0,70,42
"1549","User #25319","Timepoint 13",0,70,42
"1550","User #25319","Timepoint 14",0,70,42
"1551","User #25319","Timepoint 15",0,70,42
"1552","User #25319","Timepoint 16",0,70,42
"1553","User #25319","Timepoint 17",NA,70,42
"1554","User #25319","Timepoint 18",NA,70,42
"1555","User #25319","Timepoint 19",NA,70,42
"1556","User #25319","Timepoint 20",NA,70,42
"1557","User #25319","Timepoint 21",NA,70,42
"1558","User #25319","Timepoint 22",NA,70,42
"1559","User #25319","Timepoint 23",NA,70,42
"1560","User #25319","Timepoint 24",NA,70,42
"1561","User #25319","Timepoint 25",NA,70,42
"1562","User #25319","Timepoint 26",NA,70,42
"1563","User #25319","Timepoint 27",NA,70,42
"1564","User #25319","Timepoint 28",NA,70,42
"1565","User #25319","Timepoint 29",NA,70,42
"1566","User #25319","Timepoint 30",NA,70,42
"1567","User #25319","Timepoint 31",NA,70,42
"1568","User #25319","Timepoint 32",NA,70,42
"1569","User #25319","Timepoint 33",NA,70,42
"1570","User #25319","Timepoint 34",NA,70,42
"1571","User #25319","Timepoint 35",NA,70,42
"1572","User #25319","Timepoint 36",NA,70,42
"1573","User #25319","Timepoint 37",NA,70,42
"1574","User #25319","Timepoint 38",NA,70,42
"1575","User #25319","Timepoint 39",NA,70,42
"1576","User #25319","Timepoint 40",NA,70,42
"1577","User #25319","Timepoint 41",11.2694120407104,70,42
"1578","User #25319","Timepoint 42",11.2742614746094,70,42
"1579","User #25319","Timepoint 43",11.2494210004807,70,42
"1580","User #25319","Timepoint 44",11.2592031955719,70,42
"1581","User #25319","Timepoint 45",11.2665844559669,70,42
"1582","User #25319","Timepoint 46",11.2129077315331,70,42
"1583","User #25319","Timepoint 47",11.3350871801376,70,42
"1584","User #25319","Timepoint 48",11.3419661521912,70,42
"1585","User #25319","Timepoint 49",11.1850794553757,70,42
"1586","User #25319","Timepoint 50",11.1804873347282,70,42
"1587","User #25319","Timepoint 51",11.1589668989182,70,42
"1588","User #25319","Timepoint 52",11.1649104952812,70,42
"1589","User #25319","Timepoint 53",11.1602799296379,70,42
"1590","User #25319","Timepoint 54",11.109851539135,70,42
"1591","User #25319","Timepoint 55",11.2419694662094,70,42
"1592","User #25319","Timepoint 56",11.2423167228699,70,42
"1593","User #25319","Timepoint 57",11.240394115448,70,42
"1594","User #25319","Timepoint 58",11.2407270669937,70,42
"1595","User #25319","Timepoint 59",11.2115854024887,70,42
"1596","User #25319","Timepoint 60",11.2219612598419,70,42
"1597","User #25319","Timepoint 61",11.2315122485161,70,42
"1598","User #25319","Timepoint 62",11.168633043766,70,42
"1599","User #25319","Timepoint 63",11.2938069105148,70,42
"1600","User #25319","Timepoint 64",11.307327747345,70,42
"1601","User #25372","Timepoint 1",0,70,42
"1602","User #25372","Timepoint 2",0,70,42
"1603","User #25372","Timepoint 3",0,70,42
"1604","User #25372","Timepoint 4",0,70,42
"1605","User #25372","Timepoint 5",0,70,42
"1606","User #25372","Timepoint 6",0,70,42
"1607","User #25372","Timepoint 7",0,70,42
"1608","User #25372","Timepoint 8",0,70,42
"1609","User #25372","Timepoint 9",0,70,42
"1610","User #25372","Timepoint 10",0,70,42
"1611","User #25372","Timepoint 11",0,70,42
"1612","User #25372","Timepoint 12",0,70,42
"1613","User #25372","Timepoint 13",0,70,42
"1614","User #25372","Timepoint 14",0,70,42
"1615","User #25372","Timepoint 15",0,70,42
"1616","User #25372","Timepoint 16",0,70,42
"1617","User #25372","Timepoint 17",NA,70,42
"1618","User #25372","Timepoint 18",NA,70,42
"1619","User #25372","Timepoint 19",NA,70,42
"1620","User #25372","Timepoint 20",NA,70,42
"1621","User #25372","Timepoint 21",NA,70,42
"1622","User #25372","Timepoint 22",NA,70,42
"1623","User #25372","Timepoint 23",NA,70,42
"1624","User #25372","Timepoint 24",NA,70,42
"1625","User #25372","Timepoint 25",NA,70,42
"1626","User #25372","Timepoint 26",NA,70,42
"1627","User #25372","Timepoint 27",NA,70,42
"1628","User #25372","Timepoint 28",NA,70,42
"1629","User #25372","Timepoint 29",NA,70,42
"1630","User #25372","Timepoint 30",NA,70,42
"1631","User #25372","Timepoint 31",NA,70,42
"1632","User #25372","Timepoint 32",NA,70,42
"1633","User #25372","Timepoint 33",NA,70,42
"1634","User #25372","Timepoint 34",NA,70,42
"1635","User #25372","Timepoint 35",NA,70,42
"1636","User #25372","Timepoint 36",NA,70,42
"1637","User #25372","Timepoint 37",NA,70,42
"1638","User #25372","Timepoint 38",NA,70,42
"1639","User #25372","Timepoint 39",NA,70,42
"1640","User #25372","Timepoint 40",NA,70,42
"1641","User #25372","Timepoint 41",15.3200158774853,70,42
"1642","User #25372","Timepoint 42",15.3207499682903,70,42
"1643","User #25372","Timepoint 43",15.3177628219128,70,42
"1644","User #25372","Timepoint 44",15.3163020908833,70,42
"1645","User #25372","Timepoint 45",15.3199956119061,70,42
"1646","User #25372","Timepoint 46",15.3106506466866,70,42
"1647","User #25372","Timepoint 47",15.3274830281734,70,42
"1648","User #25372","Timepoint 48",15.3288096785545,70,42
"1649","User #25372","Timepoint 49",12.6658654808998,70,42
"1650","User #25372","Timepoint 50",12.6858516633511,70,42
"1651","User #25372","Timepoint 51",12.6621750593185,70,42
"1652","User #25372","Timepoint 52",12.6619935631752,70,42
"1653","User #25372","Timepoint 53",12.6828414797783,70,42
"1654","User #25372","Timepoint 54",12.6333520412445,70,42
"1655","User #25372","Timepoint 55",12.7130126059055,70,42
"1656","User #25372","Timepoint 56",12.7228838801384,70,42
"1657","User #25372","Timepoint 57",12.6445654630661,70,42
"1658","User #25372","Timepoint 58",12.6562382876873,70,42
"1659","User #25372","Timepoint 59",12.6363960504532,70,42
"1660","User #25372","Timepoint 60",12.6351316869259,70,42
"1661","User #25372","Timepoint 61",12.6545207798481,70,42
"1662","User #25372","Timepoint 62",12.6058467328548,70,42
"1663","User #25372","Timepoint 63",12.6906332969666,70,42
"1664","User #25372","Timepoint 64",12.6960853338242,70,42
"1665","User #25332","Timepoint 1",0,70,42
"1666","User #25332","Timepoint 2",0,70,42
"1667","User #25332","Timepoint 3",0,70,42
"1668","User #25332","Timepoint 4",0,70,42
"1669","User #25332","Timepoint 5",0,70,42
"1670","User #25332","Timepoint 6",0,70,42
"1671","User #25332","Timepoint 7",0,70,42
"1672","User #25332","Timepoint 8",0,70,42
"1673","User #25332","Timepoint 9",0,70,42
"1674","User #25332","Timepoint 10",0,70,42
"1675","User #25332","Timepoint 11",0,70,42
"1676","User #25332","Timepoint 12",0,70,42
"1677","User #25332","Timepoint 13",0,70,42
"1678","User #25332","Timepoint 14",0,70,42
"1679","User #25332","Timepoint 15",0,70,42
"1680","User #25332","Timepoint 16",0,70,42
"1681","User #25332","Timepoint 17",NA,70,42
"1682","User #25332","Timepoint 18",NA,70,42
"1683","User #25332","Timepoint 19",NA,70,42
"1684","User #25332","Timepoint 20",NA,70,42
"1685","User #25332","Timepoint 21",NA,70,42
"1686","User #25332","Timepoint 22",NA,70,42
"1687","User #25332","Timepoint 23",NA,70,42
"1688","User #25332","Timepoint 24",NA,70,42
"1689","User #25332","Timepoint 25",NA,70,42
"1690","User #25332","Timepoint 26",NA,70,42
"1691","User #25332","Timepoint 27",NA,70,42
"1692","User #25332","Timepoint 28",NA,70,42
"1693","User #25332","Timepoint 29",NA,70,42
"1694","User #25332","Timepoint 30",NA,70,42
"1695","User #25332","Timepoint 31",NA,70,42
"1696","User #25332","Timepoint 32",NA,70,42
"1697","User #25332","Timepoint 33",NA,70,42
"1698","User #25332","Timepoint 34",NA,70,42
"1699","User #25332","Timepoint 35",NA,70,42
"1700","User #25332","Timepoint 36",NA,70,42
"1701","User #25332","Timepoint 37",NA,70,42
"1702","User #25332","Timepoint 38",NA,70,42
"1703","User #25332","Timepoint 39",NA,70,42
"1704","User #25332","Timepoint 40",NA,70,42
"1705","User #25332","Timepoint 41",8.19569790363312,70,42
"1706","User #25332","Timepoint 42",8.20321270823479,70,42
"1707","User #25332","Timepoint 43",8.21028158068657,70,42
"1708","User #25332","Timepoint 44",8.18956728279591,70,42
"1709","User #25332","Timepoint 45",8.21373242139816,70,42
"1710","User #25332","Timepoint 46",8.20046302676201,70,42
"1711","User #25332","Timepoint 47",8.20293574035168,70,42
"1712","User #25332","Timepoint 48",8.20425875484943,70,42
"1713","User #25332","Timepoint 49",7.6475445330143,70,42
"1714","User #25332","Timepoint 50",7.66484388709068,70,42
"1715","User #25332","Timepoint 51",7.67914672195911,70,42
"1716","User #25332","Timepoint 52",7.62869714200497,70,42
"1717","User #25332","Timepoint 53",7.68809488415718,70,42
"1718","User #25332","Timepoint 54",7.65160486102104,70,42
"1719","User #25332","Timepoint 55",7.66535645723343,70,42
"1720","User #25332","Timepoint 56",7.67411570250988,70,42
"1721","User #25332","Timepoint 57",7.70240759849548,70,42
"1722","User #25332","Timepoint 58",7.71548193693161,70,42
"1723","User #25332","Timepoint 59",7.72252349555492,70,42
"1724","User #25332","Timepoint 60",7.6822098493576,70,42
"1725","User #25332","Timepoint 61",7.7331061065197,70,42
"1726","User #25332","Timepoint 62",7.69687375426292,70,42
"1727","User #25332","Timepoint 63",7.71844086050987,70,42
"1728","User #25332","Timepoint 64",7.72745124995708,70,42
"1729","User #25383","Timepoint 1",0,70,42
"1730","User #25383","Timepoint 2",0,70,42
"1731","User #25383","Timepoint 3",0,70,42
"1732","User #25383","Timepoint 4",0,70,42
"1733","User #25383","Timepoint 5",0,70,42
"1734","User #25383","Timepoint 6",0,70,42
"1735","User #25383","Timepoint 7",0,70,42
"1736","User #25383","Timepoint 8",0,70,42
"1737","User #25383","Timepoint 9",0,70,42
"1738","User #25383","Timepoint 10",0,70,42
"1739","User #25383","Timepoint 11",0,70,42
"1740","User #25383","Timepoint 12",0,70,42
"1741","User #25383","Timepoint 13",0,70,42
"1742","User #25383","Timepoint 14",0,70,42
"1743","User #25383","Timepoint 15",0,70,42
"1744","User #25383","Timepoint 16",0,70,42
"1745","User #25383","Timepoint 17",NA,70,42
"1746","User #25383","Timepoint 18",NA,70,42
"1747","User #25383","Timepoint 19",NA,70,42
"1748","User #25383","Timepoint 20",NA,70,42
"1749","User #25383","Timepoint 21",NA,70,42
"1750","User #25383","Timepoint 22",NA,70,42
"1751","User #25383","Timepoint 23",NA,70,42
"1752","User #25383","Timepoint 24",NA,70,42
"1753","User #25383","Timepoint 25",NA,70,42
"1754","User #25383","Timepoint 26",NA,70,42
"1755","User #25383","Timepoint 27",NA,70,42
"1756","User #25383","Timepoint 28",NA,70,42
"1757","User #25383","Timepoint 29",NA,70,42
"1758","User #25383","Timepoint 30",NA,70,42
"1759","User #25383","Timepoint 31",NA,70,42
"1760","User #25383","Timepoint 32",NA,70,42
"1761","User #25383","Timepoint 33",NA,70,42
"1762","User #25383","Timepoint 34",NA,70,42
"1763","User #25383","Timepoint 35",NA,70,42
"1764","User #25383","Timepoint 36",NA,70,42
"1765","User #25383","Timepoint 37",NA,70,42
"1766","User #25383","Timepoint 38",NA,70,42
"1767","User #25383","Timepoint 39",NA,70,42
"1768","User #25383","Timepoint 40",NA,70,42
"1769","User #25383","Timepoint 41",218.583724975586,70,42
"1770","User #25383","Timepoint 42",224.063446044922,70,42
"1771","User #25383","Timepoint 43",200.742446899414,70,42
"1772","User #25383","Timepoint 44",206.000869750977,70,42
"1773","User #25383","Timepoint 45",224.065582275391,70,42
"1774","User #25383","Timepoint 46",179.072280883789,70,42
"1775","User #25383","Timepoint 47",236.170394897461,70,42
"1776","User #25383","Timepoint 48",193.617111206055,70,42
"1777","User #25383","Timepoint 49",202.640533447266,70,42
"1778","User #25383","Timepoint 50",208.495162963867,70,42
"1779","User #25383","Timepoint 51",186.259490966797,70,42
"1780","User #25383","Timepoint 52",191.543533325195,70,42
"1781","User #25383","Timepoint 53",207.894409179688,70,42
"1782","User #25383","Timepoint 54",166.923217773438,70,42
"1783","User #25383","Timepoint 55",219.818740844727,70,42
"1784","User #25383","Timepoint 56",179.830963134766,70,42
"1785","User #25383","Timepoint 57",196.993194580078,70,42
"1786","User #25383","Timepoint 58",202.335342407227,70,42
"1787","User #25383","Timepoint 59",180.977462768555,70,42
"1788","User #25383","Timepoint 60",185.709823608398,70,42
"1789","User #25383","Timepoint 61",201.179870605469,70,42
"1790","User #25383","Timepoint 62",161.7119140625,70,42
"1791","User #25383","Timepoint 63",213.722885131836,70,42
"1792","User #25383","Timepoint 64",174.797760009766,70,42
"1793","User #25360","Timepoint 1",0,70,42
"1794","User #25360","Timepoint 2",0,70,42
"1795","User #25360","Timepoint 3",0,70,42
"1796","User #25360","Timepoint 4",0,70,42
"1797","User #25360","Timepoint 5",0,70,42
"1798","User #25360","Timepoint 6",0,70,42
"1799","User #25360","Timepoint 7",0,70,42
"1800","User #25360","Timepoint 8",0,70,42
"1801","User #25360","Timepoint 9",0,70,42
"1802","User #25360","Timepoint 10",0,70,42
"1803","User #25360","Timepoint 11",0,70,42
"1804","User #25360","Timepoint 12",0,70,42
"1805","User #25360","Timepoint 13",0,70,42
"1806","User #25360","Timepoint 14",0,70,42
"1807","User #25360","Timepoint 15",0,70,42
"1808","User #25360","Timepoint 16",0,70,42
"1809","User #25360","Timepoint 17",NA,70,42
"1810","User #25360","Timepoint 18",NA,70,42
"1811","User #25360","Timepoint 19",NA,70,42
"1812","User #25360","Timepoint 20",NA,70,42
"1813","User #25360","Timepoint 21",NA,70,42
"1814","User #25360","Timepoint 22",NA,70,42
"1815","User #25360","Timepoint 23",NA,70,42
"1816","User #25360","Timepoint 24",NA,70,42
"1817","User #25360","Timepoint 25",NA,70,42
"1818","User #25360","Timepoint 26",NA,70,42
"1819","User #25360","Timepoint 27",NA,70,42
"1820","User #25360","Timepoint 28",NA,70,42
"1821","User #25360","Timepoint 29",NA,70,42
"1822","User #25360","Timepoint 30",NA,70,42
"1823","User #25360","Timepoint 31",NA,70,42
"1824","User #25360","Timepoint 32",NA,70,42
"1825","User #25360","Timepoint 33",NA,70,42
"1826","User #25360","Timepoint 34",NA,70,42
"1827","User #25360","Timepoint 35",NA,70,42
"1828","User #25360","Timepoint 36",NA,70,42
"1829","User #25360","Timepoint 37",NA,70,42
"1830","User #25360","Timepoint 38",NA,70,42
"1831","User #25360","Timepoint 39",NA,70,42
"1832","User #25360","Timepoint 40",NA,70,42
"1833","User #25360","Timepoint 41",9.3960292339325,70,42
"1834","User #25360","Timepoint 42",9.39988231658936,70,42
"1835","User #25360","Timepoint 43",9.38429737091064,70,42
"1836","User #25360","Timepoint 44",9.38500142097473,70,42
"1837","User #25360","Timepoint 45",9.40286409854889,70,42
"1838","User #25360","Timepoint 46",9.37008512020111,70,42
"1839","User #25360","Timepoint 47",9.44041645526886,70,42
"1840","User #25360","Timepoint 48",9.43607091903687,70,42
"1841","User #25360","Timepoint 49",9.4167206287384,70,42
"1842","User #25360","Timepoint 50",9.41751503944397,70,42
"1843","User #25360","Timepoint 51",9.40521597862244,70,42
"1844","User #25360","Timepoint 52",9.40205442905426,70,42
"1845","User #25360","Timepoint 53",9.41855537891388,70,42
"1846","User #25360","Timepoint 54",9.38969469070435,70,42
"1847","User #25360","Timepoint 55",9.45754206180573,70,42
"1848","User #25360","Timepoint 56",9.45787024497986,70,42
"1849","User #25360","Timepoint 57",9.39913392066956,70,42
"1850","User #25360","Timepoint 58",9.40060758590698,70,42
"1851","User #25360","Timepoint 59",9.38824868202209,70,42
"1852","User #25360","Timepoint 60",9.38125002384186,70,42
"1853","User #25360","Timepoint 61",9.4008857011795,70,42
"1854","User #25360","Timepoint 62",9.36740601062775,70,42
"1855","User #25360","Timepoint 63",9.43443477153778,70,42
"1856","User #25360","Timepoint 64",9.43909358978271,70,42
"1857","User #25358","Timepoint 1",0,70,42
"1858","User #25358","Timepoint 2",0,70,42
"1859","User #25358","Timepoint 3",0,70,42
"1860","User #25358","Timepoint 4",0,70,42
"1861","User #25358","Timepoint 5",0,70,42
"1862","User #25358","Timepoint 6",0,70,42
"1863","User #25358","Timepoint 7",0,70,42
"1864","User #25358","Timepoint 8",0,70,42
"1865","User #25358","Timepoint 9",0,70,42
"1866","User #25358","Timepoint 10",0,70,42
"1867","User #25358","Timepoint 11",0,70,42
"1868","User #25358","Timepoint 12",0,70,42
"1869","User #25358","Timepoint 13",0,70,42
"1870","User #25358","Timepoint 14",0,70,42
"1871","User #25358","Timepoint 15",0,70,42
"1872","User #25358","Timepoint 16",0,70,42
"1873","User #25358","Timepoint 17",NA,70,42
"1874","User #25358","Timepoint 18",NA,70,42
"1875","User #25358","Timepoint 19",NA,70,42
"1876","User #25358","Timepoint 20",NA,70,42
"1877","User #25358","Timepoint 21",NA,70,42
"1878","User #25358","Timepoint 22",NA,70,42
"1879","User #25358","Timepoint 23",NA,70,42
"1880","User #25358","Timepoint 24",NA,70,42
"1881","User #25358","Timepoint 25",NA,70,42
"1882","User #25358","Timepoint 26",NA,70,42
"1883","User #25358","Timepoint 27",NA,70,42
"1884","User #25358","Timepoint 28",NA,70,42
"1885","User #25358","Timepoint 29",NA,70,42
"1886","User #25358","Timepoint 30",NA,70,42
"1887","User #25358","Timepoint 31",NA,70,42
"1888","User #25358","Timepoint 32",NA,70,42
"1889","User #25358","Timepoint 33",NA,70,42
"1890","User #25358","Timepoint 34",NA,70,42
"1891","User #25358","Timepoint 35",NA,70,42
"1892","User #25358","Timepoint 36",NA,70,42
"1893","User #25358","Timepoint 37",NA,70,42
"1894","User #25358","Timepoint 38",NA,70,42
"1895","User #25358","Timepoint 39",NA,70,42
"1896","User #25358","Timepoint 40",NA,70,42
"1897","User #25358","Timepoint 41",7.38592064380646,70,42
"1898","User #25358","Timepoint 42",7.37945267558098,70,42
"1899","User #25358","Timepoint 43",7.37052315473557,70,42
"1900","User #25358","Timepoint 44",7.3758357167244,70,42
"1901","User #25358","Timepoint 45",7.36898222565651,70,42
"1902","User #25358","Timepoint 46",7.33564352989197,70,42
"1903","User #25358","Timepoint 47",7.39762759208679,70,42
"1904","User #25358","Timepoint 48",7.43167644739151,70,42
"1905","User #25358","Timepoint 49",7.32071453332901,70,42
"1906","User #25358","Timepoint 50",7.31337288022041,70,42
"1907","User #25358","Timepoint 51",7.29402762651443,70,42
"1908","User #25358","Timepoint 52",7.30243429541588,70,42
"1909","User #25358","Timepoint 53",7.29622122645378,70,42
"1910","User #25358","Timepoint 54",7.26302281022072,70,42
"1911","User #25358","Timepoint 55",7.32928776741028,70,42
"1912","User #25358","Timepoint 56",7.35827922821045,70,42
"1913","User #25358","Timepoint 57",7.28024876117706,70,42
"1914","User #25358","Timepoint 58",7.27397015690804,70,42
"1915","User #25358","Timepoint 59",7.25851267576218,70,42
"1916","User #25358","Timepoint 60",7.26829612255096,70,42
"1917","User #25358","Timepoint 61",7.26182198524475,70,42
"1918","User #25358","Timepoint 62",7.22742149233818,70,42
"1919","User #25358","Timepoint 63",7.29535657167435,70,42
"1920","User #25358","Timepoint 64",7.31810277700424,70,42
"1921","User #25303","Timepoint 1",0,70,42
"1922","User #25303","Timepoint 2",0,70,42
"1923","User #25303","Timepoint 3",0,70,42
"1924","User #25303","Timepoint 4",0,70,42
"1925","User #25303","Timepoint 5",0,70,42
"1926","User #25303","Timepoint 6",0,70,42
"1927","User #25303","Timepoint 7",0,70,42
"1928","User #25303","Timepoint 8",0,70,42
"1929","User #25303","Timepoint 9",0,70,42
"1930","User #25303","Timepoint 10",0,70,42
"1931","User #25303","Timepoint 11",0,70,42
"1932","User #25303","Timepoint 12",0,70,42
"1933","User #25303","Timepoint 13",0,70,42
"1934","User #25303","Timepoint 14",0,70,42
"1935","User #25303","Timepoint 15",0,70,42
"1936","User #25303","Timepoint 16",0,70,42
"1937","User #25303","Timepoint 17",NA,70,42
"1938","User #25303","Timepoint 18",NA,70,42
"1939","User #25303","Timepoint 19",NA,70,42
"1940","User #25303","Timepoint 20",NA,70,42
"1941","User #25303","Timepoint 21",NA,70,42
"1942","User #25303","Timepoint 22",NA,70,42
"1943","User #25303","Timepoint 23",NA,70,42
"1944","User #25303","Timepoint 24",NA,70,42
"1945","User #25303","Timepoint 25",NA,70,42
"1946","User #25303","Timepoint 26",NA,70,42
"1947","User #25303","Timepoint 27",NA,70,42
"1948","User #25303","Timepoint 28",NA,70,42
"1949","User #25303","Timepoint 29",NA,70,42
"1950","User #25303","Timepoint 30",NA,70,42
"1951","User #25303","Timepoint 31",NA,70,42
"1952","User #25303","Timepoint 32",NA,70,42
"1953","User #25303","Timepoint 33",NA,70,42
"1954","User #25303","Timepoint 34",NA,70,42
"1955","User #25303","Timepoint 35",NA,70,42
"1956","User #25303","Timepoint 36",NA,70,42
"1957","User #25303","Timepoint 37",NA,70,42
"1958","User #25303","Timepoint 38",NA,70,42
"1959","User #25303","Timepoint 39",NA,70,42
"1960","User #25303","Timepoint 40",NA,70,42
"1961","User #25303","Timepoint 41",9.28967368602753,70,42
"1962","User #25303","Timepoint 42",9.27101996541023,70,42
"1963","User #25303","Timepoint 43",9.23532795906067,70,42
"1964","User #25303","Timepoint 44",9.22528845071793,70,42
"1965","User #25303","Timepoint 45",9.20287010073662,70,42
"1966","User #25303","Timepoint 46",9.15800195932388,70,42
"1967","User #25303","Timepoint 47",9.29393899440765,70,42
"1968","User #25303","Timepoint 48",9.3360201716423,70,42
"1969","User #25303","Timepoint 49",10.7386061549187,70,42
"1970","User #25303","Timepoint 50",10.6994767487049,70,42
"1971","User #25303","Timepoint 51",10.6948051452637,70,42
"1972","User #25303","Timepoint 52",10.6865589618683,70,42
"1973","User #25303","Timepoint 53",10.6561885774136,70,42
"1974","User #25303","Timepoint 54",10.607575148344,70,42
"1975","User #25303","Timepoint 55",10.8324547708035,70,42
"1976","User #25303","Timepoint 56",10.8258224725723,70,42
"1977","User #25303","Timepoint 57",10.9769687056541,70,42
"1978","User #25303","Timepoint 58",10.9553814828396,70,42
"1979","User #25303","Timepoint 59",10.8996797800064,70,42
"1980","User #25303","Timepoint 60",10.9024333357811,70,42
"1981","User #25303","Timepoint 61",10.8885161578655,70,42
"1982","User #25303","Timepoint 62",10.8047145605087,70,42
"1983","User #25303","Timepoint 63",11.018041908741,70,42
"1984","User #25303","Timepoint 64",11.1026221513748,70,42
"1985","User #25370","Timepoint 1",0,70,42
"1986","User #25370","Timepoint 2",0,70,42
"1987","User #25370","Timepoint 3",0,70,42
"1988","User #25370","Timepoint 4",0,70,42
"1989","User #25370","Timepoint 5",0,70,42
"1990","User #25370","Timepoint 6",0,70,42
"1991","User #25370","Timepoint 7",0,70,42
"1992","User #25370","Timepoint 8",0,70,42
"1993","User #25370","Timepoint 9",0,70,42
"1994","User #25370","Timepoint 10",0,70,42
"1995","User #25370","Timepoint 11",0,70,42
"1996","User #25370","Timepoint 12",0,70,42
"1997","User #25370","Timepoint 13",0,70,42
"1998","User #25370","Timepoint 14",0,70,42
"1999","User #25370","Timepoint 15",0,70,42
"2000","User #25370","Timepoint 16",0,70,42
"2001","User #25370","Timepoint 17",NA,70,42
"2002","User #25370","Timepoint 18",NA,70,42
"2003","User #25370","Timepoint 19",NA,70,42
"2004","User #25370","Timepoint 20",NA,70,42
"2005","User #25370","Timepoint 21",NA,70,42
"2006","User #25370","Timepoint 22",NA,70,42
"2007","User #25370","Timepoint 23",NA,70,42
"2008","User #25370","Timepoint 24",NA,70,42
"2009","User #25370","Timepoint 25",NA,70,42
"2010","User #25370","Timepoint 26",NA,70,42
"2011","User #25370","Timepoint 27",NA,70,42
"2012","User #25370","Timepoint 28",NA,70,42
"2013","User #25370","Timepoint 29",NA,70,42
"2014","User #25370","Timepoint 30",NA,70,42
"2015","User #25370","Timepoint 31",NA,70,42
"2016","User #25370","Timepoint 32",NA,70,42
"2017","User #25370","Timepoint 33",NA,70,42
"2018","User #25370","Timepoint 34",NA,70,42
"2019","User #25370","Timepoint 35",NA,70,42
"2020","User #25370","Timepoint 36",NA,70,42
"2021","User #25370","Timepoint 37",NA,70,42
"2022","User #25370","Timepoint 38",NA,70,42
"2023","User #25370","Timepoint 39",NA,70,42
"2024","User #25370","Timepoint 40",NA,70,42
"2025","User #25370","Timepoint 41",7.37907269597054,70,42
"2026","User #25370","Timepoint 42",7.37848734855652,70,42
"2027","User #25370","Timepoint 43",7.36847215890884,70,42
"2028","User #25370","Timepoint 44",7.39216098189354,70,42
"2029","User #25370","Timepoint 45",7.37920582294464,70,42
"2030","User #25370","Timepoint 46",7.35400673747063,70,42
"2031","User #25370","Timepoint 47",7.41055655479431,70,42
"2032","User #25370","Timepoint 48",7.43463796377182,70,42
"2033","User #25370","Timepoint 49",7.35345876216888,70,42
"2034","User #25370","Timepoint 50",7.34841147065163,70,42
"2035","User #25370","Timepoint 51",7.33852922916412,70,42
"2036","User #25370","Timepoint 52",7.35825660824776,70,42
"2037","User #25370","Timepoint 53",7.356415361166,70,42
"2038","User #25370","Timepoint 54",7.33079570531845,70,42
"2039","User #25370","Timepoint 55",7.38448950648308,70,42
"2040","User #25370","Timepoint 56",7.39843565225601,70,42
"2041","User #25370","Timepoint 57",7.28114926815033,70,42
"2042","User #25370","Timepoint 58",7.27781000733376,70,42
"2043","User #25370","Timepoint 59",7.26776057481766,70,42
"2044","User #25370","Timepoint 60",7.28168392181396,70,42
"2045","User #25370","Timepoint 61",7.26921746134758,70,42
"2046","User #25370","Timepoint 62",7.24962258338928,70,42
"2047","User #25370","Timepoint 63",7.32461661100388,70,42
"2048","User #25370","Timepoint 64",7.31437647342682,70,42
"2049","User #25334","Timepoint 1",0,70,42
"2050","User #25334","Timepoint 2",0,70,42
"2051","User #25334","Timepoint 3",0,70,42
"2052","User #25334","Timepoint 4",0,70,42
"2053","User #25334","Timepoint 5",0,70,42
"2054","User #25334","Timepoint 6",0,70,42
"2055","User #25334","Timepoint 7",0,70,42
"2056","User #25334","Timepoint 8",0,70,42
"2057","User #25334","Timepoint 9",0,70,42
"2058","User #25334","Timepoint 10",0,70,42
"2059","User #25334","Timepoint 11",0,70,42
"2060","User #25334","Timepoint 12",0,70,42
"2061","User #25334","Timepoint 13",0,70,42
"2062","User #25334","Timepoint 14",0,70,42
"2063","User #25334","Timepoint 15",0,70,42
"2064","User #25334","Timepoint 16",0,70,42
"2065","User #25334","Timepoint 17",NA,70,42
"2066","User #25334","Timepoint 18",NA,70,42
"2067","User #25334","Timepoint 19",NA,70,42
"2068","User #25334","Timepoint 20",NA,70,42
"2069","User #25334","Timepoint 21",NA,70,42
"2070","User #25334","Timepoint 22",NA,70,42
"2071","User #25334","Timepoint 23",NA,70,42
"2072","User #25334","Timepoint 24",NA,70,42
"2073","User #25334","Timepoint 25",NA,70,42
"2074","User #25334","Timepoint 26",NA,70,42
"2075","User #25334","Timepoint 27",NA,70,42
"2076","User #25334","Timepoint 28",NA,70,42
"2077","User #25334","Timepoint 29",NA,70,42
"2078","User #25334","Timepoint 30",NA,70,42
"2079","User #25334","Timepoint 31",NA,70,42
"2080","User #25334","Timepoint 32",NA,70,42
"2081","User #25334","Timepoint 33",NA,70,42
"2082","User #25334","Timepoint 34",NA,70,42
"2083","User #25334","Timepoint 35",NA,70,42
"2084","User #25334","Timepoint 36",NA,70,42
"2085","User #25334","Timepoint 37",NA,70,42
"2086","User #25334","Timepoint 38",NA,70,42
"2087","User #25334","Timepoint 39",NA,70,42
"2088","User #25334","Timepoint 40",NA,70,42
"2089","User #25334","Timepoint 41",6.46234714984894,70,42
"2090","User #25334","Timepoint 42",6.46944954991341,70,42
"2091","User #25334","Timepoint 43",6.45492297410965,70,42
"2092","User #25334","Timepoint 44",6.49830323457718,70,42
"2093","User #25334","Timepoint 45",6.49357163906097,70,42
"2094","User #25334","Timepoint 46",6.4718434214592,70,42
"2095","User #25334","Timepoint 47",6.51117998361588,70,42
"2096","User #25334","Timepoint 48",6.53646570444107,70,42
"2097","User #25334","Timepoint 49",6.35536938905716,70,42
"2098","User #25334","Timepoint 50",6.36077180504799,70,42
"2099","User #25334","Timepoint 51",6.3421630859375,70,42
"2100","User #25334","Timepoint 52",6.37626039981842,70,42
"2101","User #25334","Timepoint 53",6.37476229667664,70,42
"2102","User #25334","Timepoint 54",6.34922543168068,70,42
"2103","User #25334","Timepoint 55",6.40253889560699,70,42
"2104","User #25334","Timepoint 56",6.41326647996902,70,42
"2105","User #25334","Timepoint 57",6.30010032653809,70,42
"2106","User #25334","Timepoint 58",6.30042201280594,70,42
"2107","User #25334","Timepoint 59",6.28536838293076,70,42
"2108","User #25334","Timepoint 60",6.30741131305695,70,42
"2109","User #25334","Timepoint 61",6.31558883190155,70,42
"2110","User #25334","Timepoint 62",6.28973287343979,70,42
"2111","User #25334","Timepoint 63",6.34071809053421,70,42
"2112","User #25334","Timepoint 64",6.3436096906662,70,42
"2113","User #25397","Timepoint 1",0,70,42
"2114","User #25397","Timepoint 2",0,70,42
"2115","User #25397","Timepoint 3",0,70,42
"2116","User #25397","Timepoint 4",0,70,42
"2117","User #25397","Timepoint 5",0,70,42
"2118","User #25397","Timepoint 6",0,70,42
"2119","User #25397","Timepoint 7",0,70,42
"2120","User #25397","Timepoint 8",0,70,42
"2121","User #25397","Timepoint 9",0,70,42
"2122","User #25397","Timepoint 10",0,70,42
"2123","User #25397","Timepoint 11",0,70,42
"2124","User #25397","Timepoint 12",0,70,42
"2125","User #25397","Timepoint 13",0,70,42
"2126","User #25397","Timepoint 14",0,70,42
"2127","User #25397","Timepoint 15",0,70,42
"2128","User #25397","Timepoint 16",0,70,42
"2129","User #25397","Timepoint 17",NA,70,42
"2130","User #25397","Timepoint 18",NA,70,42
"2131","User #25397","Timepoint 19",NA,70,42
"2132","User #25397","Timepoint 20",NA,70,42
"2133","User #25397","Timepoint 21",NA,70,42
"2134","User #25397","Timepoint 22",NA,70,42
"2135","User #25397","Timepoint 23",NA,70,42
"2136","User #25397","Timepoint 24",NA,70,42
"2137","User #25397","Timepoint 25",NA,70,42
"2138","User #25397","Timepoint 26",NA,70,42
"2139","User #25397","Timepoint 27",NA,70,42
"2140","User #25397","Timepoint 28",NA,70,42
"2141","User #25397","Timepoint 29",NA,70,42
"2142","User #25397","Timepoint 30",NA,70,42
"2143","User #25397","Timepoint 31",NA,70,42
"2144","User #25397","Timepoint 32",NA,70,42
"2145","User #25397","Timepoint 33",NA,70,42
"2146","User #25397","Timepoint 34",NA,70,42
"2147","User #25397","Timepoint 35",NA,70,42
"2148","User #25397","Timepoint 36",NA,70,42
"2149","User #25397","Timepoint 37",NA,70,42
"2150","User #25397","Timepoint 38",NA,70,42
"2151","User #25397","Timepoint 39",NA,70,42
"2152","User #25397","Timepoint 40",NA,70,42
"2153","User #25397","Timepoint 41",7.32725286483765,70,42
"2154","User #25397","Timepoint 42",7.31957575678825,70,42
"2155","User #25397","Timepoint 43",7.30646985769272,70,42
"2156","User #25397","Timepoint 44",7.31306692957878,70,42
"2157","User #25397","Timepoint 45",7.30523720383644,70,42
"2158","User #25397","Timepoint 46",7.27033907175064,70,42
"2159","User #25397","Timepoint 47",7.33672159910202,70,42
"2160","User #25397","Timepoint 48",7.36629062891006,70,42
"2161","User #25397","Timepoint 49",7.37043750286102,70,42
"2162","User #25397","Timepoint 50",7.36309334635735,70,42
"2163","User #25397","Timepoint 51",7.34776210784912,70,42
"2164","User #25397","Timepoint 52",7.3514863550663,70,42
"2165","User #25397","Timepoint 53",7.34535947442055,70,42
"2166","User #25397","Timepoint 54",7.30680146813393,70,42
"2167","User #25397","Timepoint 55",7.36797773838043,70,42
"2168","User #25397","Timepoint 56",7.41213762760162,70,42
"2169","User #25397","Timepoint 57",7.35640829801559,70,42
"2170","User #25397","Timepoint 58",7.34962472319603,70,42
"2171","User #25397","Timepoint 59",7.32972711324692,70,42
"2172","User #25397","Timepoint 60",7.33350956439972,70,42
"2173","User #25397","Timepoint 61",7.32790759205818,70,42
"2174","User #25397","Timepoint 62",7.28691324591637,70,42
"2175","User #25397","Timepoint 63",7.35490018129349,70,42
"2176","User #25397","Timepoint 64",7.38847571611404,70,42
"2177","User #25336","Timepoint 1",0,70,42
"2178","User #25336","Timepoint 2",0,70,42
"2179","User #25336","Timepoint 3",0,70,42
"2180","User #25336","Timepoint 4",0,70,42
"2181","User #25336","Timepoint 5",0,70,42
"2182","User #25336","Timepoint 6",0,70,42
"2183","User #25336","Timepoint 7",0,70,42
"2184","User #25336","Timepoint 8",0,70,42
"2185","User #25336","Timepoint 9",0,70,42
"2186","User #25336","Timepoint 10",0,70,42
"2187","User #25336","Timepoint 11",0,70,42
"2188","User #25336","Timepoint 12",0,70,42
"2189","User #25336","Timepoint 13",0,70,42
"2190","User #25336","Timepoint 14",0,70,42
"2191","User #25336","Timepoint 15",0,70,42
"2192","User #25336","Timepoint 16",0,70,42
"2193","User #25336","Timepoint 17",NA,70,42
"2194","User #25336","Timepoint 18",NA,70,42
"2195","User #25336","Timepoint 19",NA,70,42
"2196","User #25336","Timepoint 20",NA,70,42
"2197","User #25336","Timepoint 21",NA,70,42
"2198","User #25336","Timepoint 22",NA,70,42
"2199","User #25336","Timepoint 23",NA,70,42
"2200","User #25336","Timepoint 24",NA,70,42
"2201","User #25336","Timepoint 25",NA,70,42
"2202","User #25336","Timepoint 26",NA,70,42
"2203","User #25336","Timepoint 27",NA,70,42
"2204","User #25336","Timepoint 28",NA,70,42
"2205","User #25336","Timepoint 29",NA,70,42
"2206","User #25336","Timepoint 30",NA,70,42
"2207","User #25336","Timepoint 31",NA,70,42
"2208","User #25336","Timepoint 32",NA,70,42
"2209","User #25336","Timepoint 33",NA,70,42
"2210","User #25336","Timepoint 34",NA,70,42
"2211","User #25336","Timepoint 35",NA,70,42
"2212","User #25336","Timepoint 36",NA,70,42
"2213","User #25336","Timepoint 37",NA,70,42
"2214","User #25336","Timepoint 38",NA,70,42
"2215","User #25336","Timepoint 39",NA,70,42
"2216","User #25336","Timepoint 40",NA,70,42
"2217","User #25336","Timepoint 41",7.48398891091347,70,42
"2218","User #25336","Timepoint 42",7.48730286955833,70,42
"2219","User #25336","Timepoint 43",7.46233981847763,70,42
"2220","User #25336","Timepoint 44",7.47647595405579,70,42
"2221","User #25336","Timepoint 45",7.47294464707375,70,42
"2222","User #25336","Timepoint 46",7.43450251221657,70,42
"2223","User #25336","Timepoint 47",7.48798906803131,70,42
"2224","User #25336","Timepoint 48",7.54458278417587,70,42
"2225","User #25336","Timepoint 49",8.22435623407364,70,42
"2226","User #25336","Timepoint 50",8.20540061593056,70,42
"2227","User #25336","Timepoint 51",8.19960421323776,70,42
"2228","User #25336","Timepoint 52",8.20294609665871,70,42
"2229","User #25336","Timepoint 53",8.20827043056488,70,42
"2230","User #25336","Timepoint 54",8.16414049267769,70,42
"2231","User #25336","Timepoint 55",8.28248834609985,70,42
"2232","User #25336","Timepoint 56",8.28732794523239,70,42
"2233","User #25336","Timepoint 57",8.07658499479294,70,42
"2234","User #25336","Timepoint 58",8.0610012114048,70,42
"2235","User #25336","Timepoint 59",8.05181956291199,70,42
"2236","User #25336","Timepoint 60",8.0539790391922,70,42
"2237","User #25336","Timepoint 61",8.0421077311039,70,42
"2238","User #25336","Timepoint 62",8.00256884098053,70,42
"2239","User #25336","Timepoint 63",8.12389677762985,70,42
"2240","User #25336","Timepoint 64",8.12721288204193,70,42
"2241","User #25385","Timepoint 1",0,70,42
"2242","User #25385","Timepoint 2",0,70,42
"2243","User #25385","Timepoint 3",0,70,42
"2244","User #25385","Timepoint 4",0,70,42
"2245","User #25385","Timepoint 5",0,70,42
"2246","User #25385","Timepoint 6",0,70,42
"2247","User #25385","Timepoint 7",0,70,42
"2248","User #25385","Timepoint 8",0,70,42
"2249","User #25385","Timepoint 9",0,70,42
"2250","User #25385","Timepoint 10",0,70,42
"2251","User #25385","Timepoint 11",0,70,42
"2252","User #25385","Timepoint 12",0,70,42
"2253","User #25385","Timepoint 13",0,70,42
"2254","User #25385","Timepoint 14",0,70,42
"2255","User #25385","Timepoint 15",0,70,42
"2256","User #25385","Timepoint 16",0,70,42
"2257","User #25385","Timepoint 17",NA,70,42
"2258","User #25385","Timepoint 18",NA,70,42
"2259","User #25385","Timepoint 19",NA,70,42
"2260","User #25385","Timepoint 20",NA,70,42
"2261","User #25385","Timepoint 21",NA,70,42
"2262","User #25385","Timepoint 22",NA,70,42
"2263","User #25385","Timepoint 23",NA,70,42
"2264","User #25385","Timepoint 24",NA,70,42
"2265","User #25385","Timepoint 25",NA,70,42
"2266","User #25385","Timepoint 26",NA,70,42
"2267","User #25385","Timepoint 27",NA,70,42
"2268","User #25385","Timepoint 28",NA,70,42
"2269","User #25385","Timepoint 29",NA,70,42
"2270","User #25385","Timepoint 30",NA,70,42
"2271","User #25385","Timepoint 31",NA,70,42
"2272","User #25385","Timepoint 32",NA,70,42
"2273","User #25385","Timepoint 33",NA,70,42
"2274","User #25385","Timepoint 34",NA,70,42
"2275","User #25385","Timepoint 35",NA,70,42
"2276","User #25385","Timepoint 36",NA,70,42
"2277","User #25385","Timepoint 37",NA,70,42
"2278","User #25385","Timepoint 38",NA,70,42
"2279","User #25385","Timepoint 39",NA,70,42
"2280","User #25385","Timepoint 40",NA,70,42
"2281","User #25385","Timepoint 41",8.52177673578262,70,42
"2282","User #25385","Timepoint 42",8.52527314424515,70,42
"2283","User #25385","Timepoint 43",8.52423214912415,70,42
"2284","User #25385","Timepoint 44",8.50773173570633,70,42
"2285","User #25385","Timepoint 45",8.52853167057037,70,42
"2286","User #25385","Timepoint 46",8.50708216428757,70,42
"2287","User #25385","Timepoint 47",8.52934062480927,70,42
"2288","User #25385","Timepoint 48",8.53709673881531,70,42
"2289","User #25385","Timepoint 49",8.83102944493294,70,42
"2290","User #25385","Timepoint 50",8.83109614253044,70,42
"2291","User #25385","Timepoint 51",8.82622891664505,70,42
"2292","User #25385","Timepoint 52",8.81005144119263,70,42
"2293","User #25385","Timepoint 53",8.83333086967468,70,42
"2294","User #25385","Timepoint 54",8.8032688498497,70,42
"2295","User #25385","Timepoint 55",8.84161719679832,70,42
"2296","User #25385","Timepoint 56",8.8526822924614,70,42
"2297","User #25385","Timepoint 57",8.82526645064354,70,42
"2298","User #25385","Timepoint 58",8.82574880123138,70,42
"2299","User #25385","Timepoint 59",8.82100522518158,70,42
"2300","User #25385","Timepoint 60",8.80449765920639,70,42
"2301","User #25385","Timepoint 61",8.82741767168045,70,42
"2302","User #25385","Timepoint 62",8.79731407761574,70,42
"2303","User #25385","Timepoint 63",8.83519992232323,70,42
"2304","User #25385","Timepoint 64",8.84700351953506,70,42
"2305","User #25378","Timepoint 1",0,70,42
"2306","User #25378","Timepoint 2",0,70,42
"2307","User #25378","Timepoint 3",0,70,42
"2308","User #25378","Timepoint 4",0,70,42
"2309","User #25378","Timepoint 5",0,70,42
"2310","User #25378","Timepoint 6",0,70,42
"2311","User #25378","Timepoint 7",0,70,42
"2312","User #25378","Timepoint 8",0,70,42
"2313","User #25378","Timepoint 9",0,70,42
"2314","User #25378","Timepoint 10",0,70,42
"2315","User #25378","Timepoint 11",0,70,42
"2316","User #25378","Timepoint 12",0,70,42
"2317","User #25378","Timepoint 13",0,70,42
"2318","User #25378","Timepoint 14",0,70,42
"2319","User #25378","Timepoint 15",0,70,42
"2320","User #25378","Timepoint 16",0,70,42
"2321","User #25378","Timepoint 17",NA,70,42
"2322","User #25378","Timepoint 18",NA,70,42
"2323","User #25378","Timepoint 19",NA,70,42
"2324","User #25378","Timepoint 20",NA,70,42
"2325","User #25378","Timepoint 21",NA,70,42
"2326","User #25378","Timepoint 22",NA,70,42
"2327","User #25378","Timepoint 23",NA,70,42
"2328","User #25378","Timepoint 24",NA,70,42
"2329","User #25378","Timepoint 25",NA,70,42
"2330","User #25378","Timepoint 26",NA,70,42
"2331","User #25378","Timepoint 27",NA,70,42
"2332","User #25378","Timepoint 28",NA,70,42
"2333","User #25378","Timepoint 29",NA,70,42
"2334","User #25378","Timepoint 30",NA,70,42
"2335","User #25378","Timepoint 31",NA,70,42
"2336","User #25378","Timepoint 32",NA,70,42
"2337","User #25378","Timepoint 33",NA,70,42
"2338","User #25378","Timepoint 34",NA,70,42
"2339","User #25378","Timepoint 35",NA,70,42
"2340","User #25378","Timepoint 36",NA,70,42
"2341","User #25378","Timepoint 37",NA,70,42
"2342","User #25378","Timepoint 38",NA,70,42
"2343","User #25378","Timepoint 39",NA,70,42
"2344","User #25378","Timepoint 40",NA,70,42
"2345","User #25378","Timepoint 41",6.03953397274017,70,42
"2346","User #25378","Timepoint 42",6.04550921916962,70,42
"2347","User #25378","Timepoint 43",6.03460204601288,70,42
"2348","User #25378","Timepoint 44",6.05795431137085,70,42
"2349","User #25378","Timepoint 45",6.05844283103943,70,42
"2350","User #25378","Timepoint 46",6.02563202381134,70,42
"2351","User #25378","Timepoint 47",6.05211102962494,70,42
"2352","User #25378","Timepoint 48",6.09329319000244,70,42
"2353","User #25378","Timepoint 49",6.54698210954666,70,42
"2354","User #25378","Timepoint 50",6.55118870735168,70,42
"2355","User #25378","Timepoint 51",6.53816193342209,70,42
"2356","User #25378","Timepoint 52",6.55371534824371,70,42
"2357","User #25378","Timepoint 53",6.56485152244568,70,42
"2358","User #25378","Timepoint 54",6.50843411684036,70,42
"2359","User #25378","Timepoint 55",6.56701999902725,70,42
"2360","User #25378","Timepoint 56",6.60574930906296,70,42
"2361","User #25378","Timepoint 57",6.60721862316132,70,42
"2362","User #25378","Timepoint 58",6.62241512537003,70,42
"2363","User #25378","Timepoint 59",6.5954903960228,70,42
"2364","User #25378","Timepoint 60",6.61957591772079,70,42
"2365","User #25378","Timepoint 61",6.64290452003479,70,42
"2366","User #25378","Timepoint 62",6.57078331708908,70,42
"2367","User #25378","Timepoint 63",6.60805994272232,70,42
"2368","User #25378","Timepoint 64",6.68969994783401,70,42
"2369","User #25350","Timepoint 1",0,70,42
"2370","User #25350","Timepoint 2",0,70,42
"2371","User #25350","Timepoint 3",0,70,42
"2372","User #25350","Timepoint 4",0,70,42
"2373","User #25350","Timepoint 5",0,70,42
"2374","User #25350","Timepoint 6",0,70,42
"2375","User #25350","Timepoint 7",0,70,42
"2376","User #25350","Timepoint 8",0,70,42
"2377","User #25350","Timepoint 9",0,70,42
"2378","User #25350","Timepoint 10",0,70,42
"2379","User #25350","Timepoint 11",0,70,42
"2380","User #25350","Timepoint 12",0,70,42
"2381","User #25350","Timepoint 13",0,70,42
"2382","User #25350","Timepoint 14",0,70,42
"2383","User #25350","Timepoint 15",0,70,42
"2384","User #25350","Timepoint 16",0,70,42
"2385","User #25350","Timepoint 17",NA,70,42
"2386","User #25350","Timepoint 18",NA,70,42
"2387","User #25350","Timepoint 19",NA,70,42
"2388","User #25350","Timepoint 20",NA,70,42
"2389","User #25350","Timepoint 21",NA,70,42
"2390","User #25350","Timepoint 22",NA,70,42
"2391","User #25350","Timepoint 23",NA,70,42
"2392","User #25350","Timepoint 24",NA,70,42
"2393","User #25350","Timepoint 25",NA,70,42
"2394","User #25350","Timepoint 26",NA,70,42
"2395","User #25350","Timepoint 27",NA,70,42
"2396","User #25350","Timepoint 28",NA,70,42
"2397","User #25350","Timepoint 29",NA,70,42
"2398","User #25350","Timepoint 30",NA,70,42
"2399","User #25350","Timepoint 31",NA,70,42
"2400","User #25350","Timepoint 32",NA,70,42
"2401","User #25350","Timepoint 33",NA,70,42
"2402","User #25350","Timepoint 34",NA,70,42
"2403","User #25350","Timepoint 35",NA,70,42
"2404","User #25350","Timepoint 36",NA,70,42
"2405","User #25350","Timepoint 37",NA,70,42
"2406","User #25350","Timepoint 38",NA,70,42
"2407","User #25350","Timepoint 39",NA,70,42
"2408","User #25350","Timepoint 40",NA,70,42
"2409","User #25350","Timepoint 41",6.60948097705841,70,42
"2410","User #25350","Timepoint 42",6.61792331933975,70,42
"2411","User #25350","Timepoint 43",6.60466188192368,70,42
"2412","User #25350","Timepoint 44",6.61618155241013,70,42
"2413","User #25350","Timepoint 45",6.63827776908875,70,42
"2414","User #25350","Timepoint 46",6.59971731901169,70,42
"2415","User #25350","Timepoint 47",6.59718871116638,70,42
"2416","User #25350","Timepoint 48",6.65438663959503,70,42
"2417","User #25350","Timepoint 49",7.59620207548141,70,42
"2418","User #25350","Timepoint 50",7.60670131444931,70,42
"2419","User #25350","Timepoint 51",7.5891324877739,70,42
"2420","User #25350","Timepoint 52",7.60449796915054,70,42
"2421","User #25350","Timepoint 53",7.6485493183136,70,42
"2422","User #25350","Timepoint 54",7.56303262710571,70,42
"2423","User #25350","Timepoint 55",7.60682058334351,70,42
"2424","User #25350","Timepoint 56",7.67323869466782,70,42
"2425","User #25350","Timepoint 57",7.63428032398224,70,42
"2426","User #25350","Timepoint 58",7.64796388149261,70,42
"2427","User #25350","Timepoint 59",7.62607079744339,70,42
"2428","User #25350","Timepoint 60",7.64818578958511,70,42
"2429","User #25350","Timepoint 61",7.69564443826675,70,42
"2430","User #25350","Timepoint 62",7.61029028892517,70,42
"2431","User #25350","Timepoint 63",7.63859367370605,70,42
"2432","User #25350","Timepoint 64",7.72853761911392,70,42
"2433","User #25297","Timepoint 1",0,70,42
"2434","User #25297","Timepoint 2",0,70,42
"2435","User #25297","Timepoint 3",0,70,42
"2436","User #25297","Timepoint 4",0,70,42
"2437","User #25297","Timepoint 5",0,70,42
"2438","User #25297","Timepoint 6",0,70,42
"2439","User #25297","Timepoint 7",0,70,42
"2440","User #25297","Timepoint 8",0,70,42
"2441","User #25297","Timepoint 9",0,70,42
"2442","User #25297","Timepoint 10",0,70,42
"2443","User #25297","Timepoint 11",0,70,42
"2444","User #25297","Timepoint 12",0,70,42
"2445","User #25297","Timepoint 13",0,70,42
"2446","User #25297","Timepoint 14",0,70,42
"2447","User #25297","Timepoint 15",0,70,42
"2448","User #25297","Timepoint 16",0,70,42
"2449","User #25297","Timepoint 17",NA,70,42
"2450","User #25297","Timepoint 18",NA,70,42
"2451","User #25297","Timepoint 19",NA,70,42
"2452","User #25297","Timepoint 20",NA,70,42
"2453","User #25297","Timepoint 21",NA,70,42
"2454","User #25297","Timepoint 22",NA,70,42
"2455","User #25297","Timepoint 23",NA,70,42
"2456","User #25297","Timepoint 24",NA,70,42
"2457","User #25297","Timepoint 25",NA,70,42
"2458","User #25297","Timepoint 26",NA,70,42
"2459","User #25297","Timepoint 27",NA,70,42
"2460","User #25297","Timepoint 28",NA,70,42
"2461","User #25297","Timepoint 29",NA,70,42
"2462","User #25297","Timepoint 30",NA,70,42
"2463","User #25297","Timepoint 31",NA,70,42
"2464","User #25297","Timepoint 32",NA,70,42
"2465","User #25297","Timepoint 33",NA,70,42
"2466","User #25297","Timepoint 34",NA,70,42
"2467","User #25297","Timepoint 35",NA,70,42
"2468","User #25297","Timepoint 36",NA,70,42
"2469","User #25297","Timepoint 37",NA,70,42
"2470","User #25297","Timepoint 38",NA,70,42
"2471","User #25297","Timepoint 39",NA,70,42
"2472","User #25297","Timepoint 40",NA,70,42
"2473","User #25297","Timepoint 41",10.0800504684448,70,42
"2474","User #25297","Timepoint 42",10.0843766033649,70,42
"2475","User #25297","Timepoint 43",10.0702276825905,70,42
"2476","User #25297","Timepoint 44",10.0711343586445,70,42
"2477","User #25297","Timepoint 45",10.0872181355953,70,42
"2478","User #25297","Timepoint 46",10.0638001263142,70,42
"2479","User #25297","Timepoint 47",10.1110627055168,70,42
"2480","User #25297","Timepoint 48",10.1150339841843,70,42
"2481","User #25297","Timepoint 49",10.097848534584,70,42
"2482","User #25297","Timepoint 50",10.0983346402645,70,42
"2483","User #25297","Timepoint 51",10.0854746103287,70,42
"2484","User #25297","Timepoint 52",10.085607111454,70,42
"2485","User #25297","Timepoint 53",10.101633399725,70,42
"2486","User #25297","Timepoint 54",10.0802529752254,70,42
"2487","User #25297","Timepoint 55",10.1297245323658,70,42
"2488","User #25297","Timepoint 56",10.1313325166702,70,42
"2489","User #25297","Timepoint 57",10.0720893144608,70,42
"2490","User #25297","Timepoint 58",10.0689370930195,70,42
"2491","User #25297","Timepoint 59",10.0592933893204,70,42
"2492","User #25297","Timepoint 60",10.0606430768967,70,42
"2493","User #25297","Timepoint 61",10.0645920932293,70,42
"2494","User #25297","Timepoint 62",10.0448334217072,70,42
"2495","User #25297","Timepoint 63",10.1028145551682,70,42
"2496","User #25297","Timepoint 64",10.0969113707542,70,42
"2497","User #25298","Timepoint 1",0,70,42
"2498","User #25298","Timepoint 2",0,70,42
"2499","User #25298","Timepoint 3",0,70,42
"2500","User #25298","Timepoint 4",0,70,42
"2501","User #25298","Timepoint 5",0,70,42
"2502","User #25298","Timepoint 6",0,70,42
"2503","User #25298","Timepoint 7",0,70,42
"2504","User #25298","Timepoint 8",0,70,42
"2505","User #25298","Timepoint 9",0,70,42
"2506","User #25298","Timepoint 10",0,70,42
"2507","User #25298","Timepoint 11",0,70,42
"2508","User #25298","Timepoint 12",0,70,42
"2509","User #25298","Timepoint 13",0,70,42
"2510","User #25298","Timepoint 14",0,70,42
"2511","User #25298","Timepoint 15",0,70,42
"2512","User #25298","Timepoint 16",0,70,42
"2513","User #25298","Timepoint 17",NA,70,42
"2514","User #25298","Timepoint 18",NA,70,42
"2515","User #25298","Timepoint 19",NA,70,42
"2516","User #25298","Timepoint 20",NA,70,42
"2517","User #25298","Timepoint 21",NA,70,42
"2518","User #25298","Timepoint 22",NA,70,42
"2519","User #25298","Timepoint 23",NA,70,42
"2520","User #25298","Timepoint 24",NA,70,42
"2521","User #25298","Timepoint 25",NA,70,42
"2522","User #25298","Timepoint 26",NA,70,42
"2523","User #25298","Timepoint 27",NA,70,42
"2524","User #25298","Timepoint 28",NA,70,42
"2525","User #25298","Timepoint 29",NA,70,42
"2526","User #25298","Timepoint 30",NA,70,42
"2527","User #25298","Timepoint 31",NA,70,42
"2528","User #25298","Timepoint 32",NA,70,42
"2529","User #25298","Timepoint 33",NA,70,42
"2530","User #25298","Timepoint 34",NA,70,42
"2531","User #25298","Timepoint 35",NA,70,42
"2532","User #25298","Timepoint 36",NA,70,42
"2533","User #25298","Timepoint 37",NA,70,42
"2534","User #25298","Timepoint 38",NA,70,42
"2535","User #25298","Timepoint 39",NA,70,42
"2536","User #25298","Timepoint 40",NA,70,42
"2537","User #25298","Timepoint 41",6.46234714984894,70,42
"2538","User #25298","Timepoint 42",6.46944954991341,70,42
"2539","User #25298","Timepoint 43",6.45492297410965,70,42
"2540","User #25298","Timepoint 44",6.49830323457718,70,42
"2541","User #25298","Timepoint 45",6.49357163906097,70,42
"2542","User #25298","Timepoint 46",6.4718434214592,70,42
"2543","User #25298","Timepoint 47",6.51117998361588,70,42
"2544","User #25298","Timepoint 48",6.53646570444107,70,42
"2545","User #25298","Timepoint 49",6.35536938905716,70,42
"2546","User #25298","Timepoint 50",6.36077180504799,70,42
"2547","User #25298","Timepoint 51",6.3421630859375,70,42
"2548","User #25298","Timepoint 52",6.37626039981842,70,42
"2549","User #25298","Timepoint 53",6.37476229667664,70,42
"2550","User #25298","Timepoint 54",6.34922543168068,70,42
"2551","User #25298","Timepoint 55",6.40253889560699,70,42
"2552","User #25298","Timepoint 56",6.41326647996902,70,42
"2553","User #25298","Timepoint 57",6.30010032653809,70,42
"2554","User #25298","Timepoint 58",6.30042201280594,70,42
"2555","User #25298","Timepoint 59",6.28536838293076,70,42
"2556","User #25298","Timepoint 60",6.30741131305695,70,42
"2557","User #25298","Timepoint 61",6.31558883190155,70,42
"2558","User #25298","Timepoint 62",6.28973287343979,70,42
"2559","User #25298","Timepoint 63",6.34071809053421,70,42
"2560","User #25298","Timepoint 64",6.3436096906662,70,42
"2561","User #25343","Timepoint 1",0,70,42
"2562","User #25343","Timepoint 2",0,70,42
"2563","User #25343","Timepoint 3",0,70,42
"2564","User #25343","Timepoint 4",0,70,42
"2565","User #25343","Timepoint 5",0,70,42
"2566","User #25343","Timepoint 6",0,70,42
"2567","User #25343","Timepoint 7",0,70,42
"2568","User #25343","Timepoint 8",0,70,42
"2569","User #25343","Timepoint 9",0,70,42
"2570","User #25343","Timepoint 10",0,70,42
"2571","User #25343","Timepoint 11",0,70,42
"2572","User #25343","Timepoint 12",0,70,42
"2573","User #25343","Timepoint 13",0,70,42
"2574","User #25343","Timepoint 14",0,70,42
"2575","User #25343","Timepoint 15",0,70,42
"2576","User #25343","Timepoint 16",0,70,42
"2577","User #25343","Timepoint 17",NA,70,42
"2578","User #25343","Timepoint 18",NA,70,42
"2579","User #25343","Timepoint 19",NA,70,42
"2580","User #25343","Timepoint 20",NA,70,42
"2581","User #25343","Timepoint 21",NA,70,42
"2582","User #25343","Timepoint 22",NA,70,42
"2583","User #25343","Timepoint 23",NA,70,42
"2584","User #25343","Timepoint 24",NA,70,42
"2585","User #25343","Timepoint 25",NA,70,42
"2586","User #25343","Timepoint 26",NA,70,42
"2587","User #25343","Timepoint 27",NA,70,42
"2588","User #25343","Timepoint 28",NA,70,42
"2589","User #25343","Timepoint 29",NA,70,42
"2590","User #25343","Timepoint 30",NA,70,42
"2591","User #25343","Timepoint 31",NA,70,42
"2592","User #25343","Timepoint 32",NA,70,42
"2593","User #25343","Timepoint 33",NA,70,42
"2594","User #25343","Timepoint 34",NA,70,42
"2595","User #25343","Timepoint 35",NA,70,42
"2596","User #25343","Timepoint 36",NA,70,42
"2597","User #25343","Timepoint 37",NA,70,42
"2598","User #25343","Timepoint 38",NA,70,42
"2599","User #25343","Timepoint 39",NA,70,42
"2600","User #25343","Timepoint 40",NA,70,42
"2601","User #25343","Timepoint 41",7.01055419445038,70,42
"2602","User #25343","Timepoint 42",7.01534378528595,70,42
"2603","User #25343","Timepoint 43",7.00745248794556,70,42
"2604","User #25343","Timepoint 44",7.02550196647644,70,42
"2605","User #25343","Timepoint 45",7.02835750579834,70,42
"2606","User #25343","Timepoint 46",6.99995422363281,70,42
"2607","User #25343","Timepoint 47",7.02585422992706,70,42
"2608","User #25343","Timepoint 48",7.06257891654968,70,42
"2609","User #25343","Timepoint 49",6.98603224754333,70,42
"2610","User #25343","Timepoint 50",6.99170452356339,70,42
"2611","User #25343","Timepoint 51",6.98275637626648,70,42
"2612","User #25343","Timepoint 52",6.99985009431839,70,42
"2613","User #25343","Timepoint 53",6.99500322341919,70,42
"2614","User #25343","Timepoint 54",6.9691658616066,70,42
"2615","User #25343","Timepoint 55",7.00953161716461,70,42
"2616","User #25343","Timepoint 56",7.03204548358917,70,42
"2617","User #25343","Timepoint 57",7.00312685966492,70,42
"2618","User #25343","Timepoint 58",7.00829100608826,70,42
"2619","User #25343","Timepoint 59",6.99870324134827,70,42
"2620","User #25343","Timepoint 60",7.01567578315735,70,42
"2621","User #25343","Timepoint 61",7.01478910446167,70,42
"2622","User #25343","Timepoint 62",6.98855799436569,70,42
"2623","User #25343","Timepoint 63",7.0219761133194,70,42
"2624","User #25343","Timepoint 64",7.05382359027863,70,42
"2625","User #25312","Timepoint 1",0,70,42
"2626","User #25312","Timepoint 2",0,70,42
"2627","User #25312","Timepoint 3",0,70,42
"2628","User #25312","Timepoint 4",0,70,42
"2629","User #25312","Timepoint 5",0,70,42
"2630","User #25312","Timepoint 6",0,70,42
"2631","User #25312","Timepoint 7",0,70,42
"2632","User #25312","Timepoint 8",0,70,42
"2633","User #25312","Timepoint 9",0,70,42
"2634","User #25312","Timepoint 10",0,70,42
"2635","User #25312","Timepoint 11",0,70,42
"2636","User #25312","Timepoint 12",0,70,42
"2637","User #25312","Timepoint 13",0,70,42
"2638","User #25312","Timepoint 14",0,70,42
"2639","User #25312","Timepoint 15",0,70,42
"2640","User #25312","Timepoint 16",0,70,42
"2641","User #25312","Timepoint 17",NA,70,42
"2642","User #25312","Timepoint 18",NA,70,42
"2643","User #25312","Timepoint 19",NA,70,42
"2644","User #25312","Timepoint 20",NA,70,42
"2645","User #25312","Timepoint 21",NA,70,42
"2646","User #25312","Timepoint 22",NA,70,42
"2647","User #25312","Timepoint 23",NA,70,42
"2648","User #25312","Timepoint 24",NA,70,42
"2649","User #25312","Timepoint 25",NA,70,42
"2650","User #25312","Timepoint 26",NA,70,42
"2651","User #25312","Timepoint 27",NA,70,42
"2652","User #25312","Timepoint 28",NA,70,42
"2653","User #25312","Timepoint 29",NA,70,42
"2654","User #25312","Timepoint 30",NA,70,42
"2655","User #25312","Timepoint 31",NA,70,42
"2656","User #25312","Timepoint 32",NA,70,42
"2657","User #25312","Timepoint 33",NA,70,42
"2658","User #25312","Timepoint 34",NA,70,42
"2659","User #25312","Timepoint 35",NA,70,42
"2660","User #25312","Timepoint 36",NA,70,42
"2661","User #25312","Timepoint 37",NA,70,42
"2662","User #25312","Timepoint 38",NA,70,42
"2663","User #25312","Timepoint 39",NA,70,42
"2664","User #25312","Timepoint 40",NA,70,42
"2665","User #25312","Timepoint 41",6.46234714984894,70,42
"2666","User #25312","Timepoint 42",6.46944954991341,70,42
"2667","User #25312","Timepoint 43",6.45492297410965,70,42
"2668","User #25312","Timepoint 44",6.49830323457718,70,42
"2669","User #25312","Timepoint 45",6.49357163906097,70,42
"2670","User #25312","Timepoint 46",6.4718434214592,70,42
"2671","User #25312","Timepoint 47",6.51117998361588,70,42
"2672","User #25312","Timepoint 48",6.53646570444107,70,42
"2673","User #25312","Timepoint 49",6.35536938905716,70,42
"2674","User #25312","Timepoint 50",6.36077180504799,70,42
"2675","User #25312","Timepoint 51",6.3421630859375,70,42
"2676","User #25312","Timepoint 52",6.37626039981842,70,42
"2677","User #25312","Timepoint 53",6.37476229667664,70,42
"2678","User #25312","Timepoint 54",6.34922543168068,70,42
"2679","User #25312","Timepoint 55",6.40253889560699,70,42
"2680","User #25312","Timepoint 56",6.41326647996902,70,42
"2681","User #25312","Timepoint 57",6.30010032653809,70,42
"2682","User #25312","Timepoint 58",6.30042201280594,70,42
"2683","User #25312","Timepoint 59",6.28536838293076,70,42
"2684","User #25312","Timepoint 60",6.30741131305695,70,42
"2685","User #25312","Timepoint 61",6.31558883190155,70,42
"2686","User #25312","Timepoint 62",6.28973287343979,70,42
"2687","User #25312","Timepoint 63",6.34071809053421,70,42
"2688","User #25312","Timepoint 64",6.3436096906662,70,42
"2689","User #25353","Timepoint 1",0,70,42
"2690","User #25353","Timepoint 2",0,70,42
"2691","User #25353","Timepoint 3",0,70,42
"2692","User #25353","Timepoint 4",0,70,42
"2693","User #25353","Timepoint 5",0,70,42
"2694","User #25353","Timepoint 6",0,70,42
"2695","User #25353","Timepoint 7",0,70,42
"2696","User #25353","Timepoint 8",0,70,42
"2697","User #25353","Timepoint 9",0,70,42
"2698","User #25353","Timepoint 10",0,70,42
"2699","User #25353","Timepoint 11",0,70,42
"2700","User #25353","Timepoint 12",0,70,42
"2701","User #25353","Timepoint 13",0,70,42
"2702","User #25353","Timepoint 14",0,70,42
"2703","User #25353","Timepoint 15",0,70,42
"2704","User #25353","Timepoint 16",0,70,42
"2705","User #25353","Timepoint 17",NA,70,42
"2706","User #25353","Timepoint 18",NA,70,42
"2707","User #25353","Timepoint 19",NA,70,42
"2708","User #25353","Timepoint 20",NA,70,42
"2709","User #25353","Timepoint 21",NA,70,42
"2710","User #25353","Timepoint 22",NA,70,42
"2711","User #25353","Timepoint 23",NA,70,42
"2712","User #25353","Timepoint 24",NA,70,42
"2713","User #25353","Timepoint 25",NA,70,42
"2714","User #25353","Timepoint 26",NA,70,42
"2715","User #25353","Timepoint 27",NA,70,42
"2716","User #25353","Timepoint 28",NA,70,42
"2717","User #25353","Timepoint 29",NA,70,42
"2718","User #25353","Timepoint 30",NA,70,42
"2719","User #25353","Timepoint 31",NA,70,42
"2720","User #25353","Timepoint 32",NA,70,42
"2721","User #25353","Timepoint 33",NA,70,42
"2722","User #25353","Timepoint 34",NA,70,42
"2723","User #25353","Timepoint 35",NA,70,42
"2724","User #25353","Timepoint 36",NA,70,42
"2725","User #25353","Timepoint 37",NA,70,42
"2726","User #25353","Timepoint 38",NA,70,42
"2727","User #25353","Timepoint 39",NA,70,42
"2728","User #25353","Timepoint 40",NA,70,42
"2729","User #25353","Timepoint 41",6.81541895866394,70,42
"2730","User #25353","Timepoint 42",6.81271225214005,70,42
"2731","User #25353","Timepoint 43",6.8079229593277,70,42
"2732","User #25353","Timepoint 44",6.81019705533981,70,42
"2733","User #25353","Timepoint 45",6.80958038568497,70,42
"2734","User #25353","Timepoint 46",6.79496586322784,70,42
"2735","User #25353","Timepoint 47",6.84083569049835,70,42
"2736","User #25353","Timepoint 48",6.84039127826691,70,42
"2737","User #25353","Timepoint 49",7.47443222999573,70,42
"2738","User #25353","Timepoint 50",7.46716606616974,70,42
"2739","User #25353","Timepoint 51",7.45817542076111,70,42
"2740","User #25353","Timepoint 52",7.46190619468689,70,42
"2741","User #25353","Timepoint 53",7.46087992191315,70,42
"2742","User #25353","Timepoint 54",7.43547570705414,70,42
"2743","User #25353","Timepoint 55",7.52112329006195,70,42
"2744","User #25353","Timepoint 56",7.51259613037109,70,42
"2745","User #25353","Timepoint 57",7.5087947845459,70,42
"2746","User #25353","Timepoint 58",7.50008022785187,70,42
"2747","User #25353","Timepoint 59",7.49426174163818,70,42
"2748","User #25353","Timepoint 60",7.49730563163757,70,42
"2749","User #25353","Timepoint 61",7.48839485645294,70,42
"2750","User #25353","Timepoint 62",7.46600925922394,70,42
"2751","User #25353","Timepoint 63",7.55685019493103,70,42
"2752","User #25353","Timepoint 64",7.54630851745605,70,42
"2753","User #25381","Timepoint 1",0,70,42
"2754","User #25381","Timepoint 2",0,70,42
"2755","User #25381","Timepoint 3",0,70,42
"2756","User #25381","Timepoint 4",0,70,42
"2757","User #25381","Timepoint 5",0,70,42
"2758","User #25381","Timepoint 6",0,70,42
"2759","User #25381","Timepoint 7",0,70,42
"2760","User #25381","Timepoint 8",0,70,42
"2761","User #25381","Timepoint 9",0,70,42
"2762","User #25381","Timepoint 10",0,70,42
"2763","User #25381","Timepoint 11",0,70,42
"2764","User #25381","Timepoint 12",0,70,42
"2765","User #25381","Timepoint 13",0,70,42
"2766","User #25381","Timepoint 14",0,70,42
"2767","User #25381","Timepoint 15",0,70,42
"2768","User #25381","Timepoint 16",0,70,42
"2769","User #25381","Timepoint 17",NA,70,42
"2770","User #25381","Timepoint 18",NA,70,42
"2771","User #25381","Timepoint 19",NA,70,42
"2772","User #25381","Timepoint 20",NA,70,42
"2773","User #25381","Timepoint 21",NA,70,42
"2774","User #25381","Timepoint 22",NA,70,42
"2775","User #25381","Timepoint 23",NA,70,42
"2776","User #25381","Timepoint 24",NA,70,42
"2777","User #25381","Timepoint 25",NA,70,42
"2778","User #25381","Timepoint 26",NA,70,42
"2779","User #25381","Timepoint 27",NA,70,42
"2780","User #25381","Timepoint 28",NA,70,42
"2781","User #25381","Timepoint 29",NA,70,42
"2782","User #25381","Timepoint 30",NA,70,42
"2783","User #25381","Timepoint 31",NA,70,42
"2784","User #25381","Timepoint 32",NA,70,42
"2785","User #25381","Timepoint 33",NA,70,42
"2786","User #25381","Timepoint 34",NA,70,42
"2787","User #25381","Timepoint 35",NA,70,42
"2788","User #25381","Timepoint 36",NA,70,42
"2789","User #25381","Timepoint 37",NA,70,42
"2790","User #25381","Timepoint 38",NA,70,42
"2791","User #25381","Timepoint 39",NA,70,42
"2792","User #25381","Timepoint 40",NA,70,42
"2793","User #25381","Timepoint 41",7.65703636407852,70,42
"2794","User #25381","Timepoint 42",7.66213291883469,70,42
"2795","User #25381","Timepoint 43",7.65995353460312,70,42
"2796","User #25381","Timepoint 44",7.69974893331528,70,42
"2797","User #25381","Timepoint 45",7.70906317234039,70,42
"2798","User #25381","Timepoint 46",7.66101050376892,70,42
"2799","User #25381","Timepoint 47",7.69918531179428,70,42
"2800","User #25381","Timepoint 48",7.74038547277451,70,42
"2801","User #25381","Timepoint 49",8.44284093379974,70,42
"2802","User #25381","Timepoint 50",8.42296859622002,70,42
"2803","User #25381","Timepoint 51",8.42569804191589,70,42
"2804","User #25381","Timepoint 52",8.44729608297348,70,42
"2805","User #25381","Timepoint 53",8.42924705147743,70,42
"2806","User #25381","Timepoint 54",8.38668784499168,70,42
"2807","User #25381","Timepoint 55",8.51108884811401,70,42
"2808","User #25381","Timepoint 56",8.50362604856491,70,42
"2809","User #25381","Timepoint 57",8.57561206817627,70,42
"2810","User #25381","Timepoint 58",8.56374806165695,70,42
"2811","User #25381","Timepoint 59",8.5718891620636,70,42
"2812","User #25381","Timepoint 60",8.61013209819794,70,42
"2813","User #25381","Timepoint 61",8.60283291339874,70,42
"2814","User #25381","Timepoint 62",8.55783498287201,70,42
"2815","User #25381","Timepoint 63",8.66626477241516,70,42
"2816","User #25381","Timepoint 64",8.6631823182106,70,42
"2817","User #25297","Timepoint 1",0,70,42
"2818","User #25297","Timepoint 2",0,70,42
"2819","User #25297","Timepoint 3",0,70,42
"2820","User #25297","Timepoint 4",0,70,42
"2821","User #25297","Timepoint 5",0,70,42
"2822","User #25297","Timepoint 6",0,70,42
"2823","User #25297","Timepoint 7",0,70,42
"2824","User #25297","Timepoint 8",0,70,42
"2825","User #25297","Timepoint 9",0,70,42
"2826","User #25297","Timepoint 10",0,70,42
"2827","User #25297","Timepoint 11",0,70,42
"2828","User #25297","Timepoint 12",0,70,42
"2829","User #25297","Timepoint 13",0,70,42
"2830","User #25297","Timepoint 14",0,70,42
"2831","User #25297","Timepoint 15",0,70,42
"2832","User #25297","Timepoint 16",0,70,42
"2833","User #25297","Timepoint 17",NA,70,42
"2834","User #25297","Timepoint 18",NA,70,42
"2835","User #25297","Timepoint 19",NA,70,42
"2836","User #25297","Timepoint 20",NA,70,42
"2837","User #25297","Timepoint 21",NA,70,42
"2838","User #25297","Timepoint 22",NA,70,42
"2839","User #25297","Timepoint 23",NA,70,42
"2840","User #25297","Timepoint 24",NA,70,42
"2841","User #25297","Timepoint 25",NA,70,42
"2842","User #25297","Timepoint 26",NA,70,42
"2843","User #25297","Timepoint 27",NA,70,42
"2844","User #25297","Timepoint 28",NA,70,42
"2845","User #25297","Timepoint 29",NA,70,42
"2846","User #25297","Timepoint 30",NA,70,42
"2847","User #25297","Timepoint 31",NA,70,42
"2848","User #25297","Timepoint 32",NA,70,42
"2849","User #25297","Timepoint 33",NA,70,42
"2850","User #25297","Timepoint 34",NA,70,42
"2851","User #25297","Timepoint 35",NA,70,42
"2852","User #25297","Timepoint 36",NA,70,42
"2853","User #25297","Timepoint 37",NA,70,42
"2854","User #25297","Timepoint 38",NA,70,42
"2855","User #25297","Timepoint 39",NA,70,42
"2856","User #25297","Timepoint 40",NA,70,42
"2857","User #25297","Timepoint 41",10.4369647204876,70,42
"2858","User #25297","Timepoint 42",10.4288113415241,70,42
"2859","User #25297","Timepoint 43",10.4038300514221,70,42
"2860","User #25297","Timepoint 44",10.3615190088749,70,42
"2861","User #25297","Timepoint 45",10.3990527689457,70,42
"2862","User #25297","Timepoint 46",10.3423447012901,70,42
"2863","User #25297","Timepoint 47",10.4335266649723,70,42
"2864","User #25297","Timepoint 48",10.5117396116257,70,42
"2865","User #25297","Timepoint 49",10.5079198777676,70,42
"2866","User #25297","Timepoint 50",10.4903865456581,70,42
"2867","User #25297","Timepoint 51",10.4739644527435,70,42
"2868","User #25297","Timepoint 52",10.4268868565559,70,42
"2869","User #25297","Timepoint 53",10.4777806997299,70,42
"2870","User #25297","Timepoint 54",10.4235391914845,70,42
"2871","User #25297","Timepoint 55",10.5052982866764,70,42
"2872","User #25297","Timepoint 56",10.5928699970245,70,42
"2873","User #25297","Timepoint 57",10.5820043683052,70,42
"2874","User #25297","Timepoint 58",10.5682778954506,70,42
"2875","User #25297","Timepoint 59",10.5358660817146,70,42
"2876","User #25297","Timepoint 60",10.5039472579956,70,42
"2877","User #25297","Timepoint 61",10.5338267982006,70,42
"2878","User #25297","Timepoint 62",10.4744850695133,70,42
"2879","User #25297","Timepoint 63",10.5861942470074,70,42
"2880","User #25297","Timepoint 64",10.6549239754677,70,42
"2881","User #25358","Timepoint 1",0,70,42
"2882","User #25358","Timepoint 2",0,70,42
"2883","User #25358","Timepoint 3",0,70,42
"2884","User #25358","Timepoint 4",0,70,42
"2885","User #25358","Timepoint 5",0,70,42
"2886","User #25358","Timepoint 6",0,70,42
"2887","User #25358","Timepoint 7",0,70,42
"2888","User #25358","Timepoint 8",0,70,42
"2889","User #25358","Timepoint 9",0,70,42
"2890","User #25358","Timepoint 10",0,70,42
"2891","User #25358","Timepoint 11",0,70,42
"2892","User #25358","Timepoint 12",0,70,42
"2893","User #25358","Timepoint 13",0,70,42
"2894","User #25358","Timepoint 14",0,70,42
"2895","User #25358","Timepoint 15",0,70,42
"2896","User #25358","Timepoint 16",0,70,42
"2897","User #25358","Timepoint 17",NA,70,42
"2898","User #25358","Timepoint 18",NA,70,42
"2899","User #25358","Timepoint 19",NA,70,42
"2900","User #25358","Timepoint 20",NA,70,42
"2901","User #25358","Timepoint 21",NA,70,42
"2902","User #25358","Timepoint 22",NA,70,42
"2903","User #25358","Timepoint 23",NA,70,42
"2904","User #25358","Timepoint 24",NA,70,42
"2905","User #25358","Timepoint 25",NA,70,42
"2906","User #25358","Timepoint 26",NA,70,42
"2907","User #25358","Timepoint 27",NA,70,42
"2908","User #25358","Timepoint 28",NA,70,42
"2909","User #25358","Timepoint 29",NA,70,42
"2910","User #25358","Timepoint 30",NA,70,42
"2911","User #25358","Timepoint 31",NA,70,42
"2912","User #25358","Timepoint 32",NA,70,42
"2913","User #25358","Timepoint 33",NA,70,42
"2914","User #25358","Timepoint 34",NA,70,42
"2915","User #25358","Timepoint 35",NA,70,42
"2916","User #25358","Timepoint 36",NA,70,42
"2917","User #25358","Timepoint 37",NA,70,42
"2918","User #25358","Timepoint 38",NA,70,42
"2919","User #25358","Timepoint 39",NA,70,42
"2920","User #25358","Timepoint 40",NA,70,42
"2921","User #25358","Timepoint 41",10.7295365333557,70,42
"2922","User #25358","Timepoint 42",10.7242941856384,70,42
"2923","User #25358","Timepoint 43",10.6913557052612,70,42
"2924","User #25358","Timepoint 44",10.7668335437775,70,42
"2925","User #25358","Timepoint 45",10.7363073825836,70,42
"2926","User #25358","Timepoint 46",10.6883132457733,70,42
"2927","User #25358","Timepoint 47",10.8442254066467,70,42
"2928","User #25358","Timepoint 48",10.8742623329163,70,42
"2929","User #25358","Timepoint 49",10.6396021842957,70,42
"2930","User #25358","Timepoint 50",10.6133964061737,70,42
"2931","User #25358","Timepoint 51",10.6046504974365,70,42
"2932","User #25358","Timepoint 52",10.6390466690063,70,42
"2933","User #25358","Timepoint 53",10.6119174957275,70,42
"2934","User #25358","Timepoint 54",10.5456073284149,70,42
"2935","User #25358","Timepoint 55",10.7457120418549,70,42
"2936","User #25358","Timepoint 56",10.7300133705139,70,42
"2937","User #25358","Timepoint 57",10.5584025382996,70,42
"2938","User #25358","Timepoint 58",10.5332028865814,70,42
"2939","User #25358","Timepoint 59",10.5196714401245,70,42
"2940","User #25358","Timepoint 60",10.5542078018188,70,42
"2941","User #25358","Timepoint 61",10.5431187152863,70,42
"2942","User #25358","Timepoint 62",10.4958126544952,70,42
"2943","User #25358","Timepoint 63",10.6768050193787,70,42
"2944","User #25358","Timepoint 64",10.655375957489,70,42
"2945","User #25297","Timepoint 1",0,70,42
"2946","User #25297","Timepoint 2",0,70,42
"2947","User #25297","Timepoint 3",0,70,42
"2948","User #25297","Timepoint 4",0,70,42
"2949","User #25297","Timepoint 5",0,70,42
"2950","User #25297","Timepoint 6",0,70,42
"2951","User #25297","Timepoint 7",0,70,42
"2952","User #25297","Timepoint 8",0,70,42
"2953","User #25297","Timepoint 9",0,70,42
"2954","User #25297","Timepoint 10",0,70,42
"2955","User #25297","Timepoint 11",0,70,42
"2956","User #25297","Timepoint 12",0,70,42
"2957","User #25297","Timepoint 13",0,70,42
"2958","User #25297","Timepoint 14",0,70,42
"2959","User #25297","Timepoint 15",0,70,42
"2960","User #25297","Timepoint 16",0,70,42
"2961","User #25297","Timepoint 17",NA,70,42
"2962","User #25297","Timepoint 18",NA,70,42
"2963","User #25297","Timepoint 19",NA,70,42
"2964","User #25297","Timepoint 20",NA,70,42
"2965","User #25297","Timepoint 21",NA,70,42
"2966","User #25297","Timepoint 22",NA,70,42
"2967","User #25297","Timepoint 23",NA,70,42
"2968","User #25297","Timepoint 24",NA,70,42
"2969","User #25297","Timepoint 25",NA,70,42
"2970","User #25297","Timepoint 26",NA,70,42
"2971","User #25297","Timepoint 27",NA,70,42
"2972","User #25297","Timepoint 28",NA,70,42
"2973","User #25297","Timepoint 29",NA,70,42
"2974","User #25297","Timepoint 30",NA,70,42
"2975","User #25297","Timepoint 31",NA,70,42
"2976","User #25297","Timepoint 32",NA,70,42
"2977","User #25297","Timepoint 33",NA,70,42
"2978","User #25297","Timepoint 34",NA,70,42
"2979","User #25297","Timepoint 35",NA,70,42
"2980","User #25297","Timepoint 36",NA,70,42
"2981","User #25297","Timepoint 37",NA,70,42
"2982","User #25297","Timepoint 38",NA,70,42
"2983","User #25297","Timepoint 39",NA,70,42
"2984","User #25297","Timepoint 40",NA,70,42
"2985","User #25297","Timepoint 41",12.8573181629181,70,42
"2986","User #25297","Timepoint 42",12.8467257022858,70,42
"2987","User #25297","Timepoint 43",12.8223934173584,70,42
"2988","User #25297","Timepoint 44",12.8079187870026,70,42
"2989","User #25297","Timepoint 45",12.8155925273895,70,42
"2990","User #25297","Timepoint 46",12.7606937885284,70,42
"2991","User #25297","Timepoint 47",12.9256782531738,70,42
"2992","User #25297","Timepoint 48",12.9328546524048,70,42
"2993","User #25297","Timepoint 49",12.01237231493,70,42
"2994","User #25297","Timepoint 50",11.9876023828983,70,42
"2995","User #25297","Timepoint 51",11.9675804972649,70,42
"2996","User #25297","Timepoint 52",11.9384616315365,70,42
"2997","User #25297","Timepoint 53",11.9427000582218,70,42
"2998","User #25297","Timepoint 54",11.8898811936378,70,42
"2999","User #25297","Timepoint 55",12.0480253100395,70,42
"3000","User #25297","Timepoint 56",12.0863036513329,70,42
"3001","User #25297","Timepoint 57",12.0400942862034,70,42
"3002","User #25297","Timepoint 58",12.0164870917797,70,42
"3003","User #25297","Timepoint 59",11.9973267316818,70,42
"3004","User #25297","Timepoint 60",11.9863972663879,70,42
"3005","User #25297","Timepoint 61",11.9768260717392,70,42
"3006","User #25297","Timepoint 62",11.9208601713181,70,42
"3007","User #25297","Timepoint 63",12.0921248495579,70,42
"3008","User #25297","Timepoint 64",12.1084254384041,70,42
"3009","User #25335","Timepoint 1",0,70,42
"3010","User #25335","Timepoint 2",0,70,42
"3011","User #25335","Timepoint 3",0,70,42
"3012","User #25335","Timepoint 4",0,70,42
"3013","User #25335","Timepoint 5",0,70,42
"3014","User #25335","Timepoint 6",0,70,42
"3015","User #25335","Timepoint 7",0,70,42
"3016","User #25335","Timepoint 8",0,70,42
"3017","User #25335","Timepoint 9",0,70,42
"3018","User #25335","Timepoint 10",0,70,42
"3019","User #25335","Timepoint 11",0,70,42
"3020","User #25335","Timepoint 12",0,70,42
"3021","User #25335","Timepoint 13",0,70,42
"3022","User #25335","Timepoint 14",0,70,42
"3023","User #25335","Timepoint 15",0,70,42
"3024","User #25335","Timepoint 16",0,70,42
"3025","User #25335","Timepoint 17",NA,70,42
"3026","User #25335","Timepoint 18",NA,70,42
"3027","User #25335","Timepoint 19",NA,70,42
"3028","User #25335","Timepoint 20",NA,70,42
"3029","User #25335","Timepoint 21",NA,70,42
"3030","User #25335","Timepoint 22",NA,70,42
"3031","User #25335","Timepoint 23",NA,70,42
"3032","User #25335","Timepoint 24",NA,70,42
"3033","User #25335","Timepoint 25",NA,70,42
"3034","User #25335","Timepoint 26",NA,70,42
"3035","User #25335","Timepoint 27",NA,70,42
"3036","User #25335","Timepoint 28",NA,70,42
"3037","User #25335","Timepoint 29",NA,70,42
"3038","User #25335","Timepoint 30",NA,70,42
"3039","User #25335","Timepoint 31",NA,70,42
"3040","User #25335","Timepoint 32",NA,70,42
"3041","User #25335","Timepoint 33",NA,70,42
"3042","User #25335","Timepoint 34",NA,70,42
"3043","User #25335","Timepoint 35",NA,70,42
"3044","User #25335","Timepoint 36",NA,70,42
"3045","User #25335","Timepoint 37",NA,70,42
"3046","User #25335","Timepoint 38",NA,70,42
"3047","User #25335","Timepoint 39",NA,70,42
"3048","User #25335","Timepoint 40",NA,70,42
"3049","User #25335","Timepoint 41",6.38981458544731,70,42
"3050","User #25335","Timepoint 42",6.38564357161522,70,42
"3051","User #25335","Timepoint 43",6.36713051795959,70,42
"3052","User #25335","Timepoint 44",6.37942853569984,70,42
"3053","User #25335","Timepoint 45",6.36560094356537,70,42
"3054","User #25335","Timepoint 46",6.33468893170357,70,42
"3055","User #25335","Timepoint 47",6.40054529905319,70,42
"3056","User #25335","Timepoint 48",6.43645668029785,70,42
"3057","User #25335","Timepoint 49",6.6788866519928,70,42
"3058","User #25335","Timepoint 50",6.67503106594086,70,42
"3059","User #25335","Timepoint 51",6.64932370185852,70,42
"3060","User #25335","Timepoint 52",6.6645839214325,70,42
"3061","User #25335","Timepoint 53",6.65395295619965,70,42
"3062","User #25335","Timepoint 54",6.61192393302917,70,42
"3063","User #25335","Timepoint 55",6.70437693595886,70,42
"3064","User #25335","Timepoint 56",6.72801566123962,70,42
"3065","User #25335","Timepoint 57",6.64184415340424,70,42
"3066","User #25335","Timepoint 58",6.63746058940887,70,42
"3067","User #25335","Timepoint 59",6.61326003074646,70,42
"3068","User #25335","Timepoint 60",6.62813186645508,70,42
"3069","User #25335","Timepoint 61",6.62389075756073,70,42
"3070","User #25335","Timepoint 62",6.5840677022934,70,42
"3071","User #25335","Timepoint 63",6.67563319206238,70,42
"3072","User #25335","Timepoint 64",6.68259835243225,70,42
"3073","User #25325","Timepoint 1",0,70,42
"3074","User #25325","Timepoint 2",0,70,42
"3075","User #25325","Timepoint 3",0,70,42
"3076","User #25325","Timepoint 4",0,70,42
"3077","User #25325","Timepoint 5",0,70,42
"3078","User #25325","Timepoint 6",0,70,42
"3079","User #25325","Timepoint 7",0,70,42
"3080","User #25325","Timepoint 8",0,70,42
"3081","User #25325","Timepoint 9",0,70,42
"3082","User #25325","Timepoint 10",0,70,42
"3083","User #25325","Timepoint 11",0,70,42
"3084","User #25325","Timepoint 12",0,70,42
"3085","User #25325","Timepoint 13",0,70,42
"3086","User #25325","Timepoint 14",0,70,42
"3087","User #25325","Timepoint 15",0,70,42
"3088","User #25325","Timepoint 16",0,70,42
"3089","User #25325","Timepoint 17",NA,70,42
"3090","User #25325","Timepoint 18",NA,70,42
"3091","User #25325","Timepoint 19",NA,70,42
"3092","User #25325","Timepoint 20",NA,70,42
"3093","User #25325","Timepoint 21",NA,70,42
"3094","User #25325","Timepoint 22",NA,70,42
"3095","User #25325","Timepoint 23",NA,70,42
"3096","User #25325","Timepoint 24",NA,70,42
"3097","User #25325","Timepoint 25",NA,70,42
"3098","User #25325","Timepoint 26",NA,70,42
"3099","User #25325","Timepoint 27",NA,70,42
"3100","User #25325","Timepoint 28",NA,70,42
"3101","User #25325","Timepoint 29",NA,70,42
"3102","User #25325","Timepoint 30",NA,70,42
"3103","User #25325","Timepoint 31",NA,70,42
"3104","User #25325","Timepoint 32",NA,70,42
"3105","User #25325","Timepoint 33",NA,70,42
"3106","User #25325","Timepoint 34",NA,70,42
"3107","User #25325","Timepoint 35",NA,70,42
"3108","User #25325","Timepoint 36",NA,70,42
"3109","User #25325","Timepoint 37",NA,70,42
"3110","User #25325","Timepoint 38",NA,70,42
"3111","User #25325","Timepoint 39",NA,70,42
"3112","User #25325","Timepoint 40",NA,70,42
"3113","User #25325","Timepoint 41",9.01133465766907,70,42
"3114","User #25325","Timepoint 42",9.01658642292023,70,42
"3115","User #25325","Timepoint 43",9.00679588317871,70,42
"3116","User #25325","Timepoint 44",9.02480089664459,70,42
"3117","User #25325","Timepoint 45",9.01731359958649,70,42
"3118","User #25325","Timepoint 46",8.99004942178726,70,42
"3119","User #25325","Timepoint 47",9.02351319789886,70,42
"3120","User #25325","Timepoint 48",9.06296813488007,70,42
"3121","User #25325","Timepoint 49",8.82713413238525,70,42
"3122","User #25325","Timepoint 50",8.83169829845428,70,42
"3123","User #25325","Timepoint 51",8.81414842605591,70,42
"3124","User #25325","Timepoint 52",8.84678518772125,70,42
"3125","User #25325","Timepoint 53",8.83729267120361,70,42
"3126","User #25325","Timepoint 54",8.79645621776581,70,42
"3127","User #25325","Timepoint 55",8.86650085449219,70,42
"3128","User #25325","Timepoint 56",8.91334295272827,70,42
"3129","User #25325","Timepoint 57",8.74713611602783,70,42
"3130","User #25325","Timepoint 58",8.75561892986298,70,42
"3131","User #25325","Timepoint 59",8.73651432991028,70,42
"3132","User #25325","Timepoint 60",8.7614551782608,70,42
"3133","User #25325","Timepoint 61",8.75912606716156,70,42
"3134","User #25325","Timepoint 62",8.71596527099609,70,42
"3135","User #25325","Timepoint 63",8.78729176521301,70,42
"3136","User #25325","Timepoint 64",8.83026432991028,70,42
"3137","User #25366","Timepoint 1",0,70,42
"3138","User #25366","Timepoint 2",0,70,42
"3139","User #25366","Timepoint 3",0,70,42
"3140","User #25366","Timepoint 4",0,70,42
"3141","User #25366","Timepoint 5",0,70,42
"3142","User #25366","Timepoint 6",0,70,42
"3143","User #25366","Timepoint 7",0,70,42
"3144","User #25366","Timepoint 8",0,70,42
"3145","User #25366","Timepoint 9",0,70,42
"3146","User #25366","Timepoint 10",0,70,42
"3147","User #25366","Timepoint 11",0,70,42
"3148","User #25366","Timepoint 12",0,70,42
"3149","User #25366","Timepoint 13",0,70,42
"3150","User #25366","Timepoint 14",0,70,42
"3151","User #25366","Timepoint 15",0,70,42
"3152","User #25366","Timepoint 16",0,70,42
"3153","User #25366","Timepoint 17",NA,70,42
"3154","User #25366","Timepoint 18",NA,70,42
"3155","User #25366","Timepoint 19",NA,70,42
"3156","User #25366","Timepoint 20",NA,70,42
"3157","User #25366","Timepoint 21",NA,70,42
"3158","User #25366","Timepoint 22",NA,70,42
"3159","User #25366","Timepoint 23",NA,70,42
"3160","User #25366","Timepoint 24",NA,70,42
"3161","User #25366","Timepoint 25",NA,70,42
"3162","User #25366","Timepoint 26",NA,70,42
"3163","User #25366","Timepoint 27",NA,70,42
"3164","User #25366","Timepoint 28",NA,70,42
"3165","User #25366","Timepoint 29",NA,70,42
"3166","User #25366","Timepoint 30",NA,70,42
"3167","User #25366","Timepoint 31",NA,70,42
"3168","User #25366","Timepoint 32",NA,70,42
"3169","User #25366","Timepoint 33",NA,70,42
"3170","User #25366","Timepoint 34",NA,70,42
"3171","User #25366","Timepoint 35",NA,70,42
"3172","User #25366","Timepoint 36",NA,70,42
"3173","User #25366","Timepoint 37",NA,70,42
"3174","User #25366","Timepoint 38",NA,70,42
"3175","User #25366","Timepoint 39",NA,70,42
"3176","User #25366","Timepoint 40",NA,70,42
"3177","User #25366","Timepoint 41",7.65703636407852,70,42
"3178","User #25366","Timepoint 42",7.66213291883469,70,42
"3179","User #25366","Timepoint 43",7.65995353460312,70,42
"3180","User #25366","Timepoint 44",7.69974893331528,70,42
"3181","User #25366","Timepoint 45",7.70906317234039,70,42
"3182","User #25366","Timepoint 46",7.66101050376892,70,42
"3183","User #25366","Timepoint 47",7.69918531179428,70,42
"3184","User #25366","Timepoint 48",7.74038547277451,70,42
"3185","User #25366","Timepoint 49",8.44284093379974,70,42
"3186","User #25366","Timepoint 50",8.42296859622002,70,42
"3187","User #25366","Timepoint 51",8.42569804191589,70,42
"3188","User #25366","Timepoint 52",8.44729608297348,70,42
"3189","User #25366","Timepoint 53",8.42924705147743,70,42
"3190","User #25366","Timepoint 54",8.38668784499168,70,42
"3191","User #25366","Timepoint 55",8.51108884811401,70,42
"3192","User #25366","Timepoint 56",8.50362604856491,70,42
"3193","User #25366","Timepoint 57",8.57561206817627,70,42
"3194","User #25366","Timepoint 58",8.56374806165695,70,42
"3195","User #25366","Timepoint 59",8.5718891620636,70,42
"3196","User #25366","Timepoint 60",8.61013209819794,70,42
"3197","User #25366","Timepoint 61",8.60283291339874,70,42
"3198","User #25366","Timepoint 62",8.55783498287201,70,42
"3199","User #25366","Timepoint 63",8.66626477241516,70,42
"3200","User #25366","Timepoint 64",8.6631823182106,70,42
"3201","User #25319","Timepoint 1",0,70,42
"3202","User #25319","Timepoint 2",0,70,42
"3203","User #25319","Timepoint 3",0,70,42
"3204","User #25319","Timepoint 4",0,70,42
"3205","User #25319","Timepoint 5",0,70,42
"3206","User #25319","Timepoint 6",0,70,42
"3207","User #25319","Timepoint 7",0,70,42
"3208","User #25319","Timepoint 8",0,70,42
"3209","User #25319","Timepoint 9",0,70,42
"3210","User #25319","Timepoint 10",0,70,42
"3211","User #25319","Timepoint 11",0,70,42
"3212","User #25319","Timepoint 12",0,70,42
"3213","User #25319","Timepoint 13",0,70,42
"3214","User #25319","Timepoint 14",0,70,42
"3215","User #25319","Timepoint 15",0,70,42
"3216","User #25319","Timepoint 16",0,70,42
"3217","User #25319","Timepoint 17",NA,70,42
"3218","User #25319","Timepoint 18",NA,70,42
"3219","User #25319","Timepoint 19",NA,70,42
"3220","User #25319","Timepoint 20",NA,70,42
"3221","User #25319","Timepoint 21",NA,70,42
"3222","User #25319","Timepoint 22",NA,70,42
"3223","User #25319","Timepoint 23",NA,70,42
"3224","User #25319","Timepoint 24",NA,70,42
"3225","User #25319","Timepoint 25",NA,70,42
"3226","User #25319","Timepoint 26",NA,70,42
"3227","User #25319","Timepoint 27",NA,70,42
"3228","User #25319","Timepoint 28",NA,70,42
"3229","User #25319","Timepoint 29",NA,70,42
"3230","User #25319","Timepoint 30",NA,70,42
"3231","User #25319","Timepoint 31",NA,70,42
"3232","User #25319","Timepoint 32",NA,70,42
"3233","User #25319","Timepoint 33",NA,70,42
"3234","User #25319","Timepoint 34",NA,70,42
"3235","User #25319","Timepoint 35",NA,70,42
"3236","User #25319","Timepoint 36",NA,70,42
"3237","User #25319","Timepoint 37",NA,70,42
"3238","User #25319","Timepoint 38",NA,70,42
"3239","User #25319","Timepoint 39",NA,70,42
"3240","User #25319","Timepoint 40",NA,70,42
"3241","User #25319","Timepoint 41",7.53922212123871,70,42
"3242","User #25319","Timepoint 42",7.55129688978195,70,42
"3243","User #25319","Timepoint 43",7.53514498472214,70,42
"3244","User #25319","Timepoint 44",7.58683115243912,70,42
"3245","User #25319","Timepoint 45",7.58003854751587,70,42
"3246","User #25319","Timepoint 46",7.53582733869553,70,42
"3247","User #25319","Timepoint 47",7.57192307710648,70,42
"3248","User #25319","Timepoint 48",7.63322603702545,70,42
"3249","User #25319","Timepoint 49",7.45798498392105,70,42
"3250","User #25319","Timepoint 50",7.46691638231277,70,42
"3251","User #25319","Timepoint 51",7.44927299022675,70,42
"3252","User #25319","Timepoint 52",7.47496059536934,70,42
"3253","User #25319","Timepoint 53",7.48271110653877,70,42
"3254","User #25319","Timepoint 54",7.43421703577042,70,42
"3255","User #25319","Timepoint 55",7.48635685443878,70,42
"3256","User #25319","Timepoint 56",7.52877402305603,70,42
"3257","User #25319","Timepoint 57",7.43255621194839,70,42
"3258","User #25319","Timepoint 58",7.43978127837181,70,42
"3259","User #25319","Timepoint 59",7.42578291893005,70,42
"3260","User #25319","Timepoint 60",7.44767779111862,70,42
"3261","User #25319","Timepoint 61",7.44828057289124,70,42
"3262","User #25319","Timepoint 62",7.41091015934944,70,42
"3263","User #25319","Timepoint 63",7.46903997659683,70,42
"3264","User #25319","Timepoint 64",7.4977068901062,70,42
"3265","User #25323","Timepoint 1",0,70,42
"3266","User #25323","Timepoint 2",0,70,42
"3267","User #25323","Timepoint 3",0,70,42
"3268","User #25323","Timepoint 4",0,70,42
"3269","User #25323","Timepoint 5",0,70,42
"3270","User #25323","Timepoint 6",0,70,42
"3271","User #25323","Timepoint 7",0,70,42
"3272","User #25323","Timepoint 8",0,70,42
"3273","User #25323","Timepoint 9",0,70,42
"3274","User #25323","Timepoint 10",0,70,42
"3275","User #25323","Timepoint 11",0,70,42
"3276","User #25323","Timepoint 12",0,70,42
"3277","User #25323","Timepoint 13",0,70,42
"3278","User #25323","Timepoint 14",0,70,42
"3279","User #25323","Timepoint 15",0,70,42
"3280","User #25323","Timepoint 16",0,70,42
"3281","User #25323","Timepoint 17",NA,70,42
"3282","User #25323","Timepoint 18",NA,70,42
"3283","User #25323","Timepoint 19",NA,70,42
"3284","User #25323","Timepoint 20",NA,70,42
"3285","User #25323","Timepoint 21",NA,70,42
"3286","User #25323","Timepoint 22",NA,70,42
"3287","User #25323","Timepoint 23",NA,70,42
"3288","User #25323","Timepoint 24",NA,70,42
"3289","User #25323","Timepoint 25",NA,70,42
"3290","User #25323","Timepoint 26",NA,70,42
"3291","User #25323","Timepoint 27",NA,70,42
"3292","User #25323","Timepoint 28",NA,70,42
"3293","User #25323","Timepoint 29",NA,70,42
"3294","User #25323","Timepoint 30",NA,70,42
"3295","User #25323","Timepoint 31",NA,70,42
"3296","User #25323","Timepoint 32",NA,70,42
"3297","User #25323","Timepoint 33",NA,70,42
"3298","User #25323","Timepoint 34",NA,70,42
"3299","User #25323","Timepoint 35",NA,70,42
"3300","User #25323","Timepoint 36",NA,70,42
"3301","User #25323","Timepoint 37",NA,70,42
"3302","User #25323","Timepoint 38",NA,70,42
"3303","User #25323","Timepoint 39",NA,70,42
"3304","User #25323","Timepoint 40",NA,70,42
"3305","User #25323","Timepoint 41",7.93875133991241,70,42
"3306","User #25323","Timepoint 42",7.93642944097519,70,42
"3307","User #25323","Timepoint 43",7.92905461788177,70,42
"3308","User #25323","Timepoint 44",7.93891656398773,70,42
"3309","User #25323","Timepoint 45",7.93252378702164,70,42
"3310","User #25323","Timepoint 46",7.91182953119278,70,42
"3311","User #25323","Timepoint 47",7.95419502258301,70,42
"3312","User #25323","Timepoint 48",7.97239696979523,70,42
"3313","User #25323","Timepoint 49",7.22112187743187,70,42
"3314","User #25323","Timepoint 50",7.21729302406311,70,42
"3315","User #25323","Timepoint 51",7.20604312419891,70,42
"3316","User #25323","Timepoint 52",7.21164670586586,70,42
"3317","User #25323","Timepoint 53",7.21211689710617,70,42
"3318","User #25323","Timepoint 54",7.17921522259712,70,42
"3319","User #25323","Timepoint 55",7.24456402659416,70,42
"3320","User #25323","Timepoint 56",7.25508624315262,70,42
"3321","User #25323","Timepoint 57",7.20733541250229,70,42
"3322","User #25323","Timepoint 58",7.19927027821541,70,42
"3323","User #25323","Timepoint 59",7.19106137752533,70,42
"3324","User #25323","Timepoint 60",7.194016456604,70,42
"3325","User #25323","Timepoint 61",7.19579100608826,70,42
"3326","User #25323","Timepoint 62",7.16936793923378,70,42
"3327","User #25323","Timepoint 63",7.23194199800491,70,42
"3328","User #25323","Timepoint 64",7.23821675777435,70,42
"3329","User #25390","Timepoint 1",0,70,42
"3330","User #25390","Timepoint 2",0,70,42
"3331","User #25390","Timepoint 3",0,70,42
"3332","User #25390","Timepoint 4",0,70,42
"3333","User #25390","Timepoint 5",0,70,42
"3334","User #25390","Timepoint 6",0,70,42
"3335","User #25390","Timepoint 7",0,70,42
"3336","User #25390","Timepoint 8",0,70,42
"3337","User #25390","Timepoint 9",0,70,42
"3338","User #25390","Timepoint 10",0,70,42
"3339","User #25390","Timepoint 11",0,70,42
"3340","User #25390","Timepoint 12",0,70,42
"3341","User #25390","Timepoint 13",0,70,42
"3342","User #25390","Timepoint 14",0,70,42
"3343","User #25390","Timepoint 15",0,70,42
"3344","User #25390","Timepoint 16",0,70,42
"3345","User #25390","Timepoint 17",NA,70,42
"3346","User #25390","Timepoint 18",NA,70,42
"3347","User #25390","Timepoint 19",NA,70,42
"3348","User #25390","Timepoint 20",NA,70,42
"3349","User #25390","Timepoint 21",NA,70,42
"3350","User #25390","Timepoint 22",NA,70,42
"3351","User #25390","Timepoint 23",NA,70,42
"3352","User #25390","Timepoint 24",NA,70,42
"3353","User #25390","Timepoint 25",NA,70,42
"3354","User #25390","Timepoint 26",NA,70,42
"3355","User #25390","Timepoint 27",NA,70,42
"3356","User #25390","Timepoint 28",NA,70,42
"3357","User #25390","Timepoint 29",NA,70,42
"3358","User #25390","Timepoint 30",NA,70,42
"3359","User #25390","Timepoint 31",NA,70,42
"3360","User #25390","Timepoint 32",NA,70,42
"3361","User #25390","Timepoint 33",NA,70,42
"3362","User #25390","Timepoint 34",NA,70,42
"3363","User #25390","Timepoint 35",NA,70,42
"3364","User #25390","Timepoint 36",NA,70,42
"3365","User #25390","Timepoint 37",NA,70,42
"3366","User #25390","Timepoint 38",NA,70,42
"3367","User #25390","Timepoint 39",NA,70,42
"3368","User #25390","Timepoint 40",NA,70,42
"3369","User #25390","Timepoint 41",8.48719400167465,70,42
"3370","User #25390","Timepoint 42",8.48301541805267,70,42
"3371","User #25390","Timepoint 43",8.43799509108067,70,42
"3372","User #25390","Timepoint 44",8.42439278960228,70,42
"3373","User #25390","Timepoint 45",8.47574399411678,70,42
"3374","User #25390","Timepoint 46",8.40328249335289,70,42
"3375","User #25390","Timepoint 47",8.43709929287434,70,42
"3376","User #25390","Timepoint 48",8.50101535022259,70,42
"3377","User #25390","Timepoint 49",6.7996237128973,70,42
"3378","User #25390","Timepoint 50",6.81857204437256,70,42
"3379","User #25390","Timepoint 51",6.79190927743912,70,42
"3380","User #25390","Timepoint 52",6.72062984108925,70,42
"3381","User #25390","Timepoint 53",6.84026065468788,70,42
"3382","User #25390","Timepoint 54",6.74037224054337,70,42
"3383","User #25390","Timepoint 55",6.76624992489815,70,42
"3384","User #25390","Timepoint 56",6.83003312349319,70,42
"3385","User #25390","Timepoint 57",6.92624664306641,70,42
"3386","User #25390","Timepoint 58",6.89323616027832,70,42
"3387","User #25390","Timepoint 59",6.81202879548073,70,42
"3388","User #25390","Timepoint 60",6.83884324133396,70,42
"3389","User #25390","Timepoint 61",6.86364763975143,70,42
"3390","User #25390","Timepoint 62",6.77518489956856,70,42
"3391","User #25390","Timepoint 63",6.81871755421162,70,42
"3392","User #25390","Timepoint 64",6.92043966054916,70,42
"3393","User #25325","Timepoint 1",0,70,42
"3394","User #25325","Timepoint 2",0,70,42
"3395","User #25325","Timepoint 3",0,70,42
"3396","User #25325","Timepoint 4",0,70,42
"3397","User #25325","Timepoint 5",0,70,42
"3398","User #25325","Timepoint 6",0,70,42
"3399","User #25325","Timepoint 7",0,70,42
"3400","User #25325","Timepoint 8",0,70,42
"3401","User #25325","Timepoint 9",0,70,42
"3402","User #25325","Timepoint 10",0,70,42
"3403","User #25325","Timepoint 11",0,70,42
"3404","User #25325","Timepoint 12",0,70,42
"3405","User #25325","Timepoint 13",0,70,42
"3406","User #25325","Timepoint 14",0,70,42
"3407","User #25325","Timepoint 15",0,70,42
"3408","User #25325","Timepoint 16",0,70,42
"3409","User #25325","Timepoint 17",NA,70,42
"3410","User #25325","Timepoint 18",NA,70,42
"3411","User #25325","Timepoint 19",NA,70,42
"3412","User #25325","Timepoint 20",NA,70,42
"3413","User #25325","Timepoint 21",NA,70,42
"3414","User #25325","Timepoint 22",NA,70,42
"3415","User #25325","Timepoint 23",NA,70,42
"3416","User #25325","Timepoint 24",NA,70,42
"3417","User #25325","Timepoint 25",NA,70,42
"3418","User #25325","Timepoint 26",NA,70,42
"3419","User #25325","Timepoint 27",NA,70,42
"3420","User #25325","Timepoint 28",NA,70,42
"3421","User #25325","Timepoint 29",NA,70,42
"3422","User #25325","Timepoint 30",NA,70,42
"3423","User #25325","Timepoint 31",NA,70,42
"3424","User #25325","Timepoint 32",NA,70,42
"3425","User #25325","Timepoint 33",NA,70,42
"3426","User #25325","Timepoint 34",NA,70,42
"3427","User #25325","Timepoint 35",NA,70,42
"3428","User #25325","Timepoint 36",NA,70,42
"3429","User #25325","Timepoint 37",NA,70,42
"3430","User #25325","Timepoint 38",NA,70,42
"3431","User #25325","Timepoint 39",NA,70,42
"3432","User #25325","Timepoint 40",NA,70,42
"3433","User #25325","Timepoint 41",6.60948097705841,70,42
"3434","User #25325","Timepoint 42",6.61792331933975,70,42
"3435","User #25325","Timepoint 43",6.60466188192368,70,42
"3436","User #25325","Timepoint 44",6.61618155241013,70,42
"3437","User #25325","Timepoint 45",6.63827776908875,70,42
"3438","User #25325","Timepoint 46",6.59971731901169,70,42
"3439","User #25325","Timepoint 47",6.59718871116638,70,42
"3440","User #25325","Timepoint 48",6.65438663959503,70,42
"3441","User #25325","Timepoint 49",7.59620207548141,70,42
"3442","User #25325","Timepoint 50",7.60670131444931,70,42
"3443","User #25325","Timepoint 51",7.5891324877739,70,42
"3444","User #25325","Timepoint 52",7.60449796915054,70,42
"3445","User #25325","Timepoint 53",7.6485493183136,70,42
"3446","User #25325","Timepoint 54",7.56303262710571,70,42
"3447","User #25325","Timepoint 55",7.60682058334351,70,42
"3448","User #25325","Timepoint 56",7.67323869466782,70,42
"3449","User #25325","Timepoint 57",7.63428032398224,70,42
"3450","User #25325","Timepoint 58",7.64796388149261,70,42
"3451","User #25325","Timepoint 59",7.62607079744339,70,42
"3452","User #25325","Timepoint 60",7.64818578958511,70,42
"3453","User #25325","Timepoint 61",7.69564443826675,70,42
"3454","User #25325","Timepoint 62",7.61029028892517,70,42
"3455","User #25325","Timepoint 63",7.63859367370605,70,42
"3456","User #25325","Timepoint 64",7.72853761911392,70,42
"3457","User #25328","Timepoint 1",0,70,42
"3458","User #25328","Timepoint 2",0,70,42
"3459","User #25328","Timepoint 3",0,70,42
"3460","User #25328","Timepoint 4",0,70,42
"3461","User #25328","Timepoint 5",0,70,42
"3462","User #25328","Timepoint 6",0,70,42
"3463","User #25328","Timepoint 7",0,70,42
"3464","User #25328","Timepoint 8",0,70,42
"3465","User #25328","Timepoint 9",0,70,42
"3466","User #25328","Timepoint 10",0,70,42
"3467","User #25328","Timepoint 11",0,70,42
"3468","User #25328","Timepoint 12",0,70,42
"3469","User #25328","Timepoint 13",0,70,42
"3470","User #25328","Timepoint 14",0,70,42
"3471","User #25328","Timepoint 15",0,70,42
"3472","User #25328","Timepoint 16",0,70,42
"3473","User #25328","Timepoint 17",NA,70,42
"3474","User #25328","Timepoint 18",NA,70,42
"3475","User #25328","Timepoint 19",NA,70,42
"3476","User #25328","Timepoint 20",NA,70,42
"3477","User #25328","Timepoint 21",NA,70,42
"3478","User #25328","Timepoint 22",NA,70,42
"3479","User #25328","Timepoint 23",NA,70,42
"3480","User #25328","Timepoint 24",NA,70,42
"3481","User #25328","Timepoint 25",NA,70,42
"3482","User #25328","Timepoint 26",NA,70,42
"3483","User #25328","Timepoint 27",NA,70,42
"3484","User #25328","Timepoint 28",NA,70,42
"3485","User #25328","Timepoint 29",NA,70,42
"3486","User #25328","Timepoint 30",NA,70,42
"3487","User #25328","Timepoint 31",NA,70,42
"3488","User #25328","Timepoint 32",NA,70,42
"3489","User #25328","Timepoint 33",NA,70,42
"3490","User #25328","Timepoint 34",NA,70,42
"3491","User #25328","Timepoint 35",NA,70,42
"3492","User #25328","Timepoint 36",NA,70,42
"3493","User #25328","Timepoint 37",NA,70,42
"3494","User #25328","Timepoint 38",NA,70,42
"3495","User #25328","Timepoint 39",NA,70,42
"3496","User #25328","Timepoint 40",NA,70,42
"3497","User #25328","Timepoint 41",8.52177673578262,70,42
"3498","User #25328","Timepoint 42",8.52527314424515,70,42
"3499","User #25328","Timepoint 43",8.52423214912415,70,42
"3500","User #25328","Timepoint 44",8.50773173570633,70,42
"3501","User #25328","Timepoint 45",8.52853167057037,70,42
"3502","User #25328","Timepoint 46",8.50708216428757,70,42
"3503","User #25328","Timepoint 47",8.52934062480927,70,42
"3504","User #25328","Timepoint 48",8.53709673881531,70,42
"3505","User #25328","Timepoint 49",8.83102944493294,70,42
"3506","User #25328","Timepoint 50",8.83109614253044,70,42
"3507","User #25328","Timepoint 51",8.82622891664505,70,42
"3508","User #25328","Timepoint 52",8.81005144119263,70,42
"3509","User #25328","Timepoint 53",8.83333086967468,70,42
"3510","User #25328","Timepoint 54",8.8032688498497,70,42
"3511","User #25328","Timepoint 55",8.84161719679832,70,42
"3512","User #25328","Timepoint 56",8.8526822924614,70,42
"3513","User #25328","Timepoint 57",8.82526645064354,70,42
"3514","User #25328","Timepoint 58",8.82574880123138,70,42
"3515","User #25328","Timepoint 59",8.82100522518158,70,42
"3516","User #25328","Timepoint 60",8.80449765920639,70,42
"3517","User #25328","Timepoint 61",8.82741767168045,70,42
"3518","User #25328","Timepoint 62",8.79731407761574,70,42
"3519","User #25328","Timepoint 63",8.83519992232323,70,42
"3520","User #25328","Timepoint 64",8.84700351953506,70,42
"3521","User #25342","Timepoint 1",0,70,42
"3522","User #25342","Timepoint 2",0,70,42
"3523","User #25342","Timepoint 3",0,70,42
"3524","User #25342","Timepoint 4",0,70,42
"3525","User #25342","Timepoint 5",0,70,42
"3526","User #25342","Timepoint 6",0,70,42
"3527","User #25342","Timepoint 7",0,70,42
"3528","User #25342","Timepoint 8",0,70,42
"3529","User #25342","Timepoint 9",0,70,42
"3530","User #25342","Timepoint 10",0,70,42
"3531","User #25342","Timepoint 11",0,70,42
"3532","User #25342","Timepoint 12",0,70,42
"3533","User #25342","Timepoint 13",0,70,42
"3534","User #25342","Timepoint 14",0,70,42
"3535","User #25342","Timepoint 15",0,70,42
"3536","User #25342","Timepoint 16",0,70,42
"3537","User #25342","Timepoint 17",NA,70,42
"3538","User #25342","Timepoint 18",NA,70,42
"3539","User #25342","Timepoint 19",NA,70,42
"3540","User #25342","Timepoint 20",NA,70,42
"3541","User #25342","Timepoint 21",NA,70,42
"3542","User #25342","Timepoint 22",NA,70,42
"3543","User #25342","Timepoint 23",NA,70,42
"3544","User #25342","Timepoint 24",NA,70,42
"3545","User #25342","Timepoint 25",NA,70,42
"3546","User #25342","Timepoint 26",NA,70,42
"3547","User #25342","Timepoint 27",NA,70,42
"3548","User #25342","Timepoint 28",NA,70,42
"3549","User #25342","Timepoint 29",NA,70,42
"3550","User #25342","Timepoint 30",NA,70,42
"3551","User #25342","Timepoint 31",NA,70,42
"3552","User #25342","Timepoint 32",NA,70,42
"3553","User #25342","Timepoint 33",NA,70,42
"3554","User #25342","Timepoint 34",NA,70,42
"3555","User #25342","Timepoint 35",NA,70,42
"3556","User #25342","Timepoint 36",NA,70,42
"3557","User #25342","Timepoint 37",NA,70,42
"3558","User #25342","Timepoint 38",NA,70,42
"3559","User #25342","Timepoint 39",NA,70,42
"3560","User #25342","Timepoint 40",NA,70,42
"3561","User #25342","Timepoint 41",6.03953397274017,70,42
"3562","User #25342","Timepoint 42",6.04550921916962,70,42
"3563","User #25342","Timepoint 43",6.03460204601288,70,42
"3564","User #25342","Timepoint 44",6.05795431137085,70,42
"3565","User #25342","Timepoint 45",6.05844283103943,70,42
"3566","User #25342","Timepoint 46",6.02563202381134,70,42
"3567","User #25342","Timepoint 47",6.05211102962494,70,42
"3568","User #25342","Timepoint 48",6.09329319000244,70,42
"3569","User #25342","Timepoint 49",6.54698210954666,70,42
"3570","User #25342","Timepoint 50",6.55118870735168,70,42
"3571","User #25342","Timepoint 51",6.53816193342209,70,42
"3572","User #25342","Timepoint 52",6.55371534824371,70,42
"3573","User #25342","Timepoint 53",6.56485152244568,70,42
"3574","User #25342","Timepoint 54",6.50843411684036,70,42
"3575","User #25342","Timepoint 55",6.56701999902725,70,42
"3576","User #25342","Timepoint 56",6.60574930906296,70,42
"3577","User #25342","Timepoint 57",6.60721862316132,70,42
"3578","User #25342","Timepoint 58",6.62241512537003,70,42
"3579","User #25342","Timepoint 59",6.5954903960228,70,42
"3580","User #25342","Timepoint 60",6.61957591772079,70,42
"3581","User #25342","Timepoint 61",6.64290452003479,70,42
"3582","User #25342","Timepoint 62",6.57078331708908,70,42
"3583","User #25342","Timepoint 63",6.60805994272232,70,42
"3584","User #25342","Timepoint 64",6.68969994783401,70,42
"3585","User #25349","Timepoint 1",0,70,42
"3586","User #25349","Timepoint 2",0,70,42
"3587","User #25349","Timepoint 3",0,70,42
"3588","User #25349","Timepoint 4",0,70,42
"3589","User #25349","Timepoint 5",0,70,42
"3590","User #25349","Timepoint 6",0,70,42
"3591","User #25349","Timepoint 7",0,70,42
"3592","User #25349","Timepoint 8",0,70,42
"3593","User #25349","Timepoint 9",0,70,42
"3594","User #25349","Timepoint 10",0,70,42
"3595","User #25349","Timepoint 11",0,70,42
"3596","User #25349","Timepoint 12",0,70,42
"3597","User #25349","Timepoint 13",0,70,42
"3598","User #25349","Timepoint 14",0,70,42
"3599","User #25349","Timepoint 15",0,70,42
"3600","User #25349","Timepoint 16",0,70,42
"3601","User #25349","Timepoint 17",NA,70,42
"3602","User #25349","Timepoint 18",NA,70,42
"3603","User #25349","Timepoint 19",NA,70,42
"3604","User #25349","Timepoint 20",NA,70,42
"3605","User #25349","Timepoint 21",NA,70,42
"3606","User #25349","Timepoint 22",NA,70,42
"3607","User #25349","Timepoint 23",NA,70,42
"3608","User #25349","Timepoint 24",NA,70,42
"3609","User #25349","Timepoint 25",NA,70,42
"3610","User #25349","Timepoint 26",NA,70,42
"3611","User #25349","Timepoint 27",NA,70,42
"3612","User #25349","Timepoint 28",NA,70,42
"3613","User #25349","Timepoint 29",NA,70,42
"3614","User #25349","Timepoint 30",NA,70,42
"3615","User #25349","Timepoint 31",NA,70,42
"3616","User #25349","Timepoint 32",NA,70,42
"3617","User #25349","Timepoint 33",NA,70,42
"3618","User #25349","Timepoint 34",NA,70,42
"3619","User #25349","Timepoint 35",NA,70,42
"3620","User #25349","Timepoint 36",NA,70,42
"3621","User #25349","Timepoint 37",NA,70,42
"3622","User #25349","Timepoint 38",NA,70,42
"3623","User #25349","Timepoint 39",NA,70,42
"3624","User #25349","Timepoint 40",NA,70,42
"3625","User #25349","Timepoint 41",7.76671946048737,70,42
"3626","User #25349","Timepoint 42",7.76993232965469,70,42
"3627","User #25349","Timepoint 43",7.76021111011505,70,42
"3628","User #25349","Timepoint 44",7.76699995994568,70,42
"3629","User #25349","Timepoint 45",7.76896399259567,70,42
"3630","User #25349","Timepoint 46",7.75035417079926,70,42
"3631","User #25349","Timepoint 47",7.79063296318054,70,42
"3632","User #25349","Timepoint 48",7.79320299625397,70,42
"3633","User #25349","Timepoint 49",8.14153742790222,70,42
"3634","User #25349","Timepoint 50",8.13673564791679,70,42
"3635","User #25349","Timepoint 51",8.12317055463791,70,42
"3636","User #25349","Timepoint 52",8.12880954146385,70,42
"3637","User #25349","Timepoint 53",8.1236364543438,70,42
"3638","User #25349","Timepoint 54",8.09986457228661,70,42
"3639","User #25349","Timepoint 55",8.16653901338577,70,42
"3640","User #25349","Timepoint 56",8.16978627443314,70,42
"3641","User #25349","Timepoint 57",8.16094839572906,70,42
"3642","User #25349","Timepoint 58",8.16035571694374,70,42
"3643","User #25349","Timepoint 59",8.14389401674271,70,42
"3644","User #25349","Timepoint 60",8.15209719538689,70,42
"3645","User #25349","Timepoint 61",8.1570825278759,70,42
"3646","User #25349","Timepoint 62",8.1268964111805,70,42
"3647","User #25349","Timepoint 63",8.18780606985092,70,42
"3648","User #25349","Timepoint 64",8.1935361623764,70,42
"3649","User #25353","Timepoint 1",0,70,42
"3650","User #25353","Timepoint 2",0,70,42
"3651","User #25353","Timepoint 3",0,70,42
"3652","User #25353","Timepoint 4",0,70,42
"3653","User #25353","Timepoint 5",0,70,42
"3654","User #25353","Timepoint 6",0,70,42
"3655","User #25353","Timepoint 7",0,70,42
"3656","User #25353","Timepoint 8",0,70,42
"3657","User #25353","Timepoint 9",0,70,42
"3658","User #25353","Timepoint 10",0,70,42
"3659","User #25353","Timepoint 11",0,70,42
"3660","User #25353","Timepoint 12",0,70,42
"3661","User #25353","Timepoint 13",0,70,42
"3662","User #25353","Timepoint 14",0,70,42
"3663","User #25353","Timepoint 15",0,70,42
"3664","User #25353","Timepoint 16",0,70,42
"3665","User #25353","Timepoint 17",NA,70,42
"3666","User #25353","Timepoint 18",NA,70,42
"3667","User #25353","Timepoint 19",NA,70,42
"3668","User #25353","Timepoint 20",NA,70,42
"3669","User #25353","Timepoint 21",NA,70,42
"3670","User #25353","Timepoint 22",NA,70,42
"3671","User #25353","Timepoint 23",NA,70,42
"3672","User #25353","Timepoint 24",NA,70,42
"3673","User #25353","Timepoint 25",NA,70,42
"3674","User #25353","Timepoint 26",NA,70,42
"3675","User #25353","Timepoint 27",NA,70,42
"3676","User #25353","Timepoint 28",NA,70,42
"3677","User #25353","Timepoint 29",NA,70,42
"3678","User #25353","Timepoint 30",NA,70,42
"3679","User #25353","Timepoint 31",NA,70,42
"3680","User #25353","Timepoint 32",NA,70,42
"3681","User #25353","Timepoint 33",NA,70,42
"3682","User #25353","Timepoint 34",NA,70,42
"3683","User #25353","Timepoint 35",NA,70,42
"3684","User #25353","Timepoint 36",NA,70,42
"3685","User #25353","Timepoint 37",NA,70,42
"3686","User #25353","Timepoint 38",NA,70,42
"3687","User #25353","Timepoint 39",NA,70,42
"3688","User #25353","Timepoint 40",NA,70,42
"3689","User #25353","Timepoint 41",6.46234714984894,70,42
"3690","User #25353","Timepoint 42",6.46944954991341,70,42
"3691","User #25353","Timepoint 43",6.45492297410965,70,42
"3692","User #25353","Timepoint 44",6.49830323457718,70,42
"3693","User #25353","Timepoint 45",6.49357163906097,70,42
"3694","User #25353","Timepoint 46",6.4718434214592,70,42
"3695","User #25353","Timepoint 47",6.51117998361588,70,42
"3696","User #25353","Timepoint 48",6.53646570444107,70,42
"3697","User #25353","Timepoint 49",6.35536938905716,70,42
"3698","User #25353","Timepoint 50",6.36077180504799,70,42
"3699","User #25353","Timepoint 51",6.3421630859375,70,42
"3700","User #25353","Timepoint 52",6.37626039981842,70,42
"3701","User #25353","Timepoint 53",6.37476229667664,70,42
"3702","User #25353","Timepoint 54",6.34922543168068,70,42
"3703","User #25353","Timepoint 55",6.40253889560699,70,42
"3704","User #25353","Timepoint 56",6.41326647996902,70,42
"3705","User #25353","Timepoint 57",6.30010032653809,70,42
"3706","User #25353","Timepoint 58",6.30042201280594,70,42
"3707","User #25353","Timepoint 59",6.28536838293076,70,42
"3708","User #25353","Timepoint 60",6.30741131305695,70,42
"3709","User #25353","Timepoint 61",6.31558883190155,70,42
"3710","User #25353","Timepoint 62",6.28973287343979,70,42
"3711","User #25353","Timepoint 63",6.34071809053421,70,42
"3712","User #25353","Timepoint 64",6.3436096906662,70,42
"3713","User #25343","Timepoint 1",0,70,42
"3714","User #25343","Timepoint 2",0,70,42
"3715","User #25343","Timepoint 3",0,70,42
"3716","User #25343","Timepoint 4",0,70,42
"3717","User #25343","Timepoint 5",0,70,42
"3718","User #25343","Timepoint 6",0,70,42
"3719","User #25343","Timepoint 7",0,70,42
"3720","User #25343","Timepoint 8",0,70,42
"3721","User #25343","Timepoint 9",0,70,42
"3722","User #25343","Timepoint 10",0,70,42
"3723","User #25343","Timepoint 11",0,70,42
"3724","User #25343","Timepoint 12",0,70,42
"3725","User #25343","Timepoint 13",0,70,42
"3726","User #25343","Timepoint 14",0,70,42
"3727","User #25343","Timepoint 15",0,70,42
"3728","User #25343","Timepoint 16",0,70,42
"3729","User #25343","Timepoint 17",NA,70,42
"3730","User #25343","Timepoint 18",NA,70,42
"3731","User #25343","Timepoint 19",NA,70,42
"3732","User #25343","Timepoint 20",NA,70,42
"3733","User #25343","Timepoint 21",NA,70,42
"3734","User #25343","Timepoint 22",NA,70,42
"3735","User #25343","Timepoint 23",NA,70,42
"3736","User #25343","Timepoint 24",NA,70,42
"3737","User #25343","Timepoint 25",NA,70,42
"3738","User #25343","Timepoint 26",NA,70,42
"3739","User #25343","Timepoint 27",NA,70,42
"3740","User #25343","Timepoint 28",NA,70,42
"3741","User #25343","Timepoint 29",NA,70,42
"3742","User #25343","Timepoint 30",NA,70,42
"3743","User #25343","Timepoint 31",NA,70,42
"3744","User #25343","Timepoint 32",NA,70,42
"3745","User #25343","Timepoint 33",NA,70,42
"3746","User #25343","Timepoint 34",NA,70,42
"3747","User #25343","Timepoint 35",NA,70,42
"3748","User #25343","Timepoint 36",NA,70,42
"3749","User #25343","Timepoint 37",NA,70,42
"3750","User #25343","Timepoint 38",NA,70,42
"3751","User #25343","Timepoint 39",NA,70,42
"3752","User #25343","Timepoint 40",NA,70,42
"3753","User #25343","Timepoint 41",7.38592064380646,70,42
"3754","User #25343","Timepoint 42",7.37945267558098,70,42
"3755","User #25343","Timepoint 43",7.37052315473557,70,42
"3756","User #25343","Timepoint 44",7.3758357167244,70,42
"3757","User #25343","Timepoint 45",7.36898222565651,70,42
"3758","User #25343","Timepoint 46",7.33564352989197,70,42
"3759","User #25343","Timepoint 47",7.39762759208679,70,42
"3760","User #25343","Timepoint 48",7.43167644739151,70,42
"3761","User #25343","Timepoint 49",7.32071453332901,70,42
"3762","User #25343","Timepoint 50",7.31337288022041,70,42
"3763","User #25343","Timepoint 51",7.29402762651443,70,42
"3764","User #25343","Timepoint 52",7.30243429541588,70,42
"3765","User #25343","Timepoint 53",7.29622122645378,70,42
"3766","User #25343","Timepoint 54",7.26302281022072,70,42
"3767","User #25343","Timepoint 55",7.32928776741028,70,42
"3768","User #25343","Timepoint 56",7.35827922821045,70,42
"3769","User #25343","Timepoint 57",7.28024876117706,70,42
"3770","User #25343","Timepoint 58",7.27397015690804,70,42
"3771","User #25343","Timepoint 59",7.25851267576218,70,42
"3772","User #25343","Timepoint 60",7.26829612255096,70,42
"3773","User #25343","Timepoint 61",7.26182198524475,70,42
"3774","User #25343","Timepoint 62",7.22742149233818,70,42
"3775","User #25343","Timepoint 63",7.29535657167435,70,42
"3776","User #25343","Timepoint 64",7.31810277700424,70,42
"3777","User #25304","Timepoint 1",0,70,42
"3778","User #25304","Timepoint 2",0,70,42
"3779","User #25304","Timepoint 3",0,70,42
"3780","User #25304","Timepoint 4",0,70,42
"3781","User #25304","Timepoint 5",0,70,42
"3782","User #25304","Timepoint 6",0,70,42
"3783","User #25304","Timepoint 7",0,70,42
"3784","User #25304","Timepoint 8",0,70,42
"3785","User #25304","Timepoint 9",0,70,42
"3786","User #25304","Timepoint 10",0,70,42
"3787","User #25304","Timepoint 11",0,70,42
"3788","User #25304","Timepoint 12",0,70,42
"3789","User #25304","Timepoint 13",0,70,42
"3790","User #25304","Timepoint 14",0,70,42
"3791","User #25304","Timepoint 15",0,70,42
"3792","User #25304","Timepoint 16",0,70,42
"3793","User #25304","Timepoint 17",NA,70,42
"3794","User #25304","Timepoint 18",NA,70,42
"3795","User #25304","Timepoint 19",NA,70,42
"3796","User #25304","Timepoint 20",NA,70,42
"3797","User #25304","Timepoint 21",NA,70,42
"3798","User #25304","Timepoint 22",NA,70,42
"3799","User #25304","Timepoint 23",NA,70,42
"3800","User #25304","Timepoint 24",NA,70,42
"3801","User #25304","Timepoint 25",NA,70,42
"3802","User #25304","Timepoint 26",NA,70,42
"3803","User #25304","Timepoint 27",NA,70,42
"3804","User #25304","Timepoint 28",NA,70,42
"3805","User #25304","Timepoint 29",NA,70,42
"3806","User #25304","Timepoint 30",NA,70,42
"3807","User #25304","Timepoint 31",NA,70,42
"3808","User #25304","Timepoint 32",NA,70,42
"3809","User #25304","Timepoint 33",NA,70,42
"3810","User #25304","Timepoint 34",NA,70,42
"3811","User #25304","Timepoint 35",NA,70,42
"3812","User #25304","Timepoint 36",NA,70,42
"3813","User #25304","Timepoint 37",NA,70,42
"3814","User #25304","Timepoint 38",NA,70,42
"3815","User #25304","Timepoint 39",NA,70,42
"3816","User #25304","Timepoint 40",NA,70,42
"3817","User #25304","Timepoint 41",8.68048477172852,70,42
"3818","User #25304","Timepoint 42",8.68981868028641,70,42
"3819","User #25304","Timepoint 43",8.66912776231766,70,42
"3820","User #25304","Timepoint 44",8.69994509220123,70,42
"3821","User #25304","Timepoint 45",8.70853996276855,70,42
"3822","User #25304","Timepoint 46",8.64080220460892,70,42
"3823","User #25304","Timepoint 47",8.6733381152153,70,42
"3824","User #25304","Timepoint 48",8.77442806959152,70,42
"3825","User #25304","Timepoint 49",8.6245596408844,70,42
"3826","User #25304","Timepoint 50",8.63126176595688,70,42
"3827","User #25304","Timepoint 51",8.62810641527176,70,42
"3828","User #25304","Timepoint 52",8.66726845502853,70,42
"3829","User #25304","Timepoint 53",8.65854698419571,70,42
"3830","User #25304","Timepoint 54",8.61876106262207,70,42
"3831","User #25304","Timepoint 55",8.63851445913315,70,42
"3832","User #25304","Timepoint 56",8.73691183328629,70,42
"3833","User #25304","Timepoint 57",8.58781212568283,70,42
"3834","User #25304","Timepoint 58",8.59498542547226,70,42
"3835","User #25304","Timepoint 59",8.58602219820023,70,42
"3836","User #25304","Timepoint 60",8.61868649721146,70,42
"3837","User #25304","Timepoint 61",8.61615574359894,70,42
"3838","User #25304","Timepoint 62",8.57371228933334,70,42
"3839","User #25304","Timepoint 63",8.60798716545105,70,42
"3840","User #25304","Timepoint 64",8.68456780910492,70,42
"3841","User #25297","Timepoint 1",0,70,42
"3842","User #25297","Timepoint 2",0,70,42
"3843","User #25297","Timepoint 3",0,70,42
"3844","User #25297","Timepoint 4",0,70,42
"3845","User #25297","Timepoint 5",0,70,42
"3846","User #25297","Timepoint 6",0,70,42
"3847","User #25297","Timepoint 7",0,70,42
"3848","User #25297","Timepoint 8",0,70,42
"3849","User #25297","Timepoint 9",0,70,42
"3850","User #25297","Timepoint 10",0,70,42
"3851","User #25297","Timepoint 11",0,70,42
"3852","User #25297","Timepoint 12",0,70,42
"3853","User #25297","Timepoint 13",0,70,42
"3854","User #25297","Timepoint 14",0,70,42
"3855","User #25297","Timepoint 15",0,70,42
"3856","User #25297","Timepoint 16",0,70,42
"3857","User #25297","Timepoint 17",NA,70,42
"3858","User #25297","Timepoint 18",NA,70,42
"3859","User #25297","Timepoint 19",NA,70,42
"3860","User #25297","Timepoint 20",NA,70,42
"3861","User #25297","Timepoint 21",NA,70,42
"3862","User #25297","Timepoint 22",NA,70,42
"3863","User #25297","Timepoint 23",NA,70,42
"3864","User #25297","Timepoint 24",NA,70,42
"3865","User #25297","Timepoint 25",NA,70,42
"3866","User #25297","Timepoint 26",NA,70,42
"3867","User #25297","Timepoint 27",NA,70,42
"3868","User #25297","Timepoint 28",NA,70,42
"3869","User #25297","Timepoint 29",NA,70,42
"3870","User #25297","Timepoint 30",NA,70,42
"3871","User #25297","Timepoint 31",NA,70,42
"3872","User #25297","Timepoint 32",NA,70,42
"3873","User #25297","Timepoint 33",NA,70,42
"3874","User #25297","Timepoint 34",NA,70,42
"3875","User #25297","Timepoint 35",NA,70,42
"3876","User #25297","Timepoint 36",NA,70,42
"3877","User #25297","Timepoint 37",NA,70,42
"3878","User #25297","Timepoint 38",NA,70,42
"3879","User #25297","Timepoint 39",NA,70,42
"3880","User #25297","Timepoint 40",NA,70,42
"3881","User #25297","Timepoint 41",7.76671946048737,70,42
"3882","User #25297","Timepoint 42",7.76993232965469,70,42
"3883","User #25297","Timepoint 43",7.76021111011505,70,42
"3884","User #25297","Timepoint 44",7.76699995994568,70,42
"3885","User #25297","Timepoint 45",7.76896399259567,70,42
"3886","User #25297","Timepoint 46",7.75035417079926,70,42
"3887","User #25297","Timepoint 47",7.79063296318054,70,42
"3888","User #25297","Timepoint 48",7.79320299625397,70,42
"3889","User #25297","Timepoint 49",8.14153742790222,70,42
"3890","User #25297","Timepoint 50",8.13673564791679,70,42
"3891","User #25297","Timepoint 51",8.12317055463791,70,42
"3892","User #25297","Timepoint 52",8.12880954146385,70,42
"3893","User #25297","Timepoint 53",8.1236364543438,70,42
"3894","User #25297","Timepoint 54",8.09986457228661,70,42
"3895","User #25297","Timepoint 55",8.16653901338577,70,42
"3896","User #25297","Timepoint 56",8.16978627443314,70,42
"3897","User #25297","Timepoint 57",8.16094839572906,70,42
"3898","User #25297","Timepoint 58",8.16035571694374,70,42
"3899","User #25297","Timepoint 59",8.14389401674271,70,42
"3900","User #25297","Timepoint 60",8.15209719538689,70,42
"3901","User #25297","Timepoint 61",8.1570825278759,70,42
"3902","User #25297","Timepoint 62",8.1268964111805,70,42
"3903","User #25297","Timepoint 63",8.18780606985092,70,42
"3904","User #25297","Timepoint 64",8.1935361623764,70,42
"3905","User #25385","Timepoint 1",0,70,42
"3906","User #25385","Timepoint 2",0,70,42
"3907","User #25385","Timepoint 3",0,70,42
"3908","User #25385","Timepoint 4",0,70,42
"3909","User #25385","Timepoint 5",0,70,42
"3910","User #25385","Timepoint 6",0,70,42
"3911","User #25385","Timepoint 7",0,70,42
"3912","User #25385","Timepoint 8",0,70,42
"3913","User #25385","Timepoint 9",0,70,42
"3914","User #25385","Timepoint 10",0,70,42
"3915","User #25385","Timepoint 11",0,70,42
"3916","User #25385","Timepoint 12",0,70,42
"3917","User #25385","Timepoint 13",0,70,42
"3918","User #25385","Timepoint 14",0,70,42
"3919","User #25385","Timepoint 15",0,70,42
"3920","User #25385","Timepoint 16",0,70,42
"3921","User #25385","Timepoint 17",NA,70,42
"3922","User #25385","Timepoint 18",NA,70,42
"3923","User #25385","Timepoint 19",NA,70,42
"3924","User #25385","Timepoint 20",NA,70,42
"3925","User #25385","Timepoint 21",NA,70,42
"3926","User #25385","Timepoint 22",NA,70,42
"3927","User #25385","Timepoint 23",NA,70,42
"3928","User #25385","Timepoint 24",NA,70,42
"3929","User #25385","Timepoint 25",NA,70,42
"3930","User #25385","Timepoint 26",NA,70,42
"3931","User #25385","Timepoint 27",NA,70,42
"3932","User #25385","Timepoint 28",NA,70,42
"3933","User #25385","Timepoint 29",NA,70,42
"3934","User #25385","Timepoint 30",NA,70,42
"3935","User #25385","Timepoint 31",NA,70,42
"3936","User #25385","Timepoint 32",NA,70,42
"3937","User #25385","Timepoint 33",NA,70,42
"3938","User #25385","Timepoint 34",NA,70,42
"3939","User #25385","Timepoint 35",NA,70,42
"3940","User #25385","Timepoint 36",NA,70,42
"3941","User #25385","Timepoint 37",NA,70,42
"3942","User #25385","Timepoint 38",NA,70,42
"3943","User #25385","Timepoint 39",NA,70,42
"3944","User #25385","Timepoint 40",NA,70,42
"3945","User #25385","Timepoint 41",10.2922114133835,70,42
"3946","User #25385","Timepoint 42",10.2927543818951,70,42
"3947","User #25385","Timepoint 43",10.2825163006783,70,42
"3948","User #25385","Timepoint 44",10.2934984266758,70,42
"3949","User #25385","Timepoint 45",10.2853998541832,70,42
"3950","User #25385","Timepoint 46",10.2645518481731,70,42
"3951","User #25385","Timepoint 47",10.3308150172234,70,42
"3952","User #25385","Timepoint 48",10.3428363204002,70,42
"3953","User #25385","Timepoint 49",10.2149701416492,70,42
"3954","User #25385","Timepoint 50",10.216767758131,70,42
"3955","User #25385","Timepoint 51",10.2061337828636,70,42
"3956","User #25385","Timepoint 52",10.2130823135376,70,42
"3957","User #25385","Timepoint 53",10.2106369435787,70,42
"3958","User #25385","Timepoint 54",10.1897614896297,70,42
"3959","User #25385","Timepoint 55",10.2535175085068,70,42
"3960","User #25385","Timepoint 56",10.2600857019424,70,42
"3961","User #25385","Timepoint 57",10.1885022819042,70,42
"3962","User #25385","Timepoint 58",10.1908529698849,70,42
"3963","User #25385","Timepoint 59",10.1795781254768,70,42
"3964","User #25385","Timepoint 60",10.1866539716721,70,42
"3965","User #25385","Timepoint 61",10.184794574976,70,42
"3966","User #25385","Timepoint 62",10.1634989082813,70,42
"3967","User #25385","Timepoint 63",10.2256565093994,70,42
"3968","User #25385","Timepoint 64",10.2300181388855,70,42
"3969","User #25324","Timepoint 1",0,70,42
"3970","User #25324","Timepoint 2",0,70,42
"3971","User #25324","Timepoint 3",0,70,42
"3972","User #25324","Timepoint 4",0,70,42
"3973","User #25324","Timepoint 5",0,70,42
"3974","User #25324","Timepoint 6",0,70,42
"3975","User #25324","Timepoint 7",0,70,42
"3976","User #25324","Timepoint 8",0,70,42
"3977","User #25324","Timepoint 9",0,70,42
"3978","User #25324","Timepoint 10",0,70,42
"3979","User #25324","Timepoint 11",0,70,42
"3980","User #25324","Timepoint 12",0,70,42
"3981","User #25324","Timepoint 13",0,70,42
"3982","User #25324","Timepoint 14",0,70,42
"3983","User #25324","Timepoint 15",0,70,42
"3984","User #25324","Timepoint 16",0,70,42
"3985","User #25324","Timepoint 17",NA,70,42
"3986","User #25324","Timepoint 18",NA,70,42
"3987","User #25324","Timepoint 19",NA,70,42
"3988","User #25324","Timepoint 20",NA,70,42
"3989","User #25324","Timepoint 21",NA,70,42
"3990","User #25324","Timepoint 22",NA,70,42
"3991","User #25324","Timepoint 23",NA,70,42
"3992","User #25324","Timepoint 24",NA,70,42
"3993","User #25324","Timepoint 25",NA,70,42
"3994","User #25324","Timepoint 26",NA,70,42
"3995","User #25324","Timepoint 27",NA,70,42
"3996","User #25324","Timepoint 28",NA,70,42
"3997","User #25324","Timepoint 29",NA,70,42
"3998","User #25324","Timepoint 30",NA,70,42
"3999","User #25324","Timepoint 31",NA,70,42
"4000","User #25324","Timepoint 32",NA,70,42
"4001","User #25324","Timepoint 33",NA,70,42
"4002","User #25324","Timepoint 34",NA,70,42
"4003","User #25324","Timepoint 35",NA,70,42
"4004","User #25324","Timepoint 36",NA,70,42
"4005","User #25324","Timepoint 37",NA,70,42
"4006","User #25324","Timepoint 38",NA,70,42
"4007","User #25324","Timepoint 39",NA,70,42
"4008","User #25324","Timepoint 40",NA,70,42
"4009","User #25324","Timepoint 41",12.8573184013367,70,42
"4010","User #25324","Timepoint 42",12.8467254638672,70,42
"4011","User #25324","Timepoint 43",12.8223934173584,70,42
"4012","User #25324","Timepoint 44",12.807918548584,70,42
"4013","User #25324","Timepoint 45",12.8155925273895,70,42
"4014","User #25324","Timepoint 46",12.7606937885284,70,42
"4015","User #25324","Timepoint 47",12.925678730011,70,42
"4016","User #25324","Timepoint 48",12.9328546524048,70,42
"4017","User #25324","Timepoint 49",12.0123720467091,70,42
"4018","User #25324","Timepoint 50",11.9876023828983,70,42
"4019","User #25324","Timepoint 51",11.9675804972649,70,42
"4020","User #25324","Timepoint 52",11.9384613633156,70,42
"4021","User #25324","Timepoint 53",11.9427000582218,70,42
"4022","User #25324","Timepoint 54",11.8898811936378,70,42
"4023","User #25324","Timepoint 55",12.0480250418186,70,42
"4024","User #25324","Timepoint 56",12.0863036513329,70,42
"4025","User #25324","Timepoint 57",12.0400942862034,70,42
"4026","User #25324","Timepoint 58",12.0164870917797,70,42
"4027","User #25324","Timepoint 59",11.9973267316818,70,42
"4028","User #25324","Timepoint 60",11.9863975346088,70,42
"4029","User #25324","Timepoint 61",11.9768260717392,70,42
"4030","User #25324","Timepoint 62",11.9208601713181,70,42
"4031","User #25324","Timepoint 63",12.092124581337,70,42
"4032","User #25324","Timepoint 64",12.1084254384041,70,42
"4033","User #25304","Timepoint 1",0,70,42
"4034","User #25304","Timepoint 2",0,70,42
"4035","User #25304","Timepoint 3",0,70,42
"4036","User #25304","Timepoint 4",0,70,42
"4037","User #25304","Timepoint 5",0,70,42
"4038","User #25304","Timepoint 6",0,70,42
"4039","User #25304","Timepoint 7",0,70,42
"4040","User #25304","Timepoint 8",0,70,42
"4041","User #25304","Timepoint 9",0,70,42
"4042","User #25304","Timepoint 10",0,70,42
"4043","User #25304","Timepoint 11",0,70,42
"4044","User #25304","Timepoint 12",0,70,42
"4045","User #25304","Timepoint 13",0,70,42
"4046","User #25304","Timepoint 14",0,70,42
"4047","User #25304","Timepoint 15",0,70,42
"4048","User #25304","Timepoint 16",0,70,42
"4049","User #25304","Timepoint 17",NA,70,42
"4050","User #25304","Timepoint 18",NA,70,42
"4051","User #25304","Timepoint 19",NA,70,42
"4052","User #25304","Timepoint 20",NA,70,42
"4053","User #25304","Timepoint 21",NA,70,42
"4054","User #25304","Timepoint 22",NA,70,42
"4055","User #25304","Timepoint 23",NA,70,42
"4056","User #25304","Timepoint 24",NA,70,42
"4057","User #25304","Timepoint 25",NA,70,42
"4058","User #25304","Timepoint 26",NA,70,42
"4059","User #25304","Timepoint 27",NA,70,42
"4060","User #25304","Timepoint 28",NA,70,42
"4061","User #25304","Timepoint 29",NA,70,42
"4062","User #25304","Timepoint 30",NA,70,42
"4063","User #25304","Timepoint 31",NA,70,42
"4064","User #25304","Timepoint 32",NA,70,42
"4065","User #25304","Timepoint 33",NA,70,42
"4066","User #25304","Timepoint 34",NA,70,42
"4067","User #25304","Timepoint 35",NA,70,42
"4068","User #25304","Timepoint 36",NA,70,42
"4069","User #25304","Timepoint 37",NA,70,42
"4070","User #25304","Timepoint 38",NA,70,42
"4071","User #25304","Timepoint 39",NA,70,42
"4072","User #25304","Timepoint 40",NA,70,42
"4073","User #25304","Timepoint 41",8.14903804659843,70,42
"4074","User #25304","Timepoint 42",8.15371125936508,70,42
"4075","User #25304","Timepoint 43",8.14196318387985,70,42
"4076","User #25304","Timepoint 44",8.14858895540237,70,42
"4077","User #25304","Timepoint 45",8.16068831086159,70,42
"4078","User #25304","Timepoint 46",8.12983763217926,70,42
"4079","User #25304","Timepoint 47",8.18657690286636,70,42
"4080","User #25304","Timepoint 48",8.18661445379257,70,42
"4081","User #25304","Timepoint 49",8.14059686660767,70,42
"4082","User #25304","Timepoint 50",8.14235380291939,70,42
"4083","User #25304","Timepoint 51",8.13243240118027,70,42
"4084","User #25304","Timepoint 52",8.13823822140694,70,42
"4085","User #25304","Timepoint 53",8.14627608656883,70,42
"4086","User #25304","Timepoint 54",8.11851665377617,70,42
"4087","User #25304","Timepoint 55",8.17932850122452,70,42
"4088","User #25304","Timepoint 56",8.17306715250015,70,42
"4089","User #25304","Timepoint 57",8.14534339308739,70,42
"4090","User #25304","Timepoint 58",8.14524200558662,70,42
"4091","User #25304","Timepoint 59",8.13511729240417,70,42
"4092","User #25304","Timepoint 60",8.14138668775558,70,42
"4093","User #25304","Timepoint 61",8.14397493004799,70,42
"4094","User #25304","Timepoint 62",8.11890503764153,70,42
"4095","User #25304","Timepoint 63",8.18283879756927,70,42
"4096","User #25304","Timepoint 64",8.1773265004158,70,42
"4097","User #25386","Timepoint 1",0,70,42
"4098","User #25386","Timepoint 2",0,70,42
"4099","User #25386","Timepoint 3",0,70,42
"4100","User #25386","Timepoint 4",0,70,42
"4101","User #25386","Timepoint 5",0,70,42
"4102","User #25386","Timepoint 6",0,70,42
"4103","User #25386","Timepoint 7",0,70,42
"4104","User #25386","Timepoint 8",0,70,42
"4105","User #25386","Timepoint 9",0,70,42
"4106","User #25386","Timepoint 10",0,70,42
"4107","User #25386","Timepoint 11",0,70,42
"4108","User #25386","Timepoint 12",0,70,42
"4109","User #25386","Timepoint 13",0,70,42
"4110","User #25386","Timepoint 14",0,70,42
"4111","User #25386","Timepoint 15",0,70,42
"4112","User #25386","Timepoint 16",0,70,42
"4113","User #25386","Timepoint 17",NA,70,42
"4114","User #25386","Timepoint 18",NA,70,42
"4115","User #25386","Timepoint 19",NA,70,42
"4116","User #25386","Timepoint 20",NA,70,42
"4117","User #25386","Timepoint 21",NA,70,42
"4118","User #25386","Timepoint 22",NA,70,42
"4119","User #25386","Timepoint 23",NA,70,42
"4120","User #25386","Timepoint 24",NA,70,42
"4121","User #25386","Timepoint 25",NA,70,42
"4122","User #25386","Timepoint 26",NA,70,42
"4123","User #25386","Timepoint 27",NA,70,42
"4124","User #25386","Timepoint 28",NA,70,42
"4125","User #25386","Timepoint 29",NA,70,42
"4126","User #25386","Timepoint 30",NA,70,42
"4127","User #25386","Timepoint 31",NA,70,42
"4128","User #25386","Timepoint 32",NA,70,42
"4129","User #25386","Timepoint 33",NA,70,42
"4130","User #25386","Timepoint 34",NA,70,42
"4131","User #25386","Timepoint 35",NA,70,42
"4132","User #25386","Timepoint 36",NA,70,42
"4133","User #25386","Timepoint 37",NA,70,42
"4134","User #25386","Timepoint 38",NA,70,42
"4135","User #25386","Timepoint 39",NA,70,42
"4136","User #25386","Timepoint 40",NA,70,42
"4137","User #25386","Timepoint 41",9.30141818523407,70,42
"4138","User #25386","Timepoint 42",9.29197457432747,70,42
"4139","User #25386","Timepoint 43",9.27811276912689,70,42
"4140","User #25386","Timepoint 44",9.29058653116226,70,42
"4141","User #25386","Timepoint 45",9.28160560131073,70,42
"4142","User #25386","Timepoint 46",9.22707852721214,70,42
"4143","User #25386","Timepoint 47",9.3357829451561,70,42
"4144","User #25386","Timepoint 48",9.37749725580215,70,42
"4145","User #25386","Timepoint 49",9.12846148014069,70,42
"4146","User #25386","Timepoint 50",9.10862058401108,70,42
"4147","User #25386","Timepoint 51",9.0766042470932,70,42
"4148","User #25386","Timepoint 52",9.08628731966019,70,42
"4149","User #25386","Timepoint 53",9.07706052064896,70,42
"4150","User #25386","Timepoint 54",8.9813968539238,70,42
"4151","User #25386","Timepoint 55",9.21708077192307,70,42
"4152","User #25386","Timepoint 56",9.23864841461182,70,42
"4153","User #25386","Timepoint 57",9.07662808895111,70,42
"4154","User #25386","Timepoint 58",9.05204921960831,70,42
"4155","User #25386","Timepoint 59",9.02840614318848,70,42
"4156","User #25386","Timepoint 60",9.03170049190521,70,42
"4157","User #25386","Timepoint 61",9.02753680944443,70,42
"4158","User #25386","Timepoint 62",8.95728588104248,70,42
"4159","User #25386","Timepoint 63",9.16113317012787,70,42
"4160","User #25386","Timepoint 64",9.18341994285583,70,42
"4161","User #25319","Timepoint 1",0,70,42
"4162","User #25319","Timepoint 2",0,70,42
"4163","User #25319","Timepoint 3",0,70,42
"4164","User #25319","Timepoint 4",0,70,42
"4165","User #25319","Timepoint 5",0,70,42
"4166","User #25319","Timepoint 6",0,70,42
"4167","User #25319","Timepoint 7",0,70,42
"4168","User #25319","Timepoint 8",0,70,42
"4169","User #25319","Timepoint 9",0,70,42
"4170","User #25319","Timepoint 10",0,70,42
"4171","User #25319","Timepoint 11",0,70,42
"4172","User #25319","Timepoint 12",0,70,42
"4173","User #25319","Timepoint 13",0,70,42
"4174","User #25319","Timepoint 14",0,70,42
"4175","User #25319","Timepoint 15",0,70,42
"4176","User #25319","Timepoint 16",0,70,42
"4177","User #25319","Timepoint 17",NA,70,42
"4178","User #25319","Timepoint 18",NA,70,42
"4179","User #25319","Timepoint 19",NA,70,42
"4180","User #25319","Timepoint 20",NA,70,42
"4181","User #25319","Timepoint 21",NA,70,42
"4182","User #25319","Timepoint 22",NA,70,42
"4183","User #25319","Timepoint 23",NA,70,42
"4184","User #25319","Timepoint 24",NA,70,42
"4185","User #25319","Timepoint 25",NA,70,42
"4186","User #25319","Timepoint 26",NA,70,42
"4187","User #25319","Timepoint 27",NA,70,42
"4188","User #25319","Timepoint 28",NA,70,42
"4189","User #25319","Timepoint 29",NA,70,42
"4190","User #25319","Timepoint 30",NA,70,42
"4191","User #25319","Timepoint 31",NA,70,42
"4192","User #25319","Timepoint 32",NA,70,42
"4193","User #25319","Timepoint 33",NA,70,42
"4194","User #25319","Timepoint 34",NA,70,42
"4195","User #25319","Timepoint 35",NA,70,42
"4196","User #25319","Timepoint 36",NA,70,42
"4197","User #25319","Timepoint 37",NA,70,42
"4198","User #25319","Timepoint 38",NA,70,42
"4199","User #25319","Timepoint 39",NA,70,42
"4200","User #25319","Timepoint 40",NA,70,42
"4201","User #25319","Timepoint 41",10.2922114133835,70,42
"4202","User #25319","Timepoint 42",10.2927543818951,70,42
"4203","User #25319","Timepoint 43",10.2825163006783,70,42
"4204","User #25319","Timepoint 44",10.2934984266758,70,42
"4205","User #25319","Timepoint 45",10.2853998541832,70,42
"4206","User #25319","Timepoint 46",10.2645518481731,70,42
"4207","User #25319","Timepoint 47",10.3308150172234,70,42
"4208","User #25319","Timepoint 48",10.3428363204002,70,42
"4209","User #25319","Timepoint 49",10.2149701416492,70,42
"4210","User #25319","Timepoint 50",10.216767758131,70,42
"4211","User #25319","Timepoint 51",10.2061337828636,70,42
"4212","User #25319","Timepoint 52",10.2130823135376,70,42
"4213","User #25319","Timepoint 53",10.2106369435787,70,42
"4214","User #25319","Timepoint 54",10.1897614896297,70,42
"4215","User #25319","Timepoint 55",10.2535175085068,70,42
"4216","User #25319","Timepoint 56",10.2600857019424,70,42
"4217","User #25319","Timepoint 57",10.1885022819042,70,42
"4218","User #25319","Timepoint 58",10.1908529698849,70,42
"4219","User #25319","Timepoint 59",10.1795781254768,70,42
"4220","User #25319","Timepoint 60",10.1866539716721,70,42
"4221","User #25319","Timepoint 61",10.184794574976,70,42
"4222","User #25319","Timepoint 62",10.1634989082813,70,42
"4223","User #25319","Timepoint 63",10.2256565093994,70,42
"4224","User #25319","Timepoint 64",10.2300181388855,70,42
"4225","User #25318","Timepoint 1",0,70,42
"4226","User #25318","Timepoint 2",0,70,42
"4227","User #25318","Timepoint 3",0,70,42
"4228","User #25318","Timepoint 4",0,70,42
"4229","User #25318","Timepoint 5",0,70,42
"4230","User #25318","Timepoint 6",0,70,42
"4231","User #25318","Timepoint 7",0,70,42
"4232","User #25318","Timepoint 8",0,70,42
"4233","User #25318","Timepoint 9",0,70,42
"4234","User #25318","Timepoint 10",0,70,42
"4235","User #25318","Timepoint 11",0,70,42
"4236","User #25318","Timepoint 12",0,70,42
"4237","User #25318","Timepoint 13",0,70,42
"4238","User #25318","Timepoint 14",0,70,42
"4239","User #25318","Timepoint 15",0,70,42
"4240","User #25318","Timepoint 16",0,70,42
"4241","User #25318","Timepoint 17",NA,70,42
"4242","User #25318","Timepoint 18",NA,70,42
"4243","User #25318","Timepoint 19",NA,70,42
"4244","User #25318","Timepoint 20",NA,70,42
"4245","User #25318","Timepoint 21",NA,70,42
"4246","User #25318","Timepoint 22",NA,70,42
"4247","User #25318","Timepoint 23",NA,70,42
"4248","User #25318","Timepoint 24",NA,70,42
"4249","User #25318","Timepoint 25",NA,70,42
"4250","User #25318","Timepoint 26",NA,70,42
"4251","User #25318","Timepoint 27",NA,70,42
"4252","User #25318","Timepoint 28",NA,70,42
"4253","User #25318","Timepoint 29",NA,70,42
"4254","User #25318","Timepoint 30",NA,70,42
"4255","User #25318","Timepoint 31",NA,70,42
"4256","User #25318","Timepoint 32",NA,70,42
"4257","User #25318","Timepoint 33",NA,70,42
"4258","User #25318","Timepoint 34",NA,70,42
"4259","User #25318","Timepoint 35",NA,70,42
"4260","User #25318","Timepoint 36",NA,70,42
"4261","User #25318","Timepoint 37",NA,70,42
"4262","User #25318","Timepoint 38",NA,70,42
"4263","User #25318","Timepoint 39",NA,70,42
"4264","User #25318","Timepoint 40",NA,70,42
"4265","User #25318","Timepoint 41",7.38592064380646,70,42
"4266","User #25318","Timepoint 42",7.37945267558098,70,42
"4267","User #25318","Timepoint 43",7.37052315473557,70,42
"4268","User #25318","Timepoint 44",7.3758357167244,70,42
"4269","User #25318","Timepoint 45",7.36898222565651,70,42
"4270","User #25318","Timepoint 46",7.33564352989197,70,42
"4271","User #25318","Timepoint 47",7.39762759208679,70,42
"4272","User #25318","Timepoint 48",7.43167644739151,70,42
"4273","User #25318","Timepoint 49",7.32071453332901,70,42
"4274","User #25318","Timepoint 50",7.31337288022041,70,42
"4275","User #25318","Timepoint 51",7.29402762651443,70,42
"4276","User #25318","Timepoint 52",7.30243429541588,70,42
"4277","User #25318","Timepoint 53",7.29622122645378,70,42
"4278","User #25318","Timepoint 54",7.26302281022072,70,42
"4279","User #25318","Timepoint 55",7.32928776741028,70,42
"4280","User #25318","Timepoint 56",7.35827922821045,70,42
"4281","User #25318","Timepoint 57",7.28024876117706,70,42
"4282","User #25318","Timepoint 58",7.27397015690804,70,42
"4283","User #25318","Timepoint 59",7.25851267576218,70,42
"4284","User #25318","Timepoint 60",7.26829612255096,70,42
"4285","User #25318","Timepoint 61",7.26182198524475,70,42
"4286","User #25318","Timepoint 62",7.22742149233818,70,42
"4287","User #25318","Timepoint 63",7.29535657167435,70,42
"4288","User #25318","Timepoint 64",7.31810277700424,70,42
"4289","User #25329","Timepoint 1",0,70,42
"4290","User #25329","Timepoint 2",0,70,42
"4291","User #25329","Timepoint 3",0,70,42
"4292","User #25329","Timepoint 4",0,70,42
"4293","User #25329","Timepoint 5",0,70,42
"4294","User #25329","Timepoint 6",0,70,42
"4295","User #25329","Timepoint 7",0,70,42
"4296","User #25329","Timepoint 8",0,70,42
"4297","User #25329","Timepoint 9",0,70,42
"4298","User #25329","Timepoint 10",0,70,42
"4299","User #25329","Timepoint 11",0,70,42
"4300","User #25329","Timepoint 12",0,70,42
"4301","User #25329","Timepoint 13",0,70,42
"4302","User #25329","Timepoint 14",0,70,42
"4303","User #25329","Timepoint 15",0,70,42
"4304","User #25329","Timepoint 16",0,70,42
"4305","User #25329","Timepoint 17",NA,70,42
"4306","User #25329","Timepoint 18",NA,70,42
"4307","User #25329","Timepoint 19",NA,70,42
"4308","User #25329","Timepoint 20",NA,70,42
"4309","User #25329","Timepoint 21",NA,70,42
"4310","User #25329","Timepoint 22",NA,70,42
"4311","User #25329","Timepoint 23",NA,70,42
"4312","User #25329","Timepoint 24",NA,70,42
"4313","User #25329","Timepoint 25",NA,70,42
"4314","User #25329","Timepoint 26",NA,70,42
"4315","User #25329","Timepoint 27",NA,70,42
"4316","User #25329","Timepoint 28",NA,70,42
"4317","User #25329","Timepoint 29",NA,70,42
"4318","User #25329","Timepoint 30",NA,70,42
"4319","User #25329","Timepoint 31",NA,70,42
"4320","User #25329","Timepoint 32",NA,70,42
"4321","User #25329","Timepoint 33",NA,70,42
"4322","User #25329","Timepoint 34",NA,70,42
"4323","User #25329","Timepoint 35",NA,70,42
"4324","User #25329","Timepoint 36",NA,70,42
"4325","User #25329","Timepoint 37",NA,70,42
"4326","User #25329","Timepoint 38",NA,70,42
"4327","User #25329","Timepoint 39",NA,70,42
"4328","User #25329","Timepoint 40",NA,70,42
"4329","User #25329","Timepoint 41",7.48398891091347,70,42
"4330","User #25329","Timepoint 42",7.48730286955833,70,42
"4331","User #25329","Timepoint 43",7.46233981847763,70,42
"4332","User #25329","Timepoint 44",7.47647595405579,70,42
"4333","User #25329","Timepoint 45",7.47294464707375,70,42
"4334","User #25329","Timepoint 46",7.43450251221657,70,42
"4335","User #25329","Timepoint 47",7.48798906803131,70,42
"4336","User #25329","Timepoint 48",7.54458278417587,70,42
"4337","User #25329","Timepoint 49",8.22435623407364,70,42
"4338","User #25329","Timepoint 50",8.20540061593056,70,42
"4339","User #25329","Timepoint 51",8.19960421323776,70,42
"4340","User #25329","Timepoint 52",8.20294609665871,70,42
"4341","User #25329","Timepoint 53",8.20827043056488,70,42
"4342","User #25329","Timepoint 54",8.16414049267769,70,42
"4343","User #25329","Timepoint 55",8.28248834609985,70,42
"4344","User #25329","Timepoint 56",8.28732794523239,70,42
"4345","User #25329","Timepoint 57",8.07658499479294,70,42
"4346","User #25329","Timepoint 58",8.0610012114048,70,42
"4347","User #25329","Timepoint 59",8.05181956291199,70,42
"4348","User #25329","Timepoint 60",8.0539790391922,70,42
"4349","User #25329","Timepoint 61",8.0421077311039,70,42
"4350","User #25329","Timepoint 62",8.00256884098053,70,42
"4351","User #25329","Timepoint 63",8.12389677762985,70,42
"4352","User #25329","Timepoint 64",8.12721288204193,70,42
"4353","User #25386","Timepoint 1",0,70,42
"4354","User #25386","Timepoint 2",0,70,42
"4355","User #25386","Timepoint 3",0,70,42
"4356","User #25386","Timepoint 4",0,70,42
"4357","User #25386","Timepoint 5",0,70,42
"4358","User #25386","Timepoint 6",0,70,42
"4359","User #25386","Timepoint 7",0,70,42
"4360","User #25386","Timepoint 8",0,70,42
"4361","User #25386","Timepoint 9",0,70,42
"4362","User #25386","Timepoint 10",0,70,42
"4363","User #25386","Timepoint 11",0,70,42
"4364","User #25386","Timepoint 12",0,70,42
"4365","User #25386","Timepoint 13",0,70,42
"4366","User #25386","Timepoint 14",0,70,42
"4367","User #25386","Timepoint 15",0,70,42
"4368","User #25386","Timepoint 16",0,70,42
"4369","User #25386","Timepoint 17",NA,70,42
"4370","User #25386","Timepoint 18",NA,70,42
"4371","User #25386","Timepoint 19",NA,70,42
"4372","User #25386","Timepoint 20",NA,70,42
"4373","User #25386","Timepoint 21",NA,70,42
"4374","User #25386","Timepoint 22",NA,70,42
"4375","User #25386","Timepoint 23",NA,70,42
"4376","User #25386","Timepoint 24",NA,70,42
"4377","User #25386","Timepoint 25",NA,70,42
"4378","User #25386","Timepoint 26",NA,70,42
"4379","User #25386","Timepoint 27",NA,70,42
"4380","User #25386","Timepoint 28",NA,70,42
"4381","User #25386","Timepoint 29",NA,70,42
"4382","User #25386","Timepoint 30",NA,70,42
"4383","User #25386","Timepoint 31",NA,70,42
"4384","User #25386","Timepoint 32",NA,70,42
"4385","User #25386","Timepoint 33",NA,70,42
"4386","User #25386","Timepoint 34",NA,70,42
"4387","User #25386","Timepoint 35",NA,70,42
"4388","User #25386","Timepoint 36",NA,70,42
"4389","User #25386","Timepoint 37",NA,70,42
"4390","User #25386","Timepoint 38",NA,70,42
"4391","User #25386","Timepoint 39",NA,70,42
"4392","User #25386","Timepoint 40",NA,70,42
"4393","User #25386","Timepoint 41",9.01133465766907,70,42
"4394","User #25386","Timepoint 42",9.01658642292023,70,42
"4395","User #25386","Timepoint 43",9.00679588317871,70,42
"4396","User #25386","Timepoint 44",9.02480089664459,70,42
"4397","User #25386","Timepoint 45",9.01731359958649,70,42
"4398","User #25386","Timepoint 46",8.99004942178726,70,42
"4399","User #25386","Timepoint 47",9.02351319789886,70,42
"4400","User #25386","Timepoint 48",9.06296813488007,70,42
"4401","User #25386","Timepoint 49",8.82713413238525,70,42
"4402","User #25386","Timepoint 50",8.83169829845428,70,42
"4403","User #25386","Timepoint 51",8.81414842605591,70,42
"4404","User #25386","Timepoint 52",8.84678518772125,70,42
"4405","User #25386","Timepoint 53",8.83729267120361,70,42
"4406","User #25386","Timepoint 54",8.79645621776581,70,42
"4407","User #25386","Timepoint 55",8.86650085449219,70,42
"4408","User #25386","Timepoint 56",8.91334295272827,70,42
"4409","User #25386","Timepoint 57",8.74713611602783,70,42
"4410","User #25386","Timepoint 58",8.75561892986298,70,42
"4411","User #25386","Timepoint 59",8.73651432991028,70,42
"4412","User #25386","Timepoint 60",8.7614551782608,70,42
"4413","User #25386","Timepoint 61",8.75912606716156,70,42
"4414","User #25386","Timepoint 62",8.71596527099609,70,42
"4415","User #25386","Timepoint 63",8.78729176521301,70,42
"4416","User #25386","Timepoint 64",8.83026432991028,70,42
