"","ID","Timepoint","Prediction","Bootstrap","Jackknife"
"1","User #25331","Timepoint 1",0,15,37
"2","User #25331","Timepoint 2",0,15,37
"3","User #25331","Timepoint 3",0,15,37
"4","User #25331","Timepoint 4",0,15,37
"5","User #25331","Timepoint 5",0,15,37
"6","User #25331","Timepoint 6",0,15,37
"7","User #25331","Timepoint 7",0,15,37
"8","User #25331","Timepoint 8",0,15,37
"9","User #25331","Timepoint 9",0,15,37
"10","User #25331","Timepoint 10",0,15,37
"11","User #25331","Timepoint 11",0,15,37
"12","User #25331","Timepoint 12",0,15,37
"13","User #25331","Timepoint 13",0,15,37
"14","User #25331","Timepoint 14",0,15,37
"15","User #25331","Timepoint 15",0,15,37
"16","User #25331","Timepoint 16",0,15,37
"17","User #25331","Timepoint 17",NA,15,37
"18","User #25331","Timepoint 18",NA,15,37
"19","User #25331","Timepoint 19",NA,15,37
"20","User #25331","Timepoint 20",NA,15,37
"21","User #25331","Timepoint 21",NA,15,37
"22","User #25331","Timepoint 22",NA,15,37
"23","User #25331","Timepoint 23",NA,15,37
"24","User #25331","Timepoint 24",NA,15,37
"25","User #25331","Timepoint 25",NA,15,37
"26","User #25331","Timepoint 26",NA,15,37
"27","User #25331","Timepoint 27",NA,15,37
"28","User #25331","Timepoint 28",NA,15,37
"29","User #25331","Timepoint 29",NA,15,37
"30","User #25331","Timepoint 30",NA,15,37
"31","User #25331","Timepoint 31",NA,15,37
"32","User #25331","Timepoint 32",NA,15,37
"33","User #25331","Timepoint 33",7.56715595722198,15,37
"34","User #25331","Timepoint 34",7.04792514443398,15,37
"35","User #25331","Timepoint 35",7.33179941773415,15,37
"36","User #25331","Timepoint 36",7.32720285654068,15,37
"37","User #25331","Timepoint 37",7.91123151779175,15,37
"38","User #25331","Timepoint 38",7.42285072803497,15,37
"39","User #25331","Timepoint 39",7.16838717460632,15,37
"40","User #25331","Timepoint 40",6.99407368898392,15,37
"41","User #25331","Timepoint 41",7.598637342453,15,37
"42","User #25331","Timepoint 42",7.10809513926506,15,37
"43","User #25331","Timepoint 43",7.36571237444878,15,37
"44","User #25331","Timepoint 44",7.39121943712234,15,37
"45","User #25331","Timepoint 45",7.9094597697258,15,37
"46","User #25331","Timepoint 46",7.46752083301544,15,37
"47","User #25331","Timepoint 47",7.2588124871254,15,37
"48","User #25331","Timepoint 48",7.1282297372818,15,37
"49","User #25331","Timepoint 49",6.63871839642525,15,37
"50","User #25331","Timepoint 50",6.95627599954605,15,37
"51","User #25331","Timepoint 51",6.64865717291832,15,37
"52","User #25331","Timepoint 52",6.80250078439713,15,37
"53","User #25331","Timepoint 53",6.70829921960831,15,37
"54","User #25331","Timepoint 54",6.95232063531876,15,37
"55","User #25331","Timepoint 55",6.96842074394226,15,37
"56","User #25331","Timepoint 56",6.69108808040619,15,37
"57","User #25331","Timepoint 57",7.25886583328247,15,37
"58","User #25331","Timepoint 58",7.11141422390938,15,37
"59","User #25331","Timepoint 59",7.08774223923683,15,37
"60","User #25331","Timepoint 60",7.22849518060684,15,37
"61","User #25331","Timepoint 61",7.44678467512131,15,37
"62","User #25331","Timepoint 62",7.30715125799179,15,37
"63","User #25331","Timepoint 63",7.17218026518822,15,37
"64","User #25331","Timepoint 64",6.9138115644455,15,37
"65","User #25396","Timepoint 1",0,15,37
"66","User #25396","Timepoint 2",0,15,37
"67","User #25396","Timepoint 3",0,15,37
"68","User #25396","Timepoint 4",0,15,37
"69","User #25396","Timepoint 5",0,15,37
"70","User #25396","Timepoint 6",0,15,37
"71","User #25396","Timepoint 7",0,15,37
"72","User #25396","Timepoint 8",0,15,37
"73","User #25396","Timepoint 9",0,15,37
"74","User #25396","Timepoint 10",0,15,37
"75","User #25396","Timepoint 11",0,15,37
"76","User #25396","Timepoint 12",0,15,37
"77","User #25396","Timepoint 13",0,15,37
"78","User #25396","Timepoint 14",0,15,37
"79","User #25396","Timepoint 15",0,15,37
"80","User #25396","Timepoint 16",0,15,37
"81","User #25396","Timepoint 17",NA,15,37
"82","User #25396","Timepoint 18",NA,15,37
"83","User #25396","Timepoint 19",NA,15,37
"84","User #25396","Timepoint 20",NA,15,37
"85","User #25396","Timepoint 21",NA,15,37
"86","User #25396","Timepoint 22",NA,15,37
"87","User #25396","Timepoint 23",NA,15,37
"88","User #25396","Timepoint 24",NA,15,37
"89","User #25396","Timepoint 25",NA,15,37
"90","User #25396","Timepoint 26",NA,15,37
"91","User #25396","Timepoint 27",NA,15,37
"92","User #25396","Timepoint 28",NA,15,37
"93","User #25396","Timepoint 29",NA,15,37
"94","User #25396","Timepoint 30",NA,15,37
"95","User #25396","Timepoint 31",NA,15,37
"96","User #25396","Timepoint 32",NA,15,37
"97","User #25396","Timepoint 33",9.64745938777924,15,37
"98","User #25396","Timepoint 34",9.01636743545532,15,37
"99","User #25396","Timepoint 35",9.34261310100555,15,37
"100","User #25396","Timepoint 36",9.34473085403442,15,37
"101","User #25396","Timepoint 37",9.766960978508,15,37
"102","User #25396","Timepoint 38",9.24372541904449,15,37
"103","User #25396","Timepoint 39",8.94143128395081,15,37
"104","User #25396","Timepoint 40",9.12650167942047,15,37
"105","User #25396","Timepoint 41",8.60706567764282,15,37
"106","User #25396","Timepoint 42",8.77711617946625,15,37
"107","User #25396","Timepoint 43",8.64333295822144,15,37
"108","User #25396","Timepoint 44",8.69085454940796,15,37
"109","User #25396","Timepoint 45",8.62208211421967,15,37
"110","User #25396","Timepoint 46",8.74424588680267,15,37
"111","User #25396","Timepoint 47",8.77949559688568,15,37
"112","User #25396","Timepoint 48",8.65395700931549,15,37
"113","User #25396","Timepoint 49",8.81982058286667,15,37
"114","User #25396","Timepoint 50",9.15859046578407,15,37
"115","User #25396","Timepoint 51",8.90154239535332,15,37
"116","User #25396","Timepoint 52",8.94625562429428,15,37
"117","User #25396","Timepoint 53",8.83950173854828,15,37
"118","User #25396","Timepoint 54",9.04367506504059,15,37
"119","User #25396","Timepoint 55",9.14552962779999,15,37
"120","User #25396","Timepoint 56",8.96731847524643,15,37
"121","User #25396","Timepoint 57",8.78408345580101,15,37
"122","User #25396","Timepoint 58",9.14494785666466,15,37
"123","User #25396","Timepoint 59",8.87292206287384,15,37
"124","User #25396","Timepoint 60",8.91951283812523,15,37
"125","User #25396","Timepoint 61",8.79749467968941,15,37
"126","User #25396","Timepoint 62",9.01545912027359,15,37
"127","User #25396","Timepoint 63",9.12775507569313,15,37
"128","User #25396","Timepoint 64",8.94845682382584,15,37
"129","User #25361","Timepoint 1",0,15,37
"130","User #25361","Timepoint 2",0,15,37
"131","User #25361","Timepoint 3",0,15,37
"132","User #25361","Timepoint 4",0,15,37
"133","User #25361","Timepoint 5",0,15,37
"134","User #25361","Timepoint 6",0,15,37
"135","User #25361","Timepoint 7",0,15,37
"136","User #25361","Timepoint 8",0,15,37
"137","User #25361","Timepoint 9",0,15,37
"138","User #25361","Timepoint 10",0,15,37
"139","User #25361","Timepoint 11",0,15,37
"140","User #25361","Timepoint 12",0,15,37
"141","User #25361","Timepoint 13",0,15,37
"142","User #25361","Timepoint 14",0,15,37
"143","User #25361","Timepoint 15",0,15,37
"144","User #25361","Timepoint 16",0,15,37
"145","User #25361","Timepoint 17",NA,15,37
"146","User #25361","Timepoint 18",NA,15,37
"147","User #25361","Timepoint 19",NA,15,37
"148","User #25361","Timepoint 20",NA,15,37
"149","User #25361","Timepoint 21",NA,15,37
"150","User #25361","Timepoint 22",NA,15,37
"151","User #25361","Timepoint 23",NA,15,37
"152","User #25361","Timepoint 24",NA,15,37
"153","User #25361","Timepoint 25",NA,15,37
"154","User #25361","Timepoint 26",NA,15,37
"155","User #25361","Timepoint 27",NA,15,37
"156","User #25361","Timepoint 28",NA,15,37
"157","User #25361","Timepoint 29",NA,15,37
"158","User #25361","Timepoint 30",NA,15,37
"159","User #25361","Timepoint 31",NA,15,37
"160","User #25361","Timepoint 32",NA,15,37
"161","User #25361","Timepoint 33",9.64745938777924,15,37
"162","User #25361","Timepoint 34",9.01636743545532,15,37
"163","User #25361","Timepoint 35",9.34261310100555,15,37
"164","User #25361","Timepoint 36",9.34473085403442,15,37
"165","User #25361","Timepoint 37",9.766960978508,15,37
"166","User #25361","Timepoint 38",9.24372541904449,15,37
"167","User #25361","Timepoint 39",8.94143128395081,15,37
"168","User #25361","Timepoint 40",9.12650167942047,15,37
"169","User #25361","Timepoint 41",8.60706567764282,15,37
"170","User #25361","Timepoint 42",8.77711617946625,15,37
"171","User #25361","Timepoint 43",8.64333295822144,15,37
"172","User #25361","Timepoint 44",8.69085454940796,15,37
"173","User #25361","Timepoint 45",8.62208211421967,15,37
"174","User #25361","Timepoint 46",8.74424588680267,15,37
"175","User #25361","Timepoint 47",8.77949559688568,15,37
"176","User #25361","Timepoint 48",8.65395700931549,15,37
"177","User #25361","Timepoint 49",8.81982058286667,15,37
"178","User #25361","Timepoint 50",9.15859046578407,15,37
"179","User #25361","Timepoint 51",8.90154239535332,15,37
"180","User #25361","Timepoint 52",8.94625562429428,15,37
"181","User #25361","Timepoint 53",8.83950173854828,15,37
"182","User #25361","Timepoint 54",9.04367506504059,15,37
"183","User #25361","Timepoint 55",9.14552962779999,15,37
"184","User #25361","Timepoint 56",8.96731847524643,15,37
"185","User #25361","Timepoint 57",8.78408345580101,15,37
"186","User #25361","Timepoint 58",9.14494785666466,15,37
"187","User #25361","Timepoint 59",8.87292206287384,15,37
"188","User #25361","Timepoint 60",8.91951283812523,15,37
"189","User #25361","Timepoint 61",8.79749467968941,15,37
"190","User #25361","Timepoint 62",9.01545912027359,15,37
"191","User #25361","Timepoint 63",9.12775507569313,15,37
"192","User #25361","Timepoint 64",8.94845682382584,15,37
"193","User #25368","Timepoint 1",0,15,37
"194","User #25368","Timepoint 2",0,15,37
"195","User #25368","Timepoint 3",0,15,37
"196","User #25368","Timepoint 4",0,15,37
"197","User #25368","Timepoint 5",0,15,37
"198","User #25368","Timepoint 6",0,15,37
"199","User #25368","Timepoint 7",0,15,37
"200","User #25368","Timepoint 8",0,15,37
"201","User #25368","Timepoint 9",0,15,37
"202","User #25368","Timepoint 10",0,15,37
"203","User #25368","Timepoint 11",0,15,37
"204","User #25368","Timepoint 12",0,15,37
"205","User #25368","Timepoint 13",0,15,37
"206","User #25368","Timepoint 14",0,15,37
"207","User #25368","Timepoint 15",0,15,37
"208","User #25368","Timepoint 16",0,15,37
"209","User #25368","Timepoint 17",NA,15,37
"210","User #25368","Timepoint 18",NA,15,37
"211","User #25368","Timepoint 19",NA,15,37
"212","User #25368","Timepoint 20",NA,15,37
"213","User #25368","Timepoint 21",NA,15,37
"214","User #25368","Timepoint 22",NA,15,37
"215","User #25368","Timepoint 23",NA,15,37
"216","User #25368","Timepoint 24",NA,15,37
"217","User #25368","Timepoint 25",NA,15,37
"218","User #25368","Timepoint 26",NA,15,37
"219","User #25368","Timepoint 27",NA,15,37
"220","User #25368","Timepoint 28",NA,15,37
"221","User #25368","Timepoint 29",NA,15,37
"222","User #25368","Timepoint 30",NA,15,37
"223","User #25368","Timepoint 31",NA,15,37
"224","User #25368","Timepoint 32",NA,15,37
"225","User #25368","Timepoint 33",8.29944944381714,15,37
"226","User #25368","Timepoint 34",7.13325500488281,15,37
"227","User #25368","Timepoint 35",7.89304137229919,15,37
"228","User #25368","Timepoint 36",7.78862679004669,15,37
"229","User #25368","Timepoint 37",8.44921708106995,15,37
"230","User #25368","Timepoint 38",7.68716394901276,15,37
"231","User #25368","Timepoint 39",7.32885932922363,15,37
"232","User #25368","Timepoint 40",7.51518356800079,15,37
"233","User #25368","Timepoint 41",7.92727196216583,15,37
"234","User #25368","Timepoint 42",7.24507713317871,15,37
"235","User #25368","Timepoint 43",7.64956653118134,15,37
"236","User #25368","Timepoint 44",7.5950700044632,15,37
"237","User #25368","Timepoint 45",8.01329398155212,15,37
"238","User #25368","Timepoint 46",7.62676239013672,15,37
"239","User #25368","Timepoint 47",7.38423573970795,15,37
"240","User #25368","Timepoint 48",7.54407787322998,15,37
"241","User #25368","Timepoint 49",7.42071628570557,15,37
"242","User #25368","Timepoint 50",7.05247366428375,15,37
"243","User #25368","Timepoint 51",7.23712575435638,15,37
"244","User #25368","Timepoint 52",7.27263176441193,15,37
"245","User #25368","Timepoint 53",7.44269132614136,15,37
"246","User #25368","Timepoint 54",7.26461625099182,15,37
"247","User #25368","Timepoint 55",7.13744187355042,15,37
"248","User #25368","Timepoint 56",7.21795105934143,15,37
"249","User #25368","Timepoint 57",7.63595688343048,15,37
"250","User #25368","Timepoint 58",7.0929080247879,15,37
"251","User #25368","Timepoint 59",7.41686105728149,15,37
"252","User #25368","Timepoint 60",7.42691123485565,15,37
"253","User #25368","Timepoint 61",7.65592277050018,15,37
"254","User #25368","Timepoint 62",7.39937603473663,15,37
"255","User #25368","Timepoint 63",7.26549077033997,15,37
"256","User #25368","Timepoint 64",7.34092855453491,15,37
"257","User #25344","Timepoint 1",0,15,37
"258","User #25344","Timepoint 2",0,15,37
"259","User #25344","Timepoint 3",0,15,37
"260","User #25344","Timepoint 4",0,15,37
"261","User #25344","Timepoint 5",0,15,37
"262","User #25344","Timepoint 6",0,15,37
"263","User #25344","Timepoint 7",0,15,37
"264","User #25344","Timepoint 8",0,15,37
"265","User #25344","Timepoint 9",0,15,37
"266","User #25344","Timepoint 10",0,15,37
"267","User #25344","Timepoint 11",0,15,37
"268","User #25344","Timepoint 12",0,15,37
"269","User #25344","Timepoint 13",0,15,37
"270","User #25344","Timepoint 14",0,15,37
"271","User #25344","Timepoint 15",0,15,37
"272","User #25344","Timepoint 16",0,15,37
"273","User #25344","Timepoint 17",NA,15,37
"274","User #25344","Timepoint 18",NA,15,37
"275","User #25344","Timepoint 19",NA,15,37
"276","User #25344","Timepoint 20",NA,15,37
"277","User #25344","Timepoint 21",NA,15,37
"278","User #25344","Timepoint 22",NA,15,37
"279","User #25344","Timepoint 23",NA,15,37
"280","User #25344","Timepoint 24",NA,15,37
"281","User #25344","Timepoint 25",NA,15,37
"282","User #25344","Timepoint 26",NA,15,37
"283","User #25344","Timepoint 27",NA,15,37
"284","User #25344","Timepoint 28",NA,15,37
"285","User #25344","Timepoint 29",NA,15,37
"286","User #25344","Timepoint 30",NA,15,37
"287","User #25344","Timepoint 31",NA,15,37
"288","User #25344","Timepoint 32",NA,15,37
"289","User #25344","Timepoint 33",9.12748444080353,15,37
"290","User #25344","Timepoint 34",8.01462483406067,15,37
"291","User #25344","Timepoint 35",8.5984491109848,15,37
"292","User #25344","Timepoint 36",8.38645339012146,15,37
"293","User #25344","Timepoint 37",9.41700780391693,15,37
"294","User #25344","Timepoint 38",8.43237209320068,15,37
"295","User #25344","Timepoint 39",8.05405402183533,15,37
"296","User #25344","Timepoint 40",8.23915612697601,15,37
"297","User #25344","Timepoint 41",7.14868438243866,15,37
"298","User #25344","Timepoint 42",7.66999173164368,15,37
"299","User #25344","Timepoint 43",7.28394156694412,15,37
"300","User #25344","Timepoint 44",7.28294825553894,15,37
"301","User #25344","Timepoint 45",7.13429772853851,15,37
"302","User #25344","Timepoint 46",7.37722647190094,15,37
"303","User #25344","Timepoint 47",7.56149709224701,15,37
"304","User #25344","Timepoint 48",7.32697117328644,15,37
"305","User #25344","Timepoint 49",7.34145796298981,15,37
"306","User #25344","Timepoint 50",8.46550041437149,15,37
"307","User #25344","Timepoint 51",7.61302760243416,15,37
"308","User #25344","Timepoint 52",7.70834821462631,15,37
"309","User #25344","Timepoint 53",7.37519210577011,15,37
"310","User #25344","Timepoint 54",8.03667956590652,15,37
"311","User #25344","Timepoint 55",8.36622193455696,15,37
"312","User #25344","Timepoint 56",7.8512407541275,15,37
"313","User #25344","Timepoint 57",7.78624305129051,15,37
"314","User #25344","Timepoint 58",8.7718757390976,15,37
"315","User #25344","Timepoint 59",8.03507614135742,15,37
"316","User #25344","Timepoint 60",8.04383730888367,15,37
"317","User #25344","Timepoint 61",7.7843309044838,15,37
"318","User #25344","Timepoint 62",8.30603075027466,15,37
"319","User #25344","Timepoint 63",8.62352624535561,15,37
"320","User #25344","Timepoint 64",8.17743921279907,15,37
"321","User #25361","Timepoint 1",0,15,37
"322","User #25361","Timepoint 2",0,15,37
"323","User #25361","Timepoint 3",0,15,37
"324","User #25361","Timepoint 4",0,15,37
"325","User #25361","Timepoint 5",0,15,37
"326","User #25361","Timepoint 6",0,15,37
"327","User #25361","Timepoint 7",0,15,37
"328","User #25361","Timepoint 8",0,15,37
"329","User #25361","Timepoint 9",0,15,37
"330","User #25361","Timepoint 10",0,15,37
"331","User #25361","Timepoint 11",0,15,37
"332","User #25361","Timepoint 12",0,15,37
"333","User #25361","Timepoint 13",0,15,37
"334","User #25361","Timepoint 14",0,15,37
"335","User #25361","Timepoint 15",0,15,37
"336","User #25361","Timepoint 16",0,15,37
"337","User #25361","Timepoint 17",NA,15,37
"338","User #25361","Timepoint 18",NA,15,37
"339","User #25361","Timepoint 19",NA,15,37
"340","User #25361","Timepoint 20",NA,15,37
"341","User #25361","Timepoint 21",NA,15,37
"342","User #25361","Timepoint 22",NA,15,37
"343","User #25361","Timepoint 23",NA,15,37
"344","User #25361","Timepoint 24",NA,15,37
"345","User #25361","Timepoint 25",NA,15,37
"346","User #25361","Timepoint 26",NA,15,37
"347","User #25361","Timepoint 27",NA,15,37
"348","User #25361","Timepoint 28",NA,15,37
"349","User #25361","Timepoint 29",NA,15,37
"350","User #25361","Timepoint 30",NA,15,37
"351","User #25361","Timepoint 31",NA,15,37
"352","User #25361","Timepoint 32",NA,15,37
"353","User #25361","Timepoint 33",11.1925540566444,15,37
"354","User #25361","Timepoint 34",10.2992691099644,15,37
"355","User #25361","Timepoint 35",11.0798266530037,15,37
"356","User #25361","Timepoint 36",11.4855101108551,15,37
"357","User #25361","Timepoint 37",11.2915081977844,15,37
"358","User #25361","Timepoint 38",11.12872838974,15,37
"359","User #25361","Timepoint 39",10.9939330816269,15,37
"360","User #25361","Timepoint 40",10.2934269309044,15,37
"361","User #25361","Timepoint 41",10.0273348689079,15,37
"362","User #25361","Timepoint 42",10.4406150281429,15,37
"363","User #25361","Timepoint 43",10.0484074950218,15,37
"364","User #25361","Timepoint 44",10.2668953537941,15,37
"365","User #25361","Timepoint 45",10.278937369585,15,37
"366","User #25361","Timepoint 46",10.5380634665489,15,37
"367","User #25361","Timepoint 47",10.4527344107628,15,37
"368","User #25361","Timepoint 48",9.97190415859222,15,37
"369","User #25361","Timepoint 49",9.66571444272995,15,37
"370","User #25361","Timepoint 50",10.3155118823051,15,37
"371","User #25361","Timepoint 51",9.77444598078728,15,37
"372","User #25361","Timepoint 52",10.0506471991539,15,37
"373","User #25361","Timepoint 53",9.81386536359787,15,37
"374","User #25361","Timepoint 54",10.3609353899956,15,37
"375","User #25361","Timepoint 55",10.3248745799065,15,37
"376","User #25361","Timepoint 56",9.71619957685471,15,37
"377","User #25361","Timepoint 57",9.79489016532898,15,37
"378","User #25361","Timepoint 58",10.407871812582,15,37
"379","User #25361","Timepoint 59",9.81518486142159,15,37
"380","User #25361","Timepoint 60",10.0733786225319,15,37
"381","User #25361","Timepoint 61",9.96044534444809,15,37
"382","User #25361","Timepoint 62",10.3633003234863,15,37
"383","User #25361","Timepoint 63",10.3311560451984,15,37
"384","User #25361","Timepoint 64",9.98459100723267,15,37
"385","User #25334","Timepoint 1",0,15,37
"386","User #25334","Timepoint 2",0,15,37
"387","User #25334","Timepoint 3",0,15,37
"388","User #25334","Timepoint 4",0,15,37
"389","User #25334","Timepoint 5",0,15,37
"390","User #25334","Timepoint 6",0,15,37
"391","User #25334","Timepoint 7",0,15,37
"392","User #25334","Timepoint 8",0,15,37
"393","User #25334","Timepoint 9",0,15,37
"394","User #25334","Timepoint 10",0,15,37
"395","User #25334","Timepoint 11",0,15,37
"396","User #25334","Timepoint 12",0,15,37
"397","User #25334","Timepoint 13",0,15,37
"398","User #25334","Timepoint 14",0,15,37
"399","User #25334","Timepoint 15",0,15,37
"400","User #25334","Timepoint 16",0,15,37
"401","User #25334","Timepoint 17",NA,15,37
"402","User #25334","Timepoint 18",NA,15,37
"403","User #25334","Timepoint 19",NA,15,37
"404","User #25334","Timepoint 20",NA,15,37
"405","User #25334","Timepoint 21",NA,15,37
"406","User #25334","Timepoint 22",NA,15,37
"407","User #25334","Timepoint 23",NA,15,37
"408","User #25334","Timepoint 24",NA,15,37
"409","User #25334","Timepoint 25",NA,15,37
"410","User #25334","Timepoint 26",NA,15,37
"411","User #25334","Timepoint 27",NA,15,37
"412","User #25334","Timepoint 28",NA,15,37
"413","User #25334","Timepoint 29",NA,15,37
"414","User #25334","Timepoint 30",NA,15,37
"415","User #25334","Timepoint 31",NA,15,37
"416","User #25334","Timepoint 32",NA,15,37
"417","User #25334","Timepoint 33",8.12875092029572,15,37
"418","User #25334","Timepoint 34",8.3984899520874,15,37
"419","User #25334","Timepoint 35",8.12221670150757,15,37
"420","User #25334","Timepoint 36",8.2228102684021,15,37
"421","User #25334","Timepoint 37",8.13782984018326,15,37
"422","User #25334","Timepoint 38",8.32481181621552,15,37
"423","User #25334","Timepoint 39",8.39340341091156,15,37
"424","User #25334","Timepoint 40",8.18260288238525,15,37
"425","User #25334","Timepoint 41",7.55418831110001,15,37
"426","User #25334","Timepoint 42",8.27975070476532,15,37
"427","User #25334","Timepoint 43",7.72130280733109,15,37
"428","User #25334","Timepoint 44",7.80304849147797,15,37
"429","User #25334","Timepoint 45",7.58109426498413,15,37
"430","User #25334","Timepoint 46",8.02535963058472,15,37
"431","User #25334","Timepoint 47",8.2409108877182,15,37
"432","User #25334","Timepoint 48",7.88076585531235,15,37
"433","User #25334","Timepoint 49",7.67895668745041,15,37
"434","User #25334","Timepoint 50",8.8972008228302,15,37
"435","User #25334","Timepoint 51",7.95843213796616,15,37
"436","User #25334","Timepoint 52",8.0553612112999,15,37
"437","User #25334","Timepoint 53",7.71207630634308,15,37
"438","User #25334","Timepoint 54",8.4316074848175,15,37
"439","User #25334","Timepoint 55",8.79908680915833,15,37
"440","User #25334","Timepoint 56",8.23183000087738,15,37
"441","User #25334","Timepoint 57",7.73809283971786,15,37
"442","User #25334","Timepoint 58",8.90991181135178,15,37
"443","User #25334","Timepoint 59",7.99892276525497,15,37
"444","User #25334","Timepoint 60",8.11231970787048,15,37
"445","User #25334","Timepoint 61",7.79033601284027,15,37
"446","User #25334","Timepoint 62",8.44868659973145,15,37
"447","User #25334","Timepoint 63",8.78424644470215,15,37
"448","User #25334","Timepoint 64",8.2781571149826,15,37
"449","User #25324","Timepoint 1",0,15,37
"450","User #25324","Timepoint 2",0,15,37
"451","User #25324","Timepoint 3",0,15,37
"452","User #25324","Timepoint 4",0,15,37
"453","User #25324","Timepoint 5",0,15,37
"454","User #25324","Timepoint 6",0,15,37
"455","User #25324","Timepoint 7",0,15,37
"456","User #25324","Timepoint 8",0,15,37
"457","User #25324","Timepoint 9",0,15,37
"458","User #25324","Timepoint 10",0,15,37
"459","User #25324","Timepoint 11",0,15,37
"460","User #25324","Timepoint 12",0,15,37
"461","User #25324","Timepoint 13",0,15,37
"462","User #25324","Timepoint 14",0,15,37
"463","User #25324","Timepoint 15",0,15,37
"464","User #25324","Timepoint 16",0,15,37
"465","User #25324","Timepoint 17",NA,15,37
"466","User #25324","Timepoint 18",NA,15,37
"467","User #25324","Timepoint 19",NA,15,37
"468","User #25324","Timepoint 20",NA,15,37
"469","User #25324","Timepoint 21",NA,15,37
"470","User #25324","Timepoint 22",NA,15,37
"471","User #25324","Timepoint 23",NA,15,37
"472","User #25324","Timepoint 24",NA,15,37
"473","User #25324","Timepoint 25",NA,15,37
"474","User #25324","Timepoint 26",NA,15,37
"475","User #25324","Timepoint 27",NA,15,37
"476","User #25324","Timepoint 28",NA,15,37
"477","User #25324","Timepoint 29",NA,15,37
"478","User #25324","Timepoint 30",NA,15,37
"479","User #25324","Timepoint 31",NA,15,37
"480","User #25324","Timepoint 32",NA,15,37
"481","User #25324","Timepoint 33",10.3076395988464,15,37
"482","User #25324","Timepoint 34",9.57966816425323,15,37
"483","User #25324","Timepoint 35",10.223468542099,15,37
"484","User #25324","Timepoint 36",10.0615255832672,15,37
"485","User #25324","Timepoint 37",10.568945646286,15,37
"486","User #25324","Timepoint 38",9.9487099647522,15,37
"487","User #25324","Timepoint 39",9.82818520069122,15,37
"488","User #25324","Timepoint 40",9.55357527732849,15,37
"489","User #25324","Timepoint 41",9.26233327388763,15,37
"490","User #25324","Timepoint 42",9.62107932567596,15,37
"491","User #25324","Timepoint 43",9.36290276050568,15,37
"492","User #25324","Timepoint 44",9.35304021835327,15,37
"493","User #25324","Timepoint 45",9.35160088539124,15,37
"494","User #25324","Timepoint 46",9.4804220199585,15,37
"495","User #25324","Timepoint 47",9.58514332771301,15,37
"496","User #25324","Timepoint 48",9.38976240158081,15,37
"497","User #25324","Timepoint 49",9.54805588722229,15,37
"498","User #25324","Timepoint 50",9.6888016462326,15,37
"499","User #25324","Timepoint 51",9.58820343017578,15,37
"500","User #25324","Timepoint 52",9.5291314125061,15,37
"501","User #25324","Timepoint 53",9.70024871826172,15,37
"502","User #25324","Timepoint 54",9.64758634567261,15,37
"503","User #25324","Timepoint 55",9.67782390117645,15,37
"504","User #25324","Timepoint 56",9.51812648773193,15,37
"505","User #25324","Timepoint 57",9.49576377868652,15,37
"506","User #25324","Timepoint 58",9.70523822307587,15,37
"507","User #25324","Timepoint 59",9.59111440181732,15,37
"508","User #25324","Timepoint 60",9.50487923622131,15,37
"509","User #25324","Timepoint 61",9.63399648666382,15,37
"510","User #25324","Timepoint 62",9.5904860496521,15,37
"511","User #25324","Timepoint 63",9.66297793388367,15,37
"512","User #25324","Timepoint 64",9.50232529640198,15,37
"513","User #25311","Timepoint 1",0,15,37
"514","User #25311","Timepoint 2",0,15,37
"515","User #25311","Timepoint 3",0,15,37
"516","User #25311","Timepoint 4",0,15,37
"517","User #25311","Timepoint 5",0,15,37
"518","User #25311","Timepoint 6",0,15,37
"519","User #25311","Timepoint 7",0,15,37
"520","User #25311","Timepoint 8",0,15,37
"521","User #25311","Timepoint 9",0,15,37
"522","User #25311","Timepoint 10",0,15,37
"523","User #25311","Timepoint 11",0,15,37
"524","User #25311","Timepoint 12",0,15,37
"525","User #25311","Timepoint 13",0,15,37
"526","User #25311","Timepoint 14",0,15,37
"527","User #25311","Timepoint 15",0,15,37
"528","User #25311","Timepoint 16",0,15,37
"529","User #25311","Timepoint 17",NA,15,37
"530","User #25311","Timepoint 18",NA,15,37
"531","User #25311","Timepoint 19",NA,15,37
"532","User #25311","Timepoint 20",NA,15,37
"533","User #25311","Timepoint 21",NA,15,37
"534","User #25311","Timepoint 22",NA,15,37
"535","User #25311","Timepoint 23",NA,15,37
"536","User #25311","Timepoint 24",NA,15,37
"537","User #25311","Timepoint 25",NA,15,37
"538","User #25311","Timepoint 26",NA,15,37
"539","User #25311","Timepoint 27",NA,15,37
"540","User #25311","Timepoint 28",NA,15,37
"541","User #25311","Timepoint 29",NA,15,37
"542","User #25311","Timepoint 30",NA,15,37
"543","User #25311","Timepoint 31",NA,15,37
"544","User #25311","Timepoint 32",NA,15,37
"545","User #25311","Timepoint 33",13.2326014041901,15,37
"546","User #25311","Timepoint 34",9.39251792430878,15,37
"547","User #25311","Timepoint 35",11.9840626120567,15,37
"548","User #25311","Timepoint 36",11.4163438677788,15,37
"549","User #25311","Timepoint 37",13.5901410579681,15,37
"550","User #25311","Timepoint 38",10.469495177269,15,37
"551","User #25311","Timepoint 39",10.1053307652473,15,37
"552","User #25311","Timepoint 40",10.7378093600273,15,37
"553","User #25311","Timepoint 41",9.42145448923111,15,37
"554","User #25311","Timepoint 42",9.32131004333496,15,37
"555","User #25311","Timepoint 43",9.37253814935684,15,37
"556","User #25311","Timepoint 44",9.40395456552505,15,37
"557","User #25311","Timepoint 45",9.49770194292068,15,37
"558","User #25311","Timepoint 46",9.60455667972565,15,37
"559","User #25311","Timepoint 47",9.3617297410965,15,37
"560","User #25311","Timepoint 48",9.19865024089813,15,37
"561","User #25311","Timepoint 49",9.64194369316101,15,37
"562","User #25311","Timepoint 50",10.5861821174622,15,37
"563","User #25311","Timepoint 51",9.8534742295742,15,37
"564","User #25311","Timepoint 52",9.94834905862808,15,37
"565","User #25311","Timepoint 53",9.64565560221672,15,37
"566","User #25311","Timepoint 54",10.2828462719917,15,37
"567","User #25311","Timepoint 55",10.5336746573448,15,37
"568","User #25311","Timepoint 56",10.0432000160217,15,37
"569","User #25311","Timepoint 57",13.2719686627388,15,37
"570","User #25311","Timepoint 58",11.7494636774063,15,37
"571","User #25311","Timepoint 59",12.4736241698265,15,37
"572","User #25311","Timepoint 60",12.3416337370872,15,37
"573","User #25311","Timepoint 61",13.7004837393761,15,37
"574","User #25311","Timepoint 62",12.6072260737419,15,37
"575","User #25311","Timepoint 63",12.0899143218994,15,37
"576","User #25311","Timepoint 64",12.2478781938553,15,37
"577","User #25343","Timepoint 1",0,15,37
"578","User #25343","Timepoint 2",0,15,37
"579","User #25343","Timepoint 3",0,15,37
"580","User #25343","Timepoint 4",0,15,37
"581","User #25343","Timepoint 5",0,15,37
"582","User #25343","Timepoint 6",0,15,37
"583","User #25343","Timepoint 7",0,15,37
"584","User #25343","Timepoint 8",0,15,37
"585","User #25343","Timepoint 9",0,15,37
"586","User #25343","Timepoint 10",0,15,37
"587","User #25343","Timepoint 11",0,15,37
"588","User #25343","Timepoint 12",0,15,37
"589","User #25343","Timepoint 13",0,15,37
"590","User #25343","Timepoint 14",0,15,37
"591","User #25343","Timepoint 15",0,15,37
"592","User #25343","Timepoint 16",0,15,37
"593","User #25343","Timepoint 17",NA,15,37
"594","User #25343","Timepoint 18",NA,15,37
"595","User #25343","Timepoint 19",NA,15,37
"596","User #25343","Timepoint 20",NA,15,37
"597","User #25343","Timepoint 21",NA,15,37
"598","User #25343","Timepoint 22",NA,15,37
"599","User #25343","Timepoint 23",NA,15,37
"600","User #25343","Timepoint 24",NA,15,37
"601","User #25343","Timepoint 25",NA,15,37
"602","User #25343","Timepoint 26",NA,15,37
"603","User #25343","Timepoint 27",NA,15,37
"604","User #25343","Timepoint 28",NA,15,37
"605","User #25343","Timepoint 29",NA,15,37
"606","User #25343","Timepoint 30",NA,15,37
"607","User #25343","Timepoint 31",NA,15,37
"608","User #25343","Timepoint 32",NA,15,37
"609","User #25343","Timepoint 33",9.05462503433228,15,37
"610","User #25343","Timepoint 34",8.66555154323578,15,37
"611","User #25343","Timepoint 35",8.97459983825684,15,37
"612","User #25343","Timepoint 36",8.85949444770813,15,37
"613","User #25343","Timepoint 37",9.11310648918152,15,37
"614","User #25343","Timepoint 38",8.79561758041382,15,37
"615","User #25343","Timepoint 39",8.86452722549438,15,37
"616","User #25343","Timepoint 40",8.76776504516602,15,37
"617","User #25343","Timepoint 41",9.30499005317688,15,37
"618","User #25343","Timepoint 42",8.92652690410614,15,37
"619","User #25343","Timepoint 43",9.18467569351196,15,37
"620","User #25343","Timepoint 44",9.03585815429688,15,37
"621","User #25343","Timepoint 45",9.29131889343262,15,37
"622","User #25343","Timepoint 46",9.02281641960144,15,37
"623","User #25343","Timepoint 47",9.00263857841492,15,37
"624","User #25343","Timepoint 48",9.0236439704895,15,37
"625","User #25343","Timepoint 49",7.2280560284853,15,37
"626","User #25343","Timepoint 50",7.86496362090111,15,37
"627","User #25343","Timepoint 51",7.38238325715065,15,37
"628","User #25343","Timepoint 52",7.43966823816299,15,37
"629","User #25343","Timepoint 53",7.24631285667419,15,37
"630","User #25343","Timepoint 54",7.645268201828,15,37
"631","User #25343","Timepoint 55",7.82325795292854,15,37
"632","User #25343","Timepoint 56",7.52540266513824,15,37
"633","User #25343","Timepoint 57",7.32758915424347,15,37
"634","User #25343","Timepoint 58",7.91996157169342,15,37
"635","User #25343","Timepoint 59",7.46022379398346,15,37
"636","User #25343","Timepoint 60",7.51749134063721,15,37
"637","User #25343","Timepoint 61",7.33607044816017,15,37
"638","User #25343","Timepoint 62",7.69834643602371,15,37
"639","User #25343","Timepoint 63",7.87329590320587,15,37
"640","User #25343","Timepoint 64",7.60330265760422,15,37
"641","User #25343","Timepoint 1",0,15,37
"642","User #25343","Timepoint 2",0,15,37
"643","User #25343","Timepoint 3",0,15,37
"644","User #25343","Timepoint 4",0,15,37
"645","User #25343","Timepoint 5",0,15,37
"646","User #25343","Timepoint 6",0,15,37
"647","User #25343","Timepoint 7",0,15,37
"648","User #25343","Timepoint 8",0,15,37
"649","User #25343","Timepoint 9",0,15,37
"650","User #25343","Timepoint 10",0,15,37
"651","User #25343","Timepoint 11",0,15,37
"652","User #25343","Timepoint 12",0,15,37
"653","User #25343","Timepoint 13",0,15,37
"654","User #25343","Timepoint 14",0,15,37
"655","User #25343","Timepoint 15",0,15,37
"656","User #25343","Timepoint 16",0,15,37
"657","User #25343","Timepoint 17",NA,15,37
"658","User #25343","Timepoint 18",NA,15,37
"659","User #25343","Timepoint 19",NA,15,37
"660","User #25343","Timepoint 20",NA,15,37
"661","User #25343","Timepoint 21",NA,15,37
"662","User #25343","Timepoint 22",NA,15,37
"663","User #25343","Timepoint 23",NA,15,37
"664","User #25343","Timepoint 24",NA,15,37
"665","User #25343","Timepoint 25",NA,15,37
"666","User #25343","Timepoint 26",NA,15,37
"667","User #25343","Timepoint 27",NA,15,37
"668","User #25343","Timepoint 28",NA,15,37
"669","User #25343","Timepoint 29",NA,15,37
"670","User #25343","Timepoint 30",NA,15,37
"671","User #25343","Timepoint 31",NA,15,37
"672","User #25343","Timepoint 32",NA,15,37
"673","User #25343","Timepoint 33",7.56422990560532,15,37
"674","User #25343","Timepoint 34",6.51211357116699,15,37
"675","User #25343","Timepoint 35",7.3527854681015,15,37
"676","User #25343","Timepoint 36",7.20138067007065,15,37
"677","User #25343","Timepoint 37",7.85544538497925,15,37
"678","User #25343","Timepoint 38",7.14565920829773,15,37
"679","User #25343","Timepoint 39",6.76484149694443,15,37
"680","User #25343","Timepoint 40",6.73403167724609,15,37
"681","User #25343","Timepoint 41",6.28672325611115,15,37
"682","User #25343","Timepoint 42",6.30445435643196,15,37
"683","User #25343","Timepoint 43",6.27885320782661,15,37
"684","User #25343","Timepoint 44",6.31629943847656,15,37
"685","User #25343","Timepoint 45",6.32584899663925,15,37
"686","User #25343","Timepoint 46",6.35407638549805,15,37
"687","User #25343","Timepoint 47",6.3217875957489,15,37
"688","User #25343","Timepoint 48",6.27807259559631,15,37
"689","User #25343","Timepoint 49",6.16644823551178,15,37
"690","User #25343","Timepoint 50",6.5468008518219,15,37
"691","User #25343","Timepoint 51",6.2479156255722,15,37
"692","User #25343","Timepoint 52",6.31987237930298,15,37
"693","User #25343","Timepoint 53",6.19370067119598,15,37
"694","User #25343","Timepoint 54",6.44978451728821,15,37
"695","User #25343","Timepoint 55",6.53796935081482,15,37
"696","User #25343","Timepoint 56",6.32235980033875,15,37
"697","User #25343","Timepoint 57",6.47922301292419,15,37
"698","User #25343","Timepoint 58",6.67433953285217,15,37
"699","User #25343","Timepoint 59",6.49404263496399,15,37
"700","User #25343","Timepoint 60",6.56176280975342,15,37
"701","User #25343","Timepoint 61",6.52429378032684,15,37
"702","User #25343","Timepoint 62",6.66156601905823,15,37
"703","User #25343","Timepoint 63",6.6558792591095,15,37
"704","User #25343","Timepoint 64",6.52317523956299,15,37
"705","User #25358","Timepoint 1",0,15,37
"706","User #25358","Timepoint 2",0,15,37
"707","User #25358","Timepoint 3",0,15,37
"708","User #25358","Timepoint 4",0,15,37
"709","User #25358","Timepoint 5",0,15,37
"710","User #25358","Timepoint 6",0,15,37
"711","User #25358","Timepoint 7",0,15,37
"712","User #25358","Timepoint 8",0,15,37
"713","User #25358","Timepoint 9",0,15,37
"714","User #25358","Timepoint 10",0,15,37
"715","User #25358","Timepoint 11",0,15,37
"716","User #25358","Timepoint 12",0,15,37
"717","User #25358","Timepoint 13",0,15,37
"718","User #25358","Timepoint 14",0,15,37
"719","User #25358","Timepoint 15",0,15,37
"720","User #25358","Timepoint 16",0,15,37
"721","User #25358","Timepoint 17",NA,15,37
"722","User #25358","Timepoint 18",NA,15,37
"723","User #25358","Timepoint 19",NA,15,37
"724","User #25358","Timepoint 20",NA,15,37
"725","User #25358","Timepoint 21",NA,15,37
"726","User #25358","Timepoint 22",NA,15,37
"727","User #25358","Timepoint 23",NA,15,37
"728","User #25358","Timepoint 24",NA,15,37
"729","User #25358","Timepoint 25",NA,15,37
"730","User #25358","Timepoint 26",NA,15,37
"731","User #25358","Timepoint 27",NA,15,37
"732","User #25358","Timepoint 28",NA,15,37
"733","User #25358","Timepoint 29",NA,15,37
"734","User #25358","Timepoint 30",NA,15,37
"735","User #25358","Timepoint 31",NA,15,37
"736","User #25358","Timepoint 32",NA,15,37
"737","User #25358","Timepoint 33",8.74527186155319,15,37
"738","User #25358","Timepoint 34",8.75571227073669,15,37
"739","User #25358","Timepoint 35",8.54930567741394,15,37
"740","User #25358","Timepoint 36",8.72623020410538,15,37
"741","User #25358","Timepoint 37",8.99560385942459,15,37
"742","User #25358","Timepoint 38",8.91232424974442,15,37
"743","User #25358","Timepoint 39",8.74075281620026,15,37
"744","User #25358","Timepoint 40",8.58182978630066,15,37
"745","User #25358","Timepoint 41",8.0733879506588,15,37
"746","User #25358","Timepoint 42",8.72192332148552,15,37
"747","User #25358","Timepoint 43",8.15655136108398,15,37
"748","User #25358","Timepoint 44",8.26114654541016,15,37
"749","User #25358","Timepoint 45",8.19532352685928,15,37
"750","User #25358","Timepoint 46",8.56155353784561,15,37
"751","User #25358","Timepoint 47",8.64762088656425,15,37
"752","User #25358","Timepoint 48",8.34557896852493,15,37
"753","User #25358","Timepoint 49",8.47692292928696,15,37
"754","User #25358","Timepoint 50",8.82359808683395,15,37
"755","User #25358","Timepoint 51",8.4597832262516,15,37
"756","User #25358","Timepoint 52",8.46319264173508,15,37
"757","User #25358","Timepoint 53",8.68012768030167,15,37
"758","User #25358","Timepoint 54",8.75108599662781,15,37
"759","User #25358","Timepoint 55",8.7807831466198,15,37
"760","User #25358","Timepoint 56",8.55619168281555,15,37
"761","User #25358","Timepoint 57",7.80517691373825,15,37
"762","User #25358","Timepoint 58",8.63594776391983,15,37
"763","User #25358","Timepoint 59",7.97999504208565,15,37
"764","User #25358","Timepoint 60",8.07763475179672,15,37
"765","User #25358","Timepoint 61",7.86717078089714,15,37
"766","User #25358","Timepoint 62",8.35179615020752,15,37
"767","User #25358","Timepoint 63",8.57952332496643,15,37
"768","User #25358","Timepoint 64",8.1903213262558,15,37
"769","User #25365","Timepoint 1",0,15,37
"770","User #25365","Timepoint 2",0,15,37
"771","User #25365","Timepoint 3",0,15,37
"772","User #25365","Timepoint 4",0,15,37
"773","User #25365","Timepoint 5",0,15,37
"774","User #25365","Timepoint 6",0,15,37
"775","User #25365","Timepoint 7",0,15,37
"776","User #25365","Timepoint 8",0,15,37
"777","User #25365","Timepoint 9",0,15,37
"778","User #25365","Timepoint 10",0,15,37
"779","User #25365","Timepoint 11",0,15,37
"780","User #25365","Timepoint 12",0,15,37
"781","User #25365","Timepoint 13",0,15,37
"782","User #25365","Timepoint 14",0,15,37
"783","User #25365","Timepoint 15",0,15,37
"784","User #25365","Timepoint 16",0,15,37
"785","User #25365","Timepoint 17",NA,15,37
"786","User #25365","Timepoint 18",NA,15,37
"787","User #25365","Timepoint 19",NA,15,37
"788","User #25365","Timepoint 20",NA,15,37
"789","User #25365","Timepoint 21",NA,15,37
"790","User #25365","Timepoint 22",NA,15,37
"791","User #25365","Timepoint 23",NA,15,37
"792","User #25365","Timepoint 24",NA,15,37
"793","User #25365","Timepoint 25",NA,15,37
"794","User #25365","Timepoint 26",NA,15,37
"795","User #25365","Timepoint 27",NA,15,37
"796","User #25365","Timepoint 28",NA,15,37
"797","User #25365","Timepoint 29",NA,15,37
"798","User #25365","Timepoint 30",NA,15,37
"799","User #25365","Timepoint 31",NA,15,37
"800","User #25365","Timepoint 32",NA,15,37
"801","User #25365","Timepoint 33",6.36630770564079,15,37
"802","User #25365","Timepoint 34",6.29756456613541,15,37
"803","User #25365","Timepoint 35",6.34917312860489,15,37
"804","User #25365","Timepoint 36",6.39923137426376,15,37
"805","User #25365","Timepoint 37",6.36349415779114,15,37
"806","User #25365","Timepoint 38",6.38492447137833,15,37
"807","User #25365","Timepoint 39",6.32307103276253,15,37
"808","User #25365","Timepoint 40",6.27315878868103,15,37
"809","User #25365","Timepoint 41",6.19826239347458,15,37
"810","User #25365","Timepoint 42",6.2977260351181,15,37
"811","User #25365","Timepoint 43",6.26049339771271,15,37
"812","User #25365","Timepoint 44",6.25198096036911,15,37
"813","User #25365","Timepoint 45",6.19208508729935,15,37
"814","User #25365","Timepoint 46",6.24929356575012,15,37
"815","User #25365","Timepoint 47",6.28255304694176,15,37
"816","User #25365","Timepoint 48",6.1936861872673,15,37
"817","User #25365","Timepoint 49",6.31078767776489,15,37
"818","User #25365","Timepoint 50",6.34179079532623,15,37
"819","User #25365","Timepoint 51",6.34643414616585,15,37
"820","User #25365","Timepoint 52",6.31030184030533,15,37
"821","User #25365","Timepoint 53",6.2785627245903,15,37
"822","User #25365","Timepoint 54",6.32602852582932,15,37
"823","User #25365","Timepoint 55",6.32765457034111,15,37
"824","User #25365","Timepoint 56",6.2456271648407,15,37
"825","User #25365","Timepoint 57",6.23129174113274,15,37
"826","User #25365","Timepoint 58",6.29341822862625,15,37
"827","User #25365","Timepoint 59",6.26018413901329,15,37
"828","User #25365","Timepoint 60",6.28991615772247,15,37
"829","User #25365","Timepoint 61",6.20805960893631,15,37
"830","User #25365","Timepoint 62",6.28930497169495,15,37
"831","User #25365","Timepoint 63",6.28954994678497,15,37
"832","User #25365","Timepoint 64",6.20476585626602,15,37
"833","User #25344","Timepoint 1",0,15,37
"834","User #25344","Timepoint 2",0,15,37
"835","User #25344","Timepoint 3",0,15,37
"836","User #25344","Timepoint 4",0,15,37
"837","User #25344","Timepoint 5",0,15,37
"838","User #25344","Timepoint 6",0,15,37
"839","User #25344","Timepoint 7",0,15,37
"840","User #25344","Timepoint 8",0,15,37
"841","User #25344","Timepoint 9",0,15,37
"842","User #25344","Timepoint 10",0,15,37
"843","User #25344","Timepoint 11",0,15,37
"844","User #25344","Timepoint 12",0,15,37
"845","User #25344","Timepoint 13",0,15,37
"846","User #25344","Timepoint 14",0,15,37
"847","User #25344","Timepoint 15",0,15,37
"848","User #25344","Timepoint 16",0,15,37
"849","User #25344","Timepoint 17",NA,15,37
"850","User #25344","Timepoint 18",NA,15,37
"851","User #25344","Timepoint 19",NA,15,37
"852","User #25344","Timepoint 20",NA,15,37
"853","User #25344","Timepoint 21",NA,15,37
"854","User #25344","Timepoint 22",NA,15,37
"855","User #25344","Timepoint 23",NA,15,37
"856","User #25344","Timepoint 24",NA,15,37
"857","User #25344","Timepoint 25",NA,15,37
"858","User #25344","Timepoint 26",NA,15,37
"859","User #25344","Timepoint 27",NA,15,37
"860","User #25344","Timepoint 28",NA,15,37
"861","User #25344","Timepoint 29",NA,15,37
"862","User #25344","Timepoint 30",NA,15,37
"863","User #25344","Timepoint 31",NA,15,37
"864","User #25344","Timepoint 32",NA,15,37
"865","User #25344","Timepoint 33",7.93509340286255,15,37
"866","User #25344","Timepoint 34",8.00995802879333,15,37
"867","User #25344","Timepoint 35",7.8796218931675,15,37
"868","User #25344","Timepoint 36",7.91642940044403,15,37
"869","User #25344","Timepoint 37",8.00258657336235,15,37
"870","User #25344","Timepoint 38",7.98875099420547,15,37
"871","User #25344","Timepoint 39",8.02123999595642,15,37
"872","User #25344","Timepoint 40",7.81613057851791,15,37
"873","User #25344","Timepoint 41",7.79084286093712,15,37
"874","User #25344","Timepoint 42",8.0198580622673,15,37
"875","User #25344","Timepoint 43",7.80565357208252,15,37
"876","User #25344","Timepoint 44",7.85889154672623,15,37
"877","User #25344","Timepoint 45",7.83118343353271,15,37
"878","User #25344","Timepoint 46",7.96513146162033,15,37
"879","User #25344","Timepoint 47",8.01417952775955,15,37
"880","User #25344","Timepoint 48",7.76798671483994,15,37
"881","User #25344","Timepoint 49",7.1321165561676,15,37
"882","User #25344","Timepoint 50",7.42595291137695,15,37
"883","User #25344","Timepoint 51",7.14663642644882,15,37
"884","User #25344","Timepoint 52",7.16836893558502,15,37
"885","User #25344","Timepoint 53",7.20555758476257,15,37
"886","User #25344","Timepoint 54",7.32972455024719,15,37
"887","User #25344","Timepoint 55",7.40853804349899,15,37
"888","User #25344","Timepoint 56",7.15102469921112,15,37
"889","User #25344","Timepoint 57",7.14822733402252,15,37
"890","User #25344","Timepoint 58",7.43542861938477,15,37
"891","User #25344","Timepoint 59",7.16547608375549,15,37
"892","User #25344","Timepoint 60",7.2365642786026,15,37
"893","User #25344","Timepoint 61",7.1855229139328,15,37
"894","User #25344","Timepoint 62",7.36488974094391,15,37
"895","User #25344","Timepoint 63",7.41383540630341,15,37
"896","User #25344","Timepoint 64",7.14200174808502,15,37
"897","User #25329","Timepoint 1",0,15,37
"898","User #25329","Timepoint 2",0,15,37
"899","User #25329","Timepoint 3",0,15,37
"900","User #25329","Timepoint 4",0,15,37
"901","User #25329","Timepoint 5",0,15,37
"902","User #25329","Timepoint 6",0,15,37
"903","User #25329","Timepoint 7",0,15,37
"904","User #25329","Timepoint 8",0,15,37
"905","User #25329","Timepoint 9",0,15,37
"906","User #25329","Timepoint 10",0,15,37
"907","User #25329","Timepoint 11",0,15,37
"908","User #25329","Timepoint 12",0,15,37
"909","User #25329","Timepoint 13",0,15,37
"910","User #25329","Timepoint 14",0,15,37
"911","User #25329","Timepoint 15",0,15,37
"912","User #25329","Timepoint 16",0,15,37
"913","User #25329","Timepoint 17",NA,15,37
"914","User #25329","Timepoint 18",NA,15,37
"915","User #25329","Timepoint 19",NA,15,37
"916","User #25329","Timepoint 20",NA,15,37
"917","User #25329","Timepoint 21",NA,15,37
"918","User #25329","Timepoint 22",NA,15,37
"919","User #25329","Timepoint 23",NA,15,37
"920","User #25329","Timepoint 24",NA,15,37
"921","User #25329","Timepoint 25",NA,15,37
"922","User #25329","Timepoint 26",NA,15,37
"923","User #25329","Timepoint 27",NA,15,37
"924","User #25329","Timepoint 28",NA,15,37
"925","User #25329","Timepoint 29",NA,15,37
"926","User #25329","Timepoint 30",NA,15,37
"927","User #25329","Timepoint 31",NA,15,37
"928","User #25329","Timepoint 32",NA,15,37
"929","User #25329","Timepoint 33",14.0142846107483,15,37
"930","User #25329","Timepoint 34",10.3344304561615,15,37
"931","User #25329","Timepoint 35",13.697683095932,15,37
"932","User #25329","Timepoint 36",12.9068999290466,15,37
"933","User #25329","Timepoint 37",14.5720181465149,15,37
"934","User #25329","Timepoint 38",11.7938375473022,15,37
"935","User #25329","Timepoint 39",10.5088881254196,15,37
"936","User #25329","Timepoint 40",11.0600749254227,15,37
"937","User #25329","Timepoint 41",7.80912548303604,15,37
"938","User #25329","Timepoint 42",8.39531797170639,15,37
"939","User #25329","Timepoint 43",7.95288902521133,15,37
"940","User #25329","Timepoint 44",8.01248073577881,15,37
"941","User #25329","Timepoint 45",7.87204992771149,15,37
"942","User #25329","Timepoint 46",8.20731389522552,15,37
"943","User #25329","Timepoint 47",8.31801617145538,15,37
"944","User #25329","Timepoint 48",8.02461075782776,15,37
"945","User #25329","Timepoint 49",8.06038284301758,15,37
"946","User #25329","Timepoint 50",8.51853650808334,15,37
"947","User #25329","Timepoint 51",8.19045567512512,15,37
"948","User #25329","Timepoint 52",8.22543382644653,15,37
"949","User #25329","Timepoint 53",8.12992894649506,15,37
"950","User #25329","Timepoint 54",8.37512111663818,15,37
"951","User #25329","Timepoint 55",8.43749123811722,15,37
"952","User #25329","Timepoint 56",8.18551540374756,15,37
"953","User #25329","Timepoint 57",7.73383033275604,15,37
"954","User #25329","Timepoint 58",8.37561857700348,15,37
"955","User #25329","Timepoint 59",7.89504432678223,15,37
"956","User #25329","Timepoint 60",7.94164323806763,15,37
"957","User #25329","Timepoint 61",7.76242429018021,15,37
"958","User #25329","Timepoint 62",8.09727394580841,15,37
"959","User #25329","Timepoint 63",8.29888933897018,15,37
"960","User #25329","Timepoint 64",8.01532709598541,15,37
"961","User #25381","Timepoint 1",0,15,37
"962","User #25381","Timepoint 2",0,15,37
"963","User #25381","Timepoint 3",0,15,37
"964","User #25381","Timepoint 4",0,15,37
"965","User #25381","Timepoint 5",0,15,37
"966","User #25381","Timepoint 6",0,15,37
"967","User #25381","Timepoint 7",0,15,37
"968","User #25381","Timepoint 8",0,15,37
"969","User #25381","Timepoint 9",0,15,37
"970","User #25381","Timepoint 10",0,15,37
"971","User #25381","Timepoint 11",0,15,37
"972","User #25381","Timepoint 12",0,15,37
"973","User #25381","Timepoint 13",0,15,37
"974","User #25381","Timepoint 14",0,15,37
"975","User #25381","Timepoint 15",0,15,37
"976","User #25381","Timepoint 16",0,15,37
"977","User #25381","Timepoint 17",NA,15,37
"978","User #25381","Timepoint 18",NA,15,37
"979","User #25381","Timepoint 19",NA,15,37
"980","User #25381","Timepoint 20",NA,15,37
"981","User #25381","Timepoint 21",NA,15,37
"982","User #25381","Timepoint 22",NA,15,37
"983","User #25381","Timepoint 23",NA,15,37
"984","User #25381","Timepoint 24",NA,15,37
"985","User #25381","Timepoint 25",NA,15,37
"986","User #25381","Timepoint 26",NA,15,37
"987","User #25381","Timepoint 27",NA,15,37
"988","User #25381","Timepoint 28",NA,15,37
"989","User #25381","Timepoint 29",NA,15,37
"990","User #25381","Timepoint 30",NA,15,37
"991","User #25381","Timepoint 31",NA,15,37
"992","User #25381","Timepoint 32",NA,15,37
"993","User #25381","Timepoint 33",14.2145178318024,15,37
"994","User #25381","Timepoint 34",12.7416700124741,15,37
"995","User #25381","Timepoint 35",13.8451790809631,15,37
"996","User #25381","Timepoint 36",13.8003751039505,15,37
"997","User #25381","Timepoint 37",14.3097863197327,15,37
"998","User #25381","Timepoint 38",13.2455945014954,15,37
"999","User #25381","Timepoint 39",12.9695617556572,15,37
"1000","User #25381","Timepoint 40",13.2704170942307,15,37
"1001","User #25381","Timepoint 41",12.3053057193756,15,37
"1002","User #25381","Timepoint 42",12.5432240962982,15,37
"1003","User #25381","Timepoint 43",12.2858797311783,15,37
"1004","User #25381","Timepoint 44",12.4012483358383,15,37
"1005","User #25381","Timepoint 45",12.3713334798813,15,37
"1006","User #25381","Timepoint 46",12.6407005786896,15,37
"1007","User #25381","Timepoint 47",12.4812668561935,15,37
"1008","User #25381","Timepoint 48",12.2998104095459,15,37
"1009","User #25381","Timepoint 49",11.2515022158623,15,37
"1010","User #25381","Timepoint 50",11.8617521226406,15,37
"1011","User #25381","Timepoint 51",11.3499653339386,15,37
"1012","User #25381","Timepoint 52",11.3908015489578,15,37
"1013","User #25381","Timepoint 53",11.2234929800034,15,37
"1014","User #25381","Timepoint 54",11.6135657429695,15,37
"1015","User #25381","Timepoint 55",11.7584063410759,15,37
"1016","User #25381","Timepoint 56",11.5082466602325,15,37
"1017","User #25381","Timepoint 57",11.8084492087364,15,37
"1018","User #25381","Timepoint 58",12.0706765055656,15,37
"1019","User #25381","Timepoint 59",11.8270563185215,15,37
"1020","User #25381","Timepoint 60",11.8394358158112,15,37
"1021","User #25381","Timepoint 61",11.7876952290535,15,37
"1022","User #25381","Timepoint 62",12.0349826812744,15,37
"1023","User #25381","Timepoint 63",12.0062495470047,15,37
"1024","User #25381","Timepoint 64",11.8443800210953,15,37
"1025","User #25378","Timepoint 1",0,15,37
"1026","User #25378","Timepoint 2",0,15,37
"1027","User #25378","Timepoint 3",0,15,37
"1028","User #25378","Timepoint 4",0,15,37
"1029","User #25378","Timepoint 5",0,15,37
"1030","User #25378","Timepoint 6",0,15,37
"1031","User #25378","Timepoint 7",0,15,37
"1032","User #25378","Timepoint 8",0,15,37
"1033","User #25378","Timepoint 9",0,15,37
"1034","User #25378","Timepoint 10",0,15,37
"1035","User #25378","Timepoint 11",0,15,37
"1036","User #25378","Timepoint 12",0,15,37
"1037","User #25378","Timepoint 13",0,15,37
"1038","User #25378","Timepoint 14",0,15,37
"1039","User #25378","Timepoint 15",0,15,37
"1040","User #25378","Timepoint 16",0,15,37
"1041","User #25378","Timepoint 17",NA,15,37
"1042","User #25378","Timepoint 18",NA,15,37
"1043","User #25378","Timepoint 19",NA,15,37
"1044","User #25378","Timepoint 20",NA,15,37
"1045","User #25378","Timepoint 21",NA,15,37
"1046","User #25378","Timepoint 22",NA,15,37
"1047","User #25378","Timepoint 23",NA,15,37
"1048","User #25378","Timepoint 24",NA,15,37
"1049","User #25378","Timepoint 25",NA,15,37
"1050","User #25378","Timepoint 26",NA,15,37
"1051","User #25378","Timepoint 27",NA,15,37
"1052","User #25378","Timepoint 28",NA,15,37
"1053","User #25378","Timepoint 29",NA,15,37
"1054","User #25378","Timepoint 30",NA,15,37
"1055","User #25378","Timepoint 31",NA,15,37
"1056","User #25378","Timepoint 32",NA,15,37
"1057","User #25378","Timepoint 33",10.4927504360676,15,37
"1058","User #25378","Timepoint 34",10.0086634159088,15,37
"1059","User #25378","Timepoint 35",10.316427230835,15,37
"1060","User #25378","Timepoint 36",10.2298014163971,15,37
"1061","User #25378","Timepoint 37",10.6671892404556,15,37
"1062","User #25378","Timepoint 38",10.1790406107903,15,37
"1063","User #25378","Timepoint 39",10.2262293100357,15,37
"1064","User #25378","Timepoint 40",10.0225143432617,15,37
"1065","User #25378","Timepoint 41",12.9575448036194,15,37
"1066","User #25378","Timepoint 42",10.9311674833298,15,37
"1067","User #25378","Timepoint 43",12.3121436238289,15,37
"1068","User #25378","Timepoint 44",11.3877477049828,15,37
"1069","User #25378","Timepoint 45",13.3106015920639,15,37
"1070","User #25378","Timepoint 46",11.209048807621,15,37
"1071","User #25378","Timepoint 47",11.2477635145187,15,37
"1072","User #25378","Timepoint 48",11.3266550302505,15,37
"1073","User #25378","Timepoint 49",8.93260204792023,15,37
"1074","User #25378","Timepoint 50",9.43166869878769,15,37
"1075","User #25378","Timepoint 51",9.00144934654236,15,37
"1076","User #25378","Timepoint 52",9.05780005455017,15,37
"1077","User #25378","Timepoint 53",9.01944947242737,15,37
"1078","User #25378","Timepoint 54",9.24468743801117,15,37
"1079","User #25378","Timepoint 55",9.38227903842926,15,37
"1080","User #25378","Timepoint 56",9.12143957614899,15,37
"1081","User #25378","Timepoint 57",8.95572984218597,15,37
"1082","User #25378","Timepoint 58",9.47911912202835,15,37
"1083","User #25378","Timepoint 59",9.02800017595291,15,37
"1084","User #25378","Timepoint 60",9.13165771961212,15,37
"1085","User #25378","Timepoint 61",8.97895812988281,15,37
"1086","User #25378","Timepoint 62",9.27786099910736,15,37
"1087","User #25378","Timepoint 63",9.41739845275879,15,37
"1088","User #25378","Timepoint 64",9.13599753379822,15,37
"1089","User #25342","Timepoint 1",0,15,37
"1090","User #25342","Timepoint 2",0,15,37
"1091","User #25342","Timepoint 3",0,15,37
"1092","User #25342","Timepoint 4",0,15,37
"1093","User #25342","Timepoint 5",0,15,37
"1094","User #25342","Timepoint 6",0,15,37
"1095","User #25342","Timepoint 7",0,15,37
"1096","User #25342","Timepoint 8",0,15,37
"1097","User #25342","Timepoint 9",0,15,37
"1098","User #25342","Timepoint 10",0,15,37
"1099","User #25342","Timepoint 11",0,15,37
"1100","User #25342","Timepoint 12",0,15,37
"1101","User #25342","Timepoint 13",0,15,37
"1102","User #25342","Timepoint 14",0,15,37
"1103","User #25342","Timepoint 15",0,15,37
"1104","User #25342","Timepoint 16",0,15,37
"1105","User #25342","Timepoint 17",NA,15,37
"1106","User #25342","Timepoint 18",NA,15,37
"1107","User #25342","Timepoint 19",NA,15,37
"1108","User #25342","Timepoint 20",NA,15,37
"1109","User #25342","Timepoint 21",NA,15,37
"1110","User #25342","Timepoint 22",NA,15,37
"1111","User #25342","Timepoint 23",NA,15,37
"1112","User #25342","Timepoint 24",NA,15,37
"1113","User #25342","Timepoint 25",NA,15,37
"1114","User #25342","Timepoint 26",NA,15,37
"1115","User #25342","Timepoint 27",NA,15,37
"1116","User #25342","Timepoint 28",NA,15,37
"1117","User #25342","Timepoint 29",NA,15,37
"1118","User #25342","Timepoint 30",NA,15,37
"1119","User #25342","Timepoint 31",NA,15,37
"1120","User #25342","Timepoint 32",NA,15,37
"1121","User #25342","Timepoint 33",8.8473299741745,15,37
"1122","User #25342","Timepoint 34",8.2067479789257,15,37
"1123","User #25342","Timepoint 35",8.61369496583939,15,37
"1124","User #25342","Timepoint 36",8.8022164106369,15,37
"1125","User #25342","Timepoint 37",9.07621091604233,15,37
"1126","User #25342","Timepoint 38",8.75033265352249,15,37
"1127","User #25342","Timepoint 39",8.18799859285355,15,37
"1128","User #25342","Timepoint 40",8.13731557130814,15,37
"1129","User #25342","Timepoint 41",8.21007198095322,15,37
"1130","User #25342","Timepoint 42",8.18760699033737,15,37
"1131","User #25342","Timepoint 43",8.17330023646355,15,37
"1132","User #25342","Timepoint 44",8.37453490495682,15,37
"1133","User #25342","Timepoint 45",8.2768047451973,15,37
"1134","User #25342","Timepoint 46",8.44518548250198,15,37
"1135","User #25342","Timepoint 47",8.11497396230698,15,37
"1136","User #25342","Timepoint 48",7.9928389787674,15,37
"1137","User #25342","Timepoint 49",7.61345064640045,15,37
"1138","User #25342","Timepoint 50",7.95601359009743,15,37
"1139","User #25342","Timepoint 51",7.66731864213943,15,37
"1140","User #25342","Timepoint 52",7.82195842266083,15,37
"1141","User #25342","Timepoint 53",7.64592534303665,15,37
"1142","User #25342","Timepoint 54",7.95634037256241,15,37
"1143","User #25342","Timepoint 55",7.9261172413826,15,37
"1144","User #25342","Timepoint 56",7.66449457406998,15,37
"1145","User #25342","Timepoint 57",7.40112891793251,15,37
"1146","User #25342","Timepoint 58",7.90576910972595,15,37
"1147","User #25342","Timepoint 59",7.50672674179077,15,37
"1148","User #25342","Timepoint 60",7.63156777620316,15,37
"1149","User #25342","Timepoint 61",7.41951635479927,15,37
"1150","User #25342","Timepoint 62",7.78506791591644,15,37
"1151","User #25342","Timepoint 63",7.86899870634079,15,37
"1152","User #25342","Timepoint 64",7.59204691648483,15,37
"1153","User #25323","Timepoint 1",0,15,37
"1154","User #25323","Timepoint 2",0,15,37
"1155","User #25323","Timepoint 3",0,15,37
"1156","User #25323","Timepoint 4",0,15,37
"1157","User #25323","Timepoint 5",0,15,37
"1158","User #25323","Timepoint 6",0,15,37
"1159","User #25323","Timepoint 7",0,15,37
"1160","User #25323","Timepoint 8",0,15,37
"1161","User #25323","Timepoint 9",0,15,37
"1162","User #25323","Timepoint 10",0,15,37
"1163","User #25323","Timepoint 11",0,15,37
"1164","User #25323","Timepoint 12",0,15,37
"1165","User #25323","Timepoint 13",0,15,37
"1166","User #25323","Timepoint 14",0,15,37
"1167","User #25323","Timepoint 15",0,15,37
"1168","User #25323","Timepoint 16",0,15,37
"1169","User #25323","Timepoint 17",NA,15,37
"1170","User #25323","Timepoint 18",NA,15,37
"1171","User #25323","Timepoint 19",NA,15,37
"1172","User #25323","Timepoint 20",NA,15,37
"1173","User #25323","Timepoint 21",NA,15,37
"1174","User #25323","Timepoint 22",NA,15,37
"1175","User #25323","Timepoint 23",NA,15,37
"1176","User #25323","Timepoint 24",NA,15,37
"1177","User #25323","Timepoint 25",NA,15,37
"1178","User #25323","Timepoint 26",NA,15,37
"1179","User #25323","Timepoint 27",NA,15,37
"1180","User #25323","Timepoint 28",NA,15,37
"1181","User #25323","Timepoint 29",NA,15,37
"1182","User #25323","Timepoint 30",NA,15,37
"1183","User #25323","Timepoint 31",NA,15,37
"1184","User #25323","Timepoint 32",NA,15,37
"1185","User #25323","Timepoint 33",11.7607607841492,15,37
"1186","User #25323","Timepoint 34",11.1134009957314,15,37
"1187","User #25323","Timepoint 35",11.3247168958187,15,37
"1188","User #25323","Timepoint 36",11.2742003202438,15,37
"1189","User #25323","Timepoint 37",11.9118356108665,15,37
"1190","User #25323","Timepoint 38",11.2096630930901,15,37
"1191","User #25323","Timepoint 39",11.1378639340401,15,37
"1192","User #25323","Timepoint 40",11.2845095396042,15,37
"1193","User #25323","Timepoint 41",11.9721716046333,15,37
"1194","User #25323","Timepoint 42",11.277967184782,15,37
"1195","User #25323","Timepoint 43",11.6528391242027,15,37
"1196","User #25323","Timepoint 44",11.7122285962105,15,37
"1197","User #25323","Timepoint 45",11.9292112588882,15,37
"1198","User #25323","Timepoint 46",11.5255593657494,15,37
"1199","User #25323","Timepoint 47",11.4162700772285,15,37
"1200","User #25323","Timepoint 48",11.4451914429665,15,37
"1201","User #25323","Timepoint 49",13.6801126003265,15,37
"1202","User #25323","Timepoint 50",11.8627645969391,15,37
"1203","User #25323","Timepoint 51",12.9313611388206,15,37
"1204","User #25323","Timepoint 52",12.4619125723839,15,37
"1205","User #25323","Timepoint 53",13.8063120245934,15,37
"1206","User #25323","Timepoint 54",12.4753748774529,15,37
"1207","User #25323","Timepoint 55",12.3439180254936,15,37
"1208","User #25323","Timepoint 56",12.6162936687469,15,37
"1209","User #25323","Timepoint 57",13.8347502946854,15,37
"1210","User #25323","Timepoint 58",11.8405195474625,15,37
"1211","User #25323","Timepoint 59",13.002238214016,15,37
"1212","User #25323","Timepoint 60",12.4057179093361,15,37
"1213","User #25323","Timepoint 61",13.8863068223,15,37
"1214","User #25323","Timepoint 62",12.2236149907112,15,37
"1215","User #25323","Timepoint 63",12.0149111151695,15,37
"1216","User #25323","Timepoint 64",12.5330241918564,15,37
"1217","User #25312","Timepoint 1",0,15,37
"1218","User #25312","Timepoint 2",0,15,37
"1219","User #25312","Timepoint 3",0,15,37
"1220","User #25312","Timepoint 4",0,15,37
"1221","User #25312","Timepoint 5",0,15,37
"1222","User #25312","Timepoint 6",0,15,37
"1223","User #25312","Timepoint 7",0,15,37
"1224","User #25312","Timepoint 8",0,15,37
"1225","User #25312","Timepoint 9",0,15,37
"1226","User #25312","Timepoint 10",0,15,37
"1227","User #25312","Timepoint 11",0,15,37
"1228","User #25312","Timepoint 12",0,15,37
"1229","User #25312","Timepoint 13",0,15,37
"1230","User #25312","Timepoint 14",0,15,37
"1231","User #25312","Timepoint 15",0,15,37
"1232","User #25312","Timepoint 16",0,15,37
"1233","User #25312","Timepoint 17",NA,15,37
"1234","User #25312","Timepoint 18",NA,15,37
"1235","User #25312","Timepoint 19",NA,15,37
"1236","User #25312","Timepoint 20",NA,15,37
"1237","User #25312","Timepoint 21",NA,15,37
"1238","User #25312","Timepoint 22",NA,15,37
"1239","User #25312","Timepoint 23",NA,15,37
"1240","User #25312","Timepoint 24",NA,15,37
"1241","User #25312","Timepoint 25",NA,15,37
"1242","User #25312","Timepoint 26",NA,15,37
"1243","User #25312","Timepoint 27",NA,15,37
"1244","User #25312","Timepoint 28",NA,15,37
"1245","User #25312","Timepoint 29",NA,15,37
"1246","User #25312","Timepoint 30",NA,15,37
"1247","User #25312","Timepoint 31",NA,15,37
"1248","User #25312","Timepoint 32",NA,15,37
"1249","User #25312","Timepoint 33",6.8011462688446,15,37
"1250","User #25312","Timepoint 34",6.39633959531784,15,37
"1251","User #25312","Timepoint 35",6.71525281667709,15,37
"1252","User #25312","Timepoint 36",6.70858377218246,15,37
"1253","User #25312","Timepoint 37",6.85653424263,15,37
"1254","User #25312","Timepoint 38",6.65418195724487,15,37
"1255","User #25312","Timepoint 39",6.51290446519852,15,37
"1256","User #25312","Timepoint 40",6.57486939430237,15,37
"1257","User #25312","Timepoint 41",6.55898749828339,15,37
"1258","User #25312","Timepoint 42",6.37620487809181,15,37
"1259","User #25312","Timepoint 43",6.50156319141388,15,37
"1260","User #25312","Timepoint 44",6.48946356773376,15,37
"1261","User #25312","Timepoint 45",6.57185709476471,15,37
"1262","User #25312","Timepoint 46",6.48976075649261,15,37
"1263","User #25312","Timepoint 47",6.42405200004578,15,37
"1264","User #25312","Timepoint 48",6.45704567432404,15,37
"1265","User #25312","Timepoint 49",6.27607443928719,15,37
"1266","User #25312","Timepoint 50",6.26623502373695,15,37
"1267","User #25312","Timepoint 51",6.26512029767036,15,37
"1268","User #25312","Timepoint 52",6.33171051740646,15,37
"1269","User #25312","Timepoint 53",6.27115678787231,15,37
"1270","User #25312","Timepoint 54",6.33115583658218,15,37
"1271","User #25312","Timepoint 55",6.2973764538765,15,37
"1272","User #25312","Timepoint 56",6.22964996099472,15,37
"1273","User #25312","Timepoint 57",6.66520780324936,15,37
"1274","User #25312","Timepoint 58",6.37729287147522,15,37
"1275","User #25312","Timepoint 59",6.56593728065491,15,37
"1276","User #25312","Timepoint 60",6.56530338525772,15,37
"1277","User #25312","Timepoint 61",6.74522739648819,15,37
"1278","User #25312","Timepoint 62",6.56976264715195,15,37
"1279","User #25312","Timepoint 63",6.46417337656021,15,37
"1280","User #25312","Timepoint 64",6.45982336997986,15,37
"1281","User #25354","Timepoint 1",0,15,37
"1282","User #25354","Timepoint 2",0,15,37
"1283","User #25354","Timepoint 3",0,15,37
"1284","User #25354","Timepoint 4",0,15,37
"1285","User #25354","Timepoint 5",0,15,37
"1286","User #25354","Timepoint 6",0,15,37
"1287","User #25354","Timepoint 7",0,15,37
"1288","User #25354","Timepoint 8",0,15,37
"1289","User #25354","Timepoint 9",0,15,37
"1290","User #25354","Timepoint 10",0,15,37
"1291","User #25354","Timepoint 11",0,15,37
"1292","User #25354","Timepoint 12",0,15,37
"1293","User #25354","Timepoint 13",0,15,37
"1294","User #25354","Timepoint 14",0,15,37
"1295","User #25354","Timepoint 15",0,15,37
"1296","User #25354","Timepoint 16",0,15,37
"1297","User #25354","Timepoint 17",NA,15,37
"1298","User #25354","Timepoint 18",NA,15,37
"1299","User #25354","Timepoint 19",NA,15,37
"1300","User #25354","Timepoint 20",NA,15,37
"1301","User #25354","Timepoint 21",NA,15,37
"1302","User #25354","Timepoint 22",NA,15,37
"1303","User #25354","Timepoint 23",NA,15,37
"1304","User #25354","Timepoint 24",NA,15,37
"1305","User #25354","Timepoint 25",NA,15,37
"1306","User #25354","Timepoint 26",NA,15,37
"1307","User #25354","Timepoint 27",NA,15,37
"1308","User #25354","Timepoint 28",NA,15,37
"1309","User #25354","Timepoint 29",NA,15,37
"1310","User #25354","Timepoint 30",NA,15,37
"1311","User #25354","Timepoint 31",NA,15,37
"1312","User #25354","Timepoint 32",NA,15,37
"1313","User #25354","Timepoint 33",6.68939018249512,15,37
"1314","User #25354","Timepoint 34",6.68470394611359,15,37
"1315","User #25354","Timepoint 35",6.60117173194885,15,37
"1316","User #25354","Timepoint 36",6.6111171245575,15,37
"1317","User #25354","Timepoint 37",6.87620139122009,15,37
"1318","User #25354","Timepoint 38",6.79544448852539,15,37
"1319","User #25354","Timepoint 39",6.69683814048767,15,37
"1320","User #25354","Timepoint 40",6.56305456161499,15,37
"1321","User #25354","Timepoint 41",5.98570901155472,15,37
"1322","User #25354","Timepoint 42",6.49853610992432,15,37
"1323","User #25354","Timepoint 43",6.10045981407166,15,37
"1324","User #25354","Timepoint 44",6.17072629928589,15,37
"1325","User #25354","Timepoint 45",6.01746296882629,15,37
"1326","User #25354","Timepoint 46",6.32264804840088,15,37
"1327","User #25354","Timepoint 47",6.47088491916656,15,37
"1328","User #25354","Timepoint 48",6.22175145149231,15,37
"1329","User #25354","Timepoint 49",5.96018761396408,15,37
"1330","User #25354","Timepoint 50",6.4859790802002,15,37
"1331","User #25354","Timepoint 51",6.08038139343262,15,37
"1332","User #25354","Timepoint 52",6.15119361877441,15,37
"1333","User #25354","Timepoint 53",5.9852739572525,15,37
"1334","User #25354","Timepoint 54",6.30616426467896,15,37
"1335","User #25354","Timepoint 55",6.45891976356506,15,37
"1336","User #25354","Timepoint 56",6.20854735374451,15,37
"1337","User #25354","Timepoint 57",5.94847637414932,15,37
"1338","User #25354","Timepoint 58",6.48068523406982,15,37
"1339","User #25354","Timepoint 59",6.07474982738495,15,37
"1340","User #25354","Timepoint 60",6.13855123519897,15,37
"1341","User #25354","Timepoint 61",5.96947121620178,15,37
"1342","User #25354","Timepoint 62",6.2931604385376,15,37
"1343","User #25354","Timepoint 63",6.45021510124207,15,37
"1344","User #25354","Timepoint 64",6.20405149459839,15,37
"1345","User #25350","Timepoint 1",0,15,37
"1346","User #25350","Timepoint 2",0,15,37
"1347","User #25350","Timepoint 3",0,15,37
"1348","User #25350","Timepoint 4",0,15,37
"1349","User #25350","Timepoint 5",0,15,37
"1350","User #25350","Timepoint 6",0,15,37
"1351","User #25350","Timepoint 7",0,15,37
"1352","User #25350","Timepoint 8",0,15,37
"1353","User #25350","Timepoint 9",0,15,37
"1354","User #25350","Timepoint 10",0,15,37
"1355","User #25350","Timepoint 11",0,15,37
"1356","User #25350","Timepoint 12",0,15,37
"1357","User #25350","Timepoint 13",0,15,37
"1358","User #25350","Timepoint 14",0,15,37
"1359","User #25350","Timepoint 15",0,15,37
"1360","User #25350","Timepoint 16",0,15,37
"1361","User #25350","Timepoint 17",NA,15,37
"1362","User #25350","Timepoint 18",NA,15,37
"1363","User #25350","Timepoint 19",NA,15,37
"1364","User #25350","Timepoint 20",NA,15,37
"1365","User #25350","Timepoint 21",NA,15,37
"1366","User #25350","Timepoint 22",NA,15,37
"1367","User #25350","Timepoint 23",NA,15,37
"1368","User #25350","Timepoint 24",NA,15,37
"1369","User #25350","Timepoint 25",NA,15,37
"1370","User #25350","Timepoint 26",NA,15,37
"1371","User #25350","Timepoint 27",NA,15,37
"1372","User #25350","Timepoint 28",NA,15,37
"1373","User #25350","Timepoint 29",NA,15,37
"1374","User #25350","Timepoint 30",NA,15,37
"1375","User #25350","Timepoint 31",NA,15,37
"1376","User #25350","Timepoint 32",NA,15,37
"1377","User #25350","Timepoint 33",7.10720348358154,15,37
"1378","User #25350","Timepoint 34",6.92740309238434,15,37
"1379","User #25350","Timepoint 35",6.98417866230011,15,37
"1380","User #25350","Timepoint 36",6.97471904754639,15,37
"1381","User #25350","Timepoint 37",7.18489766120911,15,37
"1382","User #25350","Timepoint 38",7.0228179693222,15,37
"1383","User #25350","Timepoint 39",6.94940429925919,15,37
"1384","User #25350","Timepoint 40",7.02388286590576,15,37
"1385","User #25350","Timepoint 41",7.02841854095459,15,37
"1386","User #25350","Timepoint 42",6.9339702129364,15,37
"1387","User #25350","Timepoint 43",6.92913866043091,15,37
"1388","User #25350","Timepoint 44",6.94715213775635,15,37
"1389","User #25350","Timepoint 45",7.07043862342834,15,37
"1390","User #25350","Timepoint 46",7.01318049430847,15,37
"1391","User #25350","Timepoint 47",6.95288175344467,15,37
"1392","User #25350","Timepoint 48",6.96512222290039,15,37
"1393","User #25350","Timepoint 49",7.03071224689484,15,37
"1394","User #25350","Timepoint 50",7.52453589439392,15,37
"1395","User #25350","Timepoint 51",7.13093876838684,15,37
"1396","User #25350","Timepoint 52",7.20278573036194,15,37
"1397","User #25350","Timepoint 53",7.03992342948914,15,37
"1398","User #25350","Timepoint 54",7.3520405292511,15,37
"1399","User #25350","Timepoint 55",7.48522257804871,15,37
"1400","User #25350","Timepoint 56",7.26356148719788,15,37
"1401","User #25350","Timepoint 57",6.97213572263718,15,37
"1402","User #25350","Timepoint 58",7.49379551410675,15,37
"1403","User #25350","Timepoint 59",7.08977997303009,15,37
"1404","User #25350","Timepoint 60",7.15700650215149,15,37
"1405","User #25350","Timepoint 61",6.98750269412994,15,37
"1406","User #25350","Timepoint 62",7.31643772125244,15,37
"1407","User #25350","Timepoint 63",7.45453238487244,15,37
"1408","User #25350","Timepoint 64",7.21703338623047,15,37
"1409","User #25393","Timepoint 1",0,15,37
"1410","User #25393","Timepoint 2",0,15,37
"1411","User #25393","Timepoint 3",0,15,37
"1412","User #25393","Timepoint 4",0,15,37
"1413","User #25393","Timepoint 5",0,15,37
"1414","User #25393","Timepoint 6",0,15,37
"1415","User #25393","Timepoint 7",0,15,37
"1416","User #25393","Timepoint 8",0,15,37
"1417","User #25393","Timepoint 9",0,15,37
"1418","User #25393","Timepoint 10",0,15,37
"1419","User #25393","Timepoint 11",0,15,37
"1420","User #25393","Timepoint 12",0,15,37
"1421","User #25393","Timepoint 13",0,15,37
"1422","User #25393","Timepoint 14",0,15,37
"1423","User #25393","Timepoint 15",0,15,37
"1424","User #25393","Timepoint 16",0,15,37
"1425","User #25393","Timepoint 17",NA,15,37
"1426","User #25393","Timepoint 18",NA,15,37
"1427","User #25393","Timepoint 19",NA,15,37
"1428","User #25393","Timepoint 20",NA,15,37
"1429","User #25393","Timepoint 21",NA,15,37
"1430","User #25393","Timepoint 22",NA,15,37
"1431","User #25393","Timepoint 23",NA,15,37
"1432","User #25393","Timepoint 24",NA,15,37
"1433","User #25393","Timepoint 25",NA,15,37
"1434","User #25393","Timepoint 26",NA,15,37
"1435","User #25393","Timepoint 27",NA,15,37
"1436","User #25393","Timepoint 28",NA,15,37
"1437","User #25393","Timepoint 29",NA,15,37
"1438","User #25393","Timepoint 30",NA,15,37
"1439","User #25393","Timepoint 31",NA,15,37
"1440","User #25393","Timepoint 32",NA,15,37
"1441","User #25393","Timepoint 33",9.59450542926788,15,37
"1442","User #25393","Timepoint 34",9.62528896331787,15,37
"1443","User #25393","Timepoint 35",9.52037131786346,15,37
"1444","User #25393","Timepoint 36",9.51361393928528,15,37
"1445","User #25393","Timepoint 37",9.69308733940125,15,37
"1446","User #25393","Timepoint 38",9.62038516998291,15,37
"1447","User #25393","Timepoint 39",9.60664224624634,15,37
"1448","User #25393","Timepoint 40",9.47282147407532,15,37
"1449","User #25393","Timepoint 41",9.8349951505661,15,37
"1450","User #25393","Timepoint 42",9.54727673530579,15,37
"1451","User #25393","Timepoint 43",9.55498075485229,15,37
"1452","User #25393","Timepoint 44",9.65911626815796,15,37
"1453","User #25393","Timepoint 45",9.98364531993866,15,37
"1454","User #25393","Timepoint 46",9.68304300308228,15,37
"1455","User #25393","Timepoint 47",9.65272688865662,15,37
"1456","User #25393","Timepoint 48",9.49186301231384,15,37
"1457","User #25393","Timepoint 49",9.48700094223022,15,37
"1458","User #25393","Timepoint 50",10.203319311142,15,37
"1459","User #25393","Timepoint 51",9.60846710205078,15,37
"1460","User #25393","Timepoint 52",9.72296857833862,15,37
"1461","User #25393","Timepoint 53",9.52945995330811,15,37
"1462","User #25393","Timepoint 54",9.95397233963013,15,37
"1463","User #25393","Timepoint 55",10.1852934360504,15,37
"1464","User #25393","Timepoint 56",9.77236795425415,15,37
"1465","User #25393","Timepoint 57",10.5763864517212,15,37
"1466","User #25393","Timepoint 58",10.608115196228,15,37
"1467","User #25393","Timepoint 59",10.4421248435974,15,37
"1468","User #25393","Timepoint 60",10.4377460479736,15,37
"1469","User #25393","Timepoint 61",10.7422657012939,15,37
"1470","User #25393","Timepoint 62",10.5721526145935,15,37
"1471","User #25393","Timepoint 63",10.6561551094055,15,37
"1472","User #25393","Timepoint 64",10.4177460670471,15,37
"1473","User #25388","Timepoint 1",0,15,37
"1474","User #25388","Timepoint 2",0,15,37
"1475","User #25388","Timepoint 3",0,15,37
"1476","User #25388","Timepoint 4",0,15,37
"1477","User #25388","Timepoint 5",0,15,37
"1478","User #25388","Timepoint 6",0,15,37
"1479","User #25388","Timepoint 7",0,15,37
"1480","User #25388","Timepoint 8",0,15,37
"1481","User #25388","Timepoint 9",0,15,37
"1482","User #25388","Timepoint 10",0,15,37
"1483","User #25388","Timepoint 11",0,15,37
"1484","User #25388","Timepoint 12",0,15,37
"1485","User #25388","Timepoint 13",0,15,37
"1486","User #25388","Timepoint 14",0,15,37
"1487","User #25388","Timepoint 15",0,15,37
"1488","User #25388","Timepoint 16",0,15,37
"1489","User #25388","Timepoint 17",NA,15,37
"1490","User #25388","Timepoint 18",NA,15,37
"1491","User #25388","Timepoint 19",NA,15,37
"1492","User #25388","Timepoint 20",NA,15,37
"1493","User #25388","Timepoint 21",NA,15,37
"1494","User #25388","Timepoint 22",NA,15,37
"1495","User #25388","Timepoint 23",NA,15,37
"1496","User #25388","Timepoint 24",NA,15,37
"1497","User #25388","Timepoint 25",NA,15,37
"1498","User #25388","Timepoint 26",NA,15,37
"1499","User #25388","Timepoint 27",NA,15,37
"1500","User #25388","Timepoint 28",NA,15,37
"1501","User #25388","Timepoint 29",NA,15,37
"1502","User #25388","Timepoint 30",NA,15,37
"1503","User #25388","Timepoint 31",NA,15,37
"1504","User #25388","Timepoint 32",NA,15,37
"1505","User #25388","Timepoint 33",7.90121686458588,15,37
"1506","User #25388","Timepoint 34",7.8649440407753,15,37
"1507","User #25388","Timepoint 35",7.85961055755615,15,37
"1508","User #25388","Timepoint 36",7.83156907558441,15,37
"1509","User #25388","Timepoint 37",7.99501395225525,15,37
"1510","User #25388","Timepoint 38",7.90068912506104,15,37
"1511","User #25388","Timepoint 39",7.87041842937469,15,37
"1512","User #25388","Timepoint 40",7.79521179199219,15,37
"1513","User #25388","Timepoint 41",7.68886625766754,15,37
"1514","User #25388","Timepoint 42",7.8534973859787,15,37
"1515","User #25388","Timepoint 43",7.73801851272583,15,37
"1516","User #25388","Timepoint 44",7.73839235305786,15,37
"1517","User #25388","Timepoint 45",7.72700047492981,15,37
"1518","User #25388","Timepoint 46",7.77240300178528,15,37
"1519","User #25388","Timepoint 47",7.81999158859253,15,37
"1520","User #25388","Timepoint 48",7.73454630374908,15,37
"1521","User #25388","Timepoint 49",8.2638173699379,15,37
"1522","User #25388","Timepoint 50",8.35533970594406,15,37
"1523","User #25388","Timepoint 51",8.27095097303391,15,37
"1524","User #25388","Timepoint 52",8.24610835313797,15,37
"1525","User #25388","Timepoint 53",8.38214802742004,15,37
"1526","User #25388","Timepoint 54",8.27808260917664,15,37
"1527","User #25388","Timepoint 55",8.31783920526505,15,37
"1528","User #25388","Timepoint 56",8.2315309047699,15,37
"1529","User #25388","Timepoint 57",8.06530421972275,15,37
"1530","User #25388","Timepoint 58",8.28382682800293,15,37
"1531","User #25388","Timepoint 59",8.11446812748909,15,37
"1532","User #25388","Timepoint 60",8.09744477272034,15,37
"1533","User #25388","Timepoint 61",8.1229100227356,15,37
"1534","User #25388","Timepoint 62",8.15428096055984,15,37
"1535","User #25388","Timepoint 63",8.24764293432236,15,37
"1536","User #25388","Timepoint 64",8.14315444231033,15,37
"1537","User #25330","Timepoint 1",0,15,37
"1538","User #25330","Timepoint 2",0,15,37
"1539","User #25330","Timepoint 3",0,15,37
"1540","User #25330","Timepoint 4",0,15,37
"1541","User #25330","Timepoint 5",0,15,37
"1542","User #25330","Timepoint 6",0,15,37
"1543","User #25330","Timepoint 7",0,15,37
"1544","User #25330","Timepoint 8",0,15,37
"1545","User #25330","Timepoint 9",0,15,37
"1546","User #25330","Timepoint 10",0,15,37
"1547","User #25330","Timepoint 11",0,15,37
"1548","User #25330","Timepoint 12",0,15,37
"1549","User #25330","Timepoint 13",0,15,37
"1550","User #25330","Timepoint 14",0,15,37
"1551","User #25330","Timepoint 15",0,15,37
"1552","User #25330","Timepoint 16",0,15,37
"1553","User #25330","Timepoint 17",NA,15,37
"1554","User #25330","Timepoint 18",NA,15,37
"1555","User #25330","Timepoint 19",NA,15,37
"1556","User #25330","Timepoint 20",NA,15,37
"1557","User #25330","Timepoint 21",NA,15,37
"1558","User #25330","Timepoint 22",NA,15,37
"1559","User #25330","Timepoint 23",NA,15,37
"1560","User #25330","Timepoint 24",NA,15,37
"1561","User #25330","Timepoint 25",NA,15,37
"1562","User #25330","Timepoint 26",NA,15,37
"1563","User #25330","Timepoint 27",NA,15,37
"1564","User #25330","Timepoint 28",NA,15,37
"1565","User #25330","Timepoint 29",NA,15,37
"1566","User #25330","Timepoint 30",NA,15,37
"1567","User #25330","Timepoint 31",NA,15,37
"1568","User #25330","Timepoint 32",NA,15,37
"1569","User #25330","Timepoint 33",13.1286406517029,15,37
"1570","User #25330","Timepoint 34",11.3225445747375,15,37
"1571","User #25330","Timepoint 35",12.898256778717,15,37
"1572","User #25330","Timepoint 36",12.3249359130859,15,37
"1573","User #25330","Timepoint 37",13.952253818512,15,37
"1574","User #25330","Timepoint 38",12.0676755905151,15,37
"1575","User #25330","Timepoint 39",11.4075794219971,15,37
"1576","User #25330","Timepoint 40",11.3894858360291,15,37
"1577","User #25330","Timepoint 41",9.62316751480103,15,37
"1578","User #25330","Timepoint 42",10.2803559303284,15,37
"1579","User #25330","Timepoint 43",9.84311151504517,15,37
"1580","User #25330","Timepoint 44",9.85561180114746,15,37
"1581","User #25330","Timepoint 45",9.71655583381653,15,37
"1582","User #25330","Timepoint 46",10.0742392539978,15,37
"1583","User #25330","Timepoint 47",10.2742223739624,15,37
"1584","User #25330","Timepoint 48",9.774986743927,15,37
"1585","User #25330","Timepoint 49",9.24425458908081,15,37
"1586","User #25330","Timepoint 50",10.1122939586639,15,37
"1587","User #25330","Timepoint 51",9.46169590950012,15,37
"1588","User #25330","Timepoint 52",9.55638313293457,15,37
"1589","User #25330","Timepoint 53",9.31058764457703,15,37
"1590","User #25330","Timepoint 54",9.80751609802246,15,37
"1591","User #25330","Timepoint 55",10.0773768424988,15,37
"1592","User #25330","Timepoint 56",9.6225643157959,15,37
"1593","User #25330","Timepoint 57",10.2174968719482,15,37
"1594","User #25330","Timepoint 58",10.6994407176971,15,37
"1595","User #25330","Timepoint 59",10.3379030227661,15,37
"1596","User #25330","Timepoint 60",10.2697019577026,15,37
"1597","User #25330","Timepoint 61",10.3825814723969,15,37
"1598","User #25330","Timepoint 62",10.3539514541626,15,37
"1599","User #25330","Timepoint 63",10.5587248802185,15,37
"1600","User #25330","Timepoint 64",10.3925585746765,15,37
"1601","User #25391","Timepoint 1",0,15,37
"1602","User #25391","Timepoint 2",0,15,37
"1603","User #25391","Timepoint 3",0,15,37
"1604","User #25391","Timepoint 4",0,15,37
"1605","User #25391","Timepoint 5",0,15,37
"1606","User #25391","Timepoint 6",0,15,37
"1607","User #25391","Timepoint 7",0,15,37
"1608","User #25391","Timepoint 8",0,15,37
"1609","User #25391","Timepoint 9",0,15,37
"1610","User #25391","Timepoint 10",0,15,37
"1611","User #25391","Timepoint 11",0,15,37
"1612","User #25391","Timepoint 12",0,15,37
"1613","User #25391","Timepoint 13",0,15,37
"1614","User #25391","Timepoint 14",0,15,37
"1615","User #25391","Timepoint 15",0,15,37
"1616","User #25391","Timepoint 16",0,15,37
"1617","User #25391","Timepoint 17",NA,15,37
"1618","User #25391","Timepoint 18",NA,15,37
"1619","User #25391","Timepoint 19",NA,15,37
"1620","User #25391","Timepoint 20",NA,15,37
"1621","User #25391","Timepoint 21",NA,15,37
"1622","User #25391","Timepoint 22",NA,15,37
"1623","User #25391","Timepoint 23",NA,15,37
"1624","User #25391","Timepoint 24",NA,15,37
"1625","User #25391","Timepoint 25",NA,15,37
"1626","User #25391","Timepoint 26",NA,15,37
"1627","User #25391","Timepoint 27",NA,15,37
"1628","User #25391","Timepoint 28",NA,15,37
"1629","User #25391","Timepoint 29",NA,15,37
"1630","User #25391","Timepoint 30",NA,15,37
"1631","User #25391","Timepoint 31",NA,15,37
"1632","User #25391","Timepoint 32",NA,15,37
"1633","User #25391","Timepoint 33",6.75327086448669,15,37
"1634","User #25391","Timepoint 34",6.69902300834656,15,37
"1635","User #25391","Timepoint 35",6.66175997257233,15,37
"1636","User #25391","Timepoint 36",6.64228773117065,15,37
"1637","User #25391","Timepoint 37",7.00414276123047,15,37
"1638","User #25391","Timepoint 38",6.83699798583984,15,37
"1639","User #25391","Timepoint 39",6.66421020030975,15,37
"1640","User #25391","Timepoint 40",6.55876612663269,15,37
"1641","User #25391","Timepoint 41",6.20611894130707,15,37
"1642","User #25391","Timepoint 42",6.56034290790558,15,37
"1643","User #25391","Timepoint 43",6.25648236274719,15,37
"1644","User #25391","Timepoint 44",6.30362963676453,15,37
"1645","User #25391","Timepoint 45",6.30880546569824,15,37
"1646","User #25391","Timepoint 46",6.49867987632751,15,37
"1647","User #25391","Timepoint 47",6.53877377510071,15,37
"1648","User #25391","Timepoint 48",6.31931304931641,15,37
"1649","User #25391","Timepoint 49",6.65620237588882,15,37
"1650","User #25391","Timepoint 50",7.33413338661194,15,37
"1651","User #25391","Timepoint 51",6.79716819524765,15,37
"1652","User #25391","Timepoint 52",6.85695141553879,15,37
"1653","User #25391","Timepoint 53",6.76890593767166,15,37
"1654","User #25391","Timepoint 54",7.10607624053955,15,37
"1655","User #25391","Timepoint 55",7.27434730529785,15,37
"1656","User #25391","Timepoint 56",6.96246361732483,15,37
"1657","User #25391","Timepoint 57",6.58578526973724,15,37
"1658","User #25391","Timepoint 58",7.30400824546814,15,37
"1659","User #25391","Timepoint 59",6.74303066730499,15,37
"1660","User #25391","Timepoint 60",6.81998932361603,15,37
"1661","User #25391","Timepoint 61",6.65820384025574,15,37
"1662","User #25391","Timepoint 62",7.05774641036987,15,37
"1663","User #25391","Timepoint 63",7.24558365345001,15,37
"1664","User #25391","Timepoint 64",6.91931331157684,15,37
"1665","User #25297","Timepoint 1",0,15,37
"1666","User #25297","Timepoint 2",0,15,37
"1667","User #25297","Timepoint 3",0,15,37
"1668","User #25297","Timepoint 4",0,15,37
"1669","User #25297","Timepoint 5",0,15,37
"1670","User #25297","Timepoint 6",0,15,37
"1671","User #25297","Timepoint 7",0,15,37
"1672","User #25297","Timepoint 8",0,15,37
"1673","User #25297","Timepoint 9",0,15,37
"1674","User #25297","Timepoint 10",0,15,37
"1675","User #25297","Timepoint 11",0,15,37
"1676","User #25297","Timepoint 12",0,15,37
"1677","User #25297","Timepoint 13",0,15,37
"1678","User #25297","Timepoint 14",0,15,37
"1679","User #25297","Timepoint 15",0,15,37
"1680","User #25297","Timepoint 16",0,15,37
"1681","User #25297","Timepoint 17",NA,15,37
"1682","User #25297","Timepoint 18",NA,15,37
"1683","User #25297","Timepoint 19",NA,15,37
"1684","User #25297","Timepoint 20",NA,15,37
"1685","User #25297","Timepoint 21",NA,15,37
"1686","User #25297","Timepoint 22",NA,15,37
"1687","User #25297","Timepoint 23",NA,15,37
"1688","User #25297","Timepoint 24",NA,15,37
"1689","User #25297","Timepoint 25",NA,15,37
"1690","User #25297","Timepoint 26",NA,15,37
"1691","User #25297","Timepoint 27",NA,15,37
"1692","User #25297","Timepoint 28",NA,15,37
"1693","User #25297","Timepoint 29",NA,15,37
"1694","User #25297","Timepoint 30",NA,15,37
"1695","User #25297","Timepoint 31",NA,15,37
"1696","User #25297","Timepoint 32",NA,15,37
"1697","User #25297","Timepoint 33",16.0552975535393,15,37
"1698","User #25297","Timepoint 34",15.5004346966743,15,37
"1699","User #25297","Timepoint 35",15.783746778965,15,37
"1700","User #25297","Timepoint 36",15.6738252043724,15,37
"1701","User #25297","Timepoint 37",16.2702483534813,15,37
"1702","User #25297","Timepoint 38",15.7759140133858,15,37
"1703","User #25297","Timepoint 39",15.5231335163116,15,37
"1704","User #25297","Timepoint 40",15.6532283425331,15,37
"1705","User #25297","Timepoint 41",16.8935572504997,15,37
"1706","User #25297","Timepoint 42",15.7145752906799,15,37
"1707","User #25297","Timepoint 43",16.3993926048279,15,37
"1708","User #25297","Timepoint 44",16.1946619153023,15,37
"1709","User #25297","Timepoint 45",16.9902076125145,15,37
"1710","User #25297","Timepoint 46",16.0280641913414,15,37
"1711","User #25297","Timepoint 47",15.7973672151566,15,37
"1712","User #25297","Timepoint 48",16.195084810257,15,37
"1713","User #25297","Timepoint 49",15.1832586526871,15,37
"1714","User #25297","Timepoint 50",13.9726486206055,15,37
"1715","User #25297","Timepoint 51",14.6332731246948,15,37
"1716","User #25297","Timepoint 52",14.2543699741364,15,37
"1717","User #25297","Timepoint 53",15.271895647049,15,37
"1718","User #25297","Timepoint 54",14.2530252933502,15,37
"1719","User #25297","Timepoint 55",14.0045583248138,15,37
"1720","User #25297","Timepoint 56",14.3546388149261,15,37
"1721","User #25297","Timepoint 57",13.830069899559,15,37
"1722","User #25297","Timepoint 58",13.5641065239906,15,37
"1723","User #25297","Timepoint 59",13.5751316547394,15,37
"1724","User #25297","Timepoint 60",13.6469547748566,15,37
"1725","User #25297","Timepoint 61",13.896611571312,15,37
"1726","User #25297","Timepoint 62",13.7089366912842,15,37
"1727","User #25297","Timepoint 63",13.5411913394928,15,37
"1728","User #25297","Timepoint 64",13.4960150718689,15,37
"1729","User #25383","Timepoint 1",0,15,37
"1730","User #25383","Timepoint 2",0,15,37
"1731","User #25383","Timepoint 3",0,15,37
"1732","User #25383","Timepoint 4",0,15,37
"1733","User #25383","Timepoint 5",0,15,37
"1734","User #25383","Timepoint 6",0,15,37
"1735","User #25383","Timepoint 7",0,15,37
"1736","User #25383","Timepoint 8",0,15,37
"1737","User #25383","Timepoint 9",0,15,37
"1738","User #25383","Timepoint 10",0,15,37
"1739","User #25383","Timepoint 11",0,15,37
"1740","User #25383","Timepoint 12",0,15,37
"1741","User #25383","Timepoint 13",0,15,37
"1742","User #25383","Timepoint 14",0,15,37
"1743","User #25383","Timepoint 15",0,15,37
"1744","User #25383","Timepoint 16",0,15,37
"1745","User #25383","Timepoint 17",NA,15,37
"1746","User #25383","Timepoint 18",NA,15,37
"1747","User #25383","Timepoint 19",NA,15,37
"1748","User #25383","Timepoint 20",NA,15,37
"1749","User #25383","Timepoint 21",NA,15,37
"1750","User #25383","Timepoint 22",NA,15,37
"1751","User #25383","Timepoint 23",NA,15,37
"1752","User #25383","Timepoint 24",NA,15,37
"1753","User #25383","Timepoint 25",NA,15,37
"1754","User #25383","Timepoint 26",NA,15,37
"1755","User #25383","Timepoint 27",NA,15,37
"1756","User #25383","Timepoint 28",NA,15,37
"1757","User #25383","Timepoint 29",NA,15,37
"1758","User #25383","Timepoint 30",NA,15,37
"1759","User #25383","Timepoint 31",NA,15,37
"1760","User #25383","Timepoint 32",NA,15,37
"1761","User #25383","Timepoint 33",6.8011462688446,15,37
"1762","User #25383","Timepoint 34",6.39633959531784,15,37
"1763","User #25383","Timepoint 35",6.71525281667709,15,37
"1764","User #25383","Timepoint 36",6.70858377218246,15,37
"1765","User #25383","Timepoint 37",6.85653424263,15,37
"1766","User #25383","Timepoint 38",6.65418195724487,15,37
"1767","User #25383","Timepoint 39",6.51290446519852,15,37
"1768","User #25383","Timepoint 40",6.57486939430237,15,37
"1769","User #25383","Timepoint 41",6.55898749828339,15,37
"1770","User #25383","Timepoint 42",6.37620487809181,15,37
"1771","User #25383","Timepoint 43",6.50156319141388,15,37
"1772","User #25383","Timepoint 44",6.48946356773376,15,37
"1773","User #25383","Timepoint 45",6.57185709476471,15,37
"1774","User #25383","Timepoint 46",6.48976075649261,15,37
"1775","User #25383","Timepoint 47",6.42405200004578,15,37
"1776","User #25383","Timepoint 48",6.45704567432404,15,37
"1777","User #25383","Timepoint 49",6.27607443928719,15,37
"1778","User #25383","Timepoint 50",6.26623502373695,15,37
"1779","User #25383","Timepoint 51",6.26512029767036,15,37
"1780","User #25383","Timepoint 52",6.33171051740646,15,37
"1781","User #25383","Timepoint 53",6.27115678787231,15,37
"1782","User #25383","Timepoint 54",6.33115583658218,15,37
"1783","User #25383","Timepoint 55",6.2973764538765,15,37
"1784","User #25383","Timepoint 56",6.22964996099472,15,37
"1785","User #25383","Timepoint 57",6.66520780324936,15,37
"1786","User #25383","Timepoint 58",6.37729287147522,15,37
"1787","User #25383","Timepoint 59",6.56593728065491,15,37
"1788","User #25383","Timepoint 60",6.56530338525772,15,37
"1789","User #25383","Timepoint 61",6.74522739648819,15,37
"1790","User #25383","Timepoint 62",6.56976264715195,15,37
"1791","User #25383","Timepoint 63",6.46417337656021,15,37
"1792","User #25383","Timepoint 64",6.45982336997986,15,37
"1793","User #25335","Timepoint 1",0,15,37
"1794","User #25335","Timepoint 2",0,15,37
"1795","User #25335","Timepoint 3",0,15,37
"1796","User #25335","Timepoint 4",0,15,37
"1797","User #25335","Timepoint 5",0,15,37
"1798","User #25335","Timepoint 6",0,15,37
"1799","User #25335","Timepoint 7",0,15,37
"1800","User #25335","Timepoint 8",0,15,37
"1801","User #25335","Timepoint 9",0,15,37
"1802","User #25335","Timepoint 10",0,15,37
"1803","User #25335","Timepoint 11",0,15,37
"1804","User #25335","Timepoint 12",0,15,37
"1805","User #25335","Timepoint 13",0,15,37
"1806","User #25335","Timepoint 14",0,15,37
"1807","User #25335","Timepoint 15",0,15,37
"1808","User #25335","Timepoint 16",0,15,37
"1809","User #25335","Timepoint 17",NA,15,37
"1810","User #25335","Timepoint 18",NA,15,37
"1811","User #25335","Timepoint 19",NA,15,37
"1812","User #25335","Timepoint 20",NA,15,37
"1813","User #25335","Timepoint 21",NA,15,37
"1814","User #25335","Timepoint 22",NA,15,37
"1815","User #25335","Timepoint 23",NA,15,37
"1816","User #25335","Timepoint 24",NA,15,37
"1817","User #25335","Timepoint 25",NA,15,37
"1818","User #25335","Timepoint 26",NA,15,37
"1819","User #25335","Timepoint 27",NA,15,37
"1820","User #25335","Timepoint 28",NA,15,37
"1821","User #25335","Timepoint 29",NA,15,37
"1822","User #25335","Timepoint 30",NA,15,37
"1823","User #25335","Timepoint 31",NA,15,37
"1824","User #25335","Timepoint 32",NA,15,37
"1825","User #25335","Timepoint 33",7.3526918888092,15,37
"1826","User #25335","Timepoint 34",7.10018396377563,15,37
"1827","User #25335","Timepoint 35",7.25355789065361,15,37
"1828","User #25335","Timepoint 36",7.33802765607834,15,37
"1829","User #25335","Timepoint 37",7.60962396860123,15,37
"1830","User #25335","Timepoint 38",7.43312805891037,15,37
"1831","User #25335","Timepoint 39",7.14717909693718,15,37
"1832","User #25335","Timepoint 40",6.96138739585876,15,37
"1833","User #25335","Timepoint 41",6.77079200744629,15,37
"1834","User #25335","Timepoint 42",7.05940589308739,15,37
"1835","User #25335","Timepoint 43",6.81792587041855,15,37
"1836","User #25335","Timepoint 44",6.85128420591354,15,37
"1837","User #25335","Timepoint 45",6.8805567920208,15,37
"1838","User #25335","Timepoint 46",6.99459165334702,15,37
"1839","User #25335","Timepoint 47",7.03577682375908,15,37
"1840","User #25335","Timepoint 48",6.81621521711349,15,37
"1841","User #25335","Timepoint 49",6.60404205322266,15,37
"1842","User #25335","Timepoint 50",6.99221387505531,15,37
"1843","User #25335","Timepoint 51",6.69250845909119,15,37
"1844","User #25335","Timepoint 52",6.75739198923111,15,37
"1845","User #25335","Timepoint 53",6.6492486000061,15,37
"1846","User #25335","Timepoint 54",6.89613819122314,15,37
"1847","User #25335","Timepoint 55",6.95973709225655,15,37
"1848","User #25335","Timepoint 56",6.72492176294327,15,37
"1849","User #25335","Timepoint 57",7.55358099937439,15,37
"1850","User #25335","Timepoint 58",7.10633814334869,15,37
"1851","User #25335","Timepoint 59",7.33010947704315,15,37
"1852","User #25335","Timepoint 60",7.50725030899048,15,37
"1853","User #25335","Timepoint 61",7.80178338289261,15,37
"1854","User #25335","Timepoint 62",7.56935775279999,15,37
"1855","User #25335","Timepoint 63",7.14075237512589,15,37
"1856","User #25335","Timepoint 64",6.96860164403915,15,37
"1857","User #25334","Timepoint 1",0,15,37
"1858","User #25334","Timepoint 2",0,15,37
"1859","User #25334","Timepoint 3",0,15,37
"1860","User #25334","Timepoint 4",0,15,37
"1861","User #25334","Timepoint 5",0,15,37
"1862","User #25334","Timepoint 6",0,15,37
"1863","User #25334","Timepoint 7",0,15,37
"1864","User #25334","Timepoint 8",0,15,37
"1865","User #25334","Timepoint 9",0,15,37
"1866","User #25334","Timepoint 10",0,15,37
"1867","User #25334","Timepoint 11",0,15,37
"1868","User #25334","Timepoint 12",0,15,37
"1869","User #25334","Timepoint 13",0,15,37
"1870","User #25334","Timepoint 14",0,15,37
"1871","User #25334","Timepoint 15",0,15,37
"1872","User #25334","Timepoint 16",0,15,37
"1873","User #25334","Timepoint 17",NA,15,37
"1874","User #25334","Timepoint 18",NA,15,37
"1875","User #25334","Timepoint 19",NA,15,37
"1876","User #25334","Timepoint 20",NA,15,37
"1877","User #25334","Timepoint 21",NA,15,37
"1878","User #25334","Timepoint 22",NA,15,37
"1879","User #25334","Timepoint 23",NA,15,37
"1880","User #25334","Timepoint 24",NA,15,37
"1881","User #25334","Timepoint 25",NA,15,37
"1882","User #25334","Timepoint 26",NA,15,37
"1883","User #25334","Timepoint 27",NA,15,37
"1884","User #25334","Timepoint 28",NA,15,37
"1885","User #25334","Timepoint 29",NA,15,37
"1886","User #25334","Timepoint 30",NA,15,37
"1887","User #25334","Timepoint 31",NA,15,37
"1888","User #25334","Timepoint 32",NA,15,37
"1889","User #25334","Timepoint 33",10.8517324924469,15,37
"1890","User #25334","Timepoint 34",10.5771636962891,15,37
"1891","User #25334","Timepoint 35",10.7697774171829,15,37
"1892","User #25334","Timepoint 36",10.6364920139313,15,37
"1893","User #25334","Timepoint 37",11.0763914585114,15,37
"1894","User #25334","Timepoint 38",10.712185382843,15,37
"1895","User #25334","Timepoint 39",10.6364827156067,15,37
"1896","User #25334","Timepoint 40",10.3935325145721,15,37
"1897","User #25334","Timepoint 41",8.7558525800705,15,37
"1898","User #25334","Timepoint 42",9.86829805374146,15,37
"1899","User #25334","Timepoint 43",8.99604439735413,15,37
"1900","User #25334","Timepoint 44",9.13243508338928,15,37
"1901","User #25334","Timepoint 45",8.89959073066711,15,37
"1902","User #25334","Timepoint 46",9.43436527252197,15,37
"1903","User #25334","Timepoint 47",9.79297661781311,15,37
"1904","User #25334","Timepoint 48",9.24254941940308,15,37
"1905","User #25334","Timepoint 49",9.90844750404358,15,37
"1906","User #25334","Timepoint 50",10.1644897460938,15,37
"1907","User #25334","Timepoint 51",9.93735384941101,15,37
"1908","User #25334","Timepoint 52",10.2277276515961,15,37
"1909","User #25334","Timepoint 53",9.92288422584534,15,37
"1910","User #25334","Timepoint 54",10.2664544582367,15,37
"1911","User #25334","Timepoint 55",10.3356508016586,15,37
"1912","User #25334","Timepoint 56",9.66441583633423,15,37
"1913","User #25334","Timepoint 57",10.1352633237839,15,37
"1914","User #25334","Timepoint 58",10.1083693504333,15,37
"1915","User #25334","Timepoint 59",9.9637496471405,15,37
"1916","User #25334","Timepoint 60",9.99557638168335,15,37
"1917","User #25334","Timepoint 61",10.6572194099426,15,37
"1918","User #25334","Timepoint 62",10.1382613182068,15,37
"1919","User #25334","Timepoint 63",10.1727294921875,15,37
"1920","User #25334","Timepoint 64",9.98024845123291,15,37
"1921","User #25366","Timepoint 1",0,15,37
"1922","User #25366","Timepoint 2",0,15,37
"1923","User #25366","Timepoint 3",0,15,37
"1924","User #25366","Timepoint 4",0,15,37
"1925","User #25366","Timepoint 5",0,15,37
"1926","User #25366","Timepoint 6",0,15,37
"1927","User #25366","Timepoint 7",0,15,37
"1928","User #25366","Timepoint 8",0,15,37
"1929","User #25366","Timepoint 9",0,15,37
"1930","User #25366","Timepoint 10",0,15,37
"1931","User #25366","Timepoint 11",0,15,37
"1932","User #25366","Timepoint 12",0,15,37
"1933","User #25366","Timepoint 13",0,15,37
"1934","User #25366","Timepoint 14",0,15,37
"1935","User #25366","Timepoint 15",0,15,37
"1936","User #25366","Timepoint 16",0,15,37
"1937","User #25366","Timepoint 17",NA,15,37
"1938","User #25366","Timepoint 18",NA,15,37
"1939","User #25366","Timepoint 19",NA,15,37
"1940","User #25366","Timepoint 20",NA,15,37
"1941","User #25366","Timepoint 21",NA,15,37
"1942","User #25366","Timepoint 22",NA,15,37
"1943","User #25366","Timepoint 23",NA,15,37
"1944","User #25366","Timepoint 24",NA,15,37
"1945","User #25366","Timepoint 25",NA,15,37
"1946","User #25366","Timepoint 26",NA,15,37
"1947","User #25366","Timepoint 27",NA,15,37
"1948","User #25366","Timepoint 28",NA,15,37
"1949","User #25366","Timepoint 29",NA,15,37
"1950","User #25366","Timepoint 30",NA,15,37
"1951","User #25366","Timepoint 31",NA,15,37
"1952","User #25366","Timepoint 32",NA,15,37
"1953","User #25366","Timepoint 33",6.4411518573761,15,37
"1954","User #25366","Timepoint 34",5.95276737213135,15,37
"1955","User #25366","Timepoint 35",6.17492198944092,15,37
"1956","User #25366","Timepoint 36",6.19785058498383,15,37
"1957","User #25366","Timepoint 37",6.56853520870209,15,37
"1958","User #25366","Timepoint 38",6.25589108467102,15,37
"1959","User #25366","Timepoint 39",6.02561354637146,15,37
"1960","User #25366","Timepoint 40",6.09254610538483,15,37
"1961","User #25366","Timepoint 41",5.63874709606171,15,37
"1962","User #25366","Timepoint 42",5.79370999336243,15,37
"1963","User #25366","Timepoint 43",5.65241491794586,15,37
"1964","User #25366","Timepoint 44",5.69550943374634,15,37
"1965","User #25366","Timepoint 45",5.67042124271393,15,37
"1966","User #25366","Timepoint 46",5.78927278518677,15,37
"1967","User #25366","Timepoint 47",5.78873252868652,15,37
"1968","User #25366","Timepoint 48",5.685142993927,15,37
"1969","User #25366","Timepoint 49",5.87697845697403,15,37
"1970","User #25366","Timepoint 50",6.15114295482635,15,37
"1971","User #25366","Timepoint 51",5.91305068135262,15,37
"1972","User #25366","Timepoint 52",5.98219579458237,15,37
"1973","User #25366","Timepoint 53",5.90694668889046,15,37
"1974","User #25366","Timepoint 54",6.10798871517181,15,37
"1975","User #25366","Timepoint 55",6.14426738023758,15,37
"1976","User #25366","Timepoint 56",5.96868658065796,15,37
"1977","User #25366","Timepoint 57",5.90402290225029,15,37
"1978","User #25366","Timepoint 58",6.15759840607643,15,37
"1979","User #25366","Timepoint 59",5.93388313055038,15,37
"1980","User #25366","Timepoint 60",6.00522577762604,15,37
"1981","User #25366","Timepoint 61",5.93843546509743,15,37
"1982","User #25366","Timepoint 62",6.13246029615402,15,37
"1983","User #25366","Timepoint 63",6.15979102253914,15,37
"1984","User #25366","Timepoint 64",5.9815770983696,15,37
"1985","User #25360","Timepoint 1",0,15,37
"1986","User #25360","Timepoint 2",0,15,37
"1987","User #25360","Timepoint 3",0,15,37
"1988","User #25360","Timepoint 4",0,15,37
"1989","User #25360","Timepoint 5",0,15,37
"1990","User #25360","Timepoint 6",0,15,37
"1991","User #25360","Timepoint 7",0,15,37
"1992","User #25360","Timepoint 8",0,15,37
"1993","User #25360","Timepoint 9",0,15,37
"1994","User #25360","Timepoint 10",0,15,37
"1995","User #25360","Timepoint 11",0,15,37
"1996","User #25360","Timepoint 12",0,15,37
"1997","User #25360","Timepoint 13",0,15,37
"1998","User #25360","Timepoint 14",0,15,37
"1999","User #25360","Timepoint 15",0,15,37
"2000","User #25360","Timepoint 16",0,15,37
"2001","User #25360","Timepoint 17",NA,15,37
"2002","User #25360","Timepoint 18",NA,15,37
"2003","User #25360","Timepoint 19",NA,15,37
"2004","User #25360","Timepoint 20",NA,15,37
"2005","User #25360","Timepoint 21",NA,15,37
"2006","User #25360","Timepoint 22",NA,15,37
"2007","User #25360","Timepoint 23",NA,15,37
"2008","User #25360","Timepoint 24",NA,15,37
"2009","User #25360","Timepoint 25",NA,15,37
"2010","User #25360","Timepoint 26",NA,15,37
"2011","User #25360","Timepoint 27",NA,15,37
"2012","User #25360","Timepoint 28",NA,15,37
"2013","User #25360","Timepoint 29",NA,15,37
"2014","User #25360","Timepoint 30",NA,15,37
"2015","User #25360","Timepoint 31",NA,15,37
"2016","User #25360","Timepoint 32",NA,15,37
"2017","User #25360","Timepoint 33",7.90121686458588,15,37
"2018","User #25360","Timepoint 34",7.86494398117065,15,37
"2019","User #25360","Timepoint 35",7.85961037874222,15,37
"2020","User #25360","Timepoint 36",7.8315691947937,15,37
"2021","User #25360","Timepoint 37",7.99501395225525,15,37
"2022","User #25360","Timepoint 38",7.90068912506104,15,37
"2023","User #25360","Timepoint 39",7.87041831016541,15,37
"2024","User #25360","Timepoint 40",7.79521179199219,15,37
"2025","User #25360","Timepoint 41",7.68886625766754,15,37
"2026","User #25360","Timepoint 42",7.85349726676941,15,37
"2027","User #25360","Timepoint 43",7.73801851272583,15,37
"2028","User #25360","Timepoint 44",7.73839235305786,15,37
"2029","User #25360","Timepoint 45",7.7270005941391,15,37
"2030","User #25360","Timepoint 46",7.77240300178528,15,37
"2031","User #25360","Timepoint 47",7.81999158859253,15,37
"2032","User #25360","Timepoint 48",7.73454630374908,15,37
"2033","User #25360","Timepoint 49",8.2638173699379,15,37
"2034","User #25360","Timepoint 50",8.355339884758,15,37
"2035","User #25360","Timepoint 51",8.27095106244087,15,37
"2036","User #25360","Timepoint 52",8.24610835313797,15,37
"2037","User #25360","Timepoint 53",8.38214802742004,15,37
"2038","User #25360","Timepoint 54",8.27808260917664,15,37
"2039","User #25360","Timepoint 55",8.31783938407898,15,37
"2040","User #25360","Timepoint 56",8.2315309047699,15,37
"2041","User #25360","Timepoint 57",8.06530421972275,15,37
"2042","User #25360","Timepoint 58",8.28382682800293,15,37
"2043","User #25360","Timepoint 59",8.11446821689606,15,37
"2044","User #25360","Timepoint 60",8.09744477272034,15,37
"2045","User #25360","Timepoint 61",8.1229100227356,15,37
"2046","User #25360","Timepoint 62",8.15428096055984,15,37
"2047","User #25360","Timepoint 63",8.24764302372932,15,37
"2048","User #25360","Timepoint 64",8.14315462112427,15,37
"2049","User #25370","Timepoint 1",0,15,37
"2050","User #25370","Timepoint 2",0,15,37
"2051","User #25370","Timepoint 3",0,15,37
"2052","User #25370","Timepoint 4",0,15,37
"2053","User #25370","Timepoint 5",0,15,37
"2054","User #25370","Timepoint 6",0,15,37
"2055","User #25370","Timepoint 7",0,15,37
"2056","User #25370","Timepoint 8",0,15,37
"2057","User #25370","Timepoint 9",0,15,37
"2058","User #25370","Timepoint 10",0,15,37
"2059","User #25370","Timepoint 11",0,15,37
"2060","User #25370","Timepoint 12",0,15,37
"2061","User #25370","Timepoint 13",0,15,37
"2062","User #25370","Timepoint 14",0,15,37
"2063","User #25370","Timepoint 15",0,15,37
"2064","User #25370","Timepoint 16",0,15,37
"2065","User #25370","Timepoint 17",NA,15,37
"2066","User #25370","Timepoint 18",NA,15,37
"2067","User #25370","Timepoint 19",NA,15,37
"2068","User #25370","Timepoint 20",NA,15,37
"2069","User #25370","Timepoint 21",NA,15,37
"2070","User #25370","Timepoint 22",NA,15,37
"2071","User #25370","Timepoint 23",NA,15,37
"2072","User #25370","Timepoint 24",NA,15,37
"2073","User #25370","Timepoint 25",NA,15,37
"2074","User #25370","Timepoint 26",NA,15,37
"2075","User #25370","Timepoint 27",NA,15,37
"2076","User #25370","Timepoint 28",NA,15,37
"2077","User #25370","Timepoint 29",NA,15,37
"2078","User #25370","Timepoint 30",NA,15,37
"2079","User #25370","Timepoint 31",NA,15,37
"2080","User #25370","Timepoint 32",NA,15,37
"2081","User #25370","Timepoint 33",14.0142846107483,15,37
"2082","User #25370","Timepoint 34",10.3344304561615,15,37
"2083","User #25370","Timepoint 35",13.697683095932,15,37
"2084","User #25370","Timepoint 36",12.9068999290466,15,37
"2085","User #25370","Timepoint 37",14.5720181465149,15,37
"2086","User #25370","Timepoint 38",11.7938375473022,15,37
"2087","User #25370","Timepoint 39",10.5088881254196,15,37
"2088","User #25370","Timepoint 40",11.0600749254227,15,37
"2089","User #25370","Timepoint 41",7.80912548303604,15,37
"2090","User #25370","Timepoint 42",8.39531797170639,15,37
"2091","User #25370","Timepoint 43",7.95288902521133,15,37
"2092","User #25370","Timepoint 44",8.01248073577881,15,37
"2093","User #25370","Timepoint 45",7.87204992771149,15,37
"2094","User #25370","Timepoint 46",8.20731389522552,15,37
"2095","User #25370","Timepoint 47",8.31801617145538,15,37
"2096","User #25370","Timepoint 48",8.02461075782776,15,37
"2097","User #25370","Timepoint 49",8.06038284301758,15,37
"2098","User #25370","Timepoint 50",8.51853650808334,15,37
"2099","User #25370","Timepoint 51",8.19045567512512,15,37
"2100","User #25370","Timepoint 52",8.22543382644653,15,37
"2101","User #25370","Timepoint 53",8.12992894649506,15,37
"2102","User #25370","Timepoint 54",8.37512111663818,15,37
"2103","User #25370","Timepoint 55",8.43749123811722,15,37
"2104","User #25370","Timepoint 56",8.18551540374756,15,37
"2105","User #25370","Timepoint 57",7.73383033275604,15,37
"2106","User #25370","Timepoint 58",8.37561857700348,15,37
"2107","User #25370","Timepoint 59",7.89504432678223,15,37
"2108","User #25370","Timepoint 60",7.94164323806763,15,37
"2109","User #25370","Timepoint 61",7.76242429018021,15,37
"2110","User #25370","Timepoint 62",8.09727394580841,15,37
"2111","User #25370","Timepoint 63",8.29888933897018,15,37
"2112","User #25370","Timepoint 64",8.01532709598541,15,37
"2113","User #25297","Timepoint 1",0,15,37
"2114","User #25297","Timepoint 2",0,15,37
"2115","User #25297","Timepoint 3",0,15,37
"2116","User #25297","Timepoint 4",0,15,37
"2117","User #25297","Timepoint 5",0,15,37
"2118","User #25297","Timepoint 6",0,15,37
"2119","User #25297","Timepoint 7",0,15,37
"2120","User #25297","Timepoint 8",0,15,37
"2121","User #25297","Timepoint 9",0,15,37
"2122","User #25297","Timepoint 10",0,15,37
"2123","User #25297","Timepoint 11",0,15,37
"2124","User #25297","Timepoint 12",0,15,37
"2125","User #25297","Timepoint 13",0,15,37
"2126","User #25297","Timepoint 14",0,15,37
"2127","User #25297","Timepoint 15",0,15,37
"2128","User #25297","Timepoint 16",0,15,37
"2129","User #25297","Timepoint 17",NA,15,37
"2130","User #25297","Timepoint 18",NA,15,37
"2131","User #25297","Timepoint 19",NA,15,37
"2132","User #25297","Timepoint 20",NA,15,37
"2133","User #25297","Timepoint 21",NA,15,37
"2134","User #25297","Timepoint 22",NA,15,37
"2135","User #25297","Timepoint 23",NA,15,37
"2136","User #25297","Timepoint 24",NA,15,37
"2137","User #25297","Timepoint 25",NA,15,37
"2138","User #25297","Timepoint 26",NA,15,37
"2139","User #25297","Timepoint 27",NA,15,37
"2140","User #25297","Timepoint 28",NA,15,37
"2141","User #25297","Timepoint 29",NA,15,37
"2142","User #25297","Timepoint 30",NA,15,37
"2143","User #25297","Timepoint 31",NA,15,37
"2144","User #25297","Timepoint 32",NA,15,37
"2145","User #25297","Timepoint 33",9.98698997497559,15,37
"2146","User #25297","Timepoint 34",7.00587344169617,15,37
"2147","User #25297","Timepoint 35",8.7498722076416,15,37
"2148","User #25297","Timepoint 36",8.50963234901428,15,37
"2149","User #25297","Timepoint 37",10.6452498435974,15,37
"2150","User #25297","Timepoint 38",8.23084902763367,15,37
"2151","User #25297","Timepoint 39",7.06322932243347,15,37
"2152","User #25297","Timepoint 40",7.87487506866455,15,37
"2153","User #25297","Timepoint 41",7.07476449012756,15,37
"2154","User #25297","Timepoint 42",6.89691710472107,15,37
"2155","User #25297","Timepoint 43",6.90390133857727,15,37
"2156","User #25297","Timepoint 44",6.94527077674866,15,37
"2157","User #25297","Timepoint 45",7.19689702987671,15,37
"2158","User #25297","Timepoint 46",7.00714659690857,15,37
"2159","User #25297","Timepoint 47",6.8033162355423,15,37
"2160","User #25297","Timepoint 48",6.88129138946533,15,37
"2161","User #25297","Timepoint 49",6.76438480615616,15,37
"2162","User #25297","Timepoint 50",7.21471324563026,15,37
"2163","User #25297","Timepoint 51",6.88598230481148,15,37
"2164","User #25297","Timepoint 52",6.85219466686249,15,37
"2165","User #25297","Timepoint 53",6.82870328426361,15,37
"2166","User #25297","Timepoint 54",6.9552081823349,15,37
"2167","User #25297","Timepoint 55",7.07910642027855,15,37
"2168","User #25297","Timepoint 56",6.96826964616776,15,37
"2169","User #25297","Timepoint 57",6.77344977855682,15,37
"2170","User #25297","Timepoint 58",7.25769817829132,15,37
"2171","User #25297","Timepoint 59",6.86802700161934,15,37
"2172","User #25297","Timepoint 60",6.85148656368256,15,37
"2173","User #25297","Timepoint 61",6.82789176702499,15,37
"2174","User #25297","Timepoint 62",6.99567198753357,15,37
"2175","User #25297","Timepoint 63",7.0633190870285,15,37
"2176","User #25297","Timepoint 64",6.98583602905273,15,37
"2177","User #25353","Timepoint 1",0,15,37
"2178","User #25353","Timepoint 2",0,15,37
"2179","User #25353","Timepoint 3",0,15,37
"2180","User #25353","Timepoint 4",0,15,37
"2181","User #25353","Timepoint 5",0,15,37
"2182","User #25353","Timepoint 6",0,15,37
"2183","User #25353","Timepoint 7",0,15,37
"2184","User #25353","Timepoint 8",0,15,37
"2185","User #25353","Timepoint 9",0,15,37
"2186","User #25353","Timepoint 10",0,15,37
"2187","User #25353","Timepoint 11",0,15,37
"2188","User #25353","Timepoint 12",0,15,37
"2189","User #25353","Timepoint 13",0,15,37
"2190","User #25353","Timepoint 14",0,15,37
"2191","User #25353","Timepoint 15",0,15,37
"2192","User #25353","Timepoint 16",0,15,37
"2193","User #25353","Timepoint 17",NA,15,37
"2194","User #25353","Timepoint 18",NA,15,37
"2195","User #25353","Timepoint 19",NA,15,37
"2196","User #25353","Timepoint 20",NA,15,37
"2197","User #25353","Timepoint 21",NA,15,37
"2198","User #25353","Timepoint 22",NA,15,37
"2199","User #25353","Timepoint 23",NA,15,37
"2200","User #25353","Timepoint 24",NA,15,37
"2201","User #25353","Timepoint 25",NA,15,37
"2202","User #25353","Timepoint 26",NA,15,37
"2203","User #25353","Timepoint 27",NA,15,37
"2204","User #25353","Timepoint 28",NA,15,37
"2205","User #25353","Timepoint 29",NA,15,37
"2206","User #25353","Timepoint 30",NA,15,37
"2207","User #25353","Timepoint 31",NA,15,37
"2208","User #25353","Timepoint 32",NA,15,37
"2209","User #25353","Timepoint 33",13.2326014041901,15,37
"2210","User #25353","Timepoint 34",9.39251792430878,15,37
"2211","User #25353","Timepoint 35",11.9840626120567,15,37
"2212","User #25353","Timepoint 36",11.4163438677788,15,37
"2213","User #25353","Timepoint 37",13.5901410579681,15,37
"2214","User #25353","Timepoint 38",10.469495177269,15,37
"2215","User #25353","Timepoint 39",10.1053307652473,15,37
"2216","User #25353","Timepoint 40",10.7378093600273,15,37
"2217","User #25353","Timepoint 41",9.42145448923111,15,37
"2218","User #25353","Timepoint 42",9.32131004333496,15,37
"2219","User #25353","Timepoint 43",9.37253814935684,15,37
"2220","User #25353","Timepoint 44",9.40395456552505,15,37
"2221","User #25353","Timepoint 45",9.49770194292068,15,37
"2222","User #25353","Timepoint 46",9.60455667972565,15,37
"2223","User #25353","Timepoint 47",9.3617297410965,15,37
"2224","User #25353","Timepoint 48",9.19865024089813,15,37
"2225","User #25353","Timepoint 49",9.64194369316101,15,37
"2226","User #25353","Timepoint 50",10.5861821174622,15,37
"2227","User #25353","Timepoint 51",9.8534742295742,15,37
"2228","User #25353","Timepoint 52",9.94834905862808,15,37
"2229","User #25353","Timepoint 53",9.64565560221672,15,37
"2230","User #25353","Timepoint 54",10.2828462719917,15,37
"2231","User #25353","Timepoint 55",10.5336746573448,15,37
"2232","User #25353","Timepoint 56",10.0432000160217,15,37
"2233","User #25353","Timepoint 57",13.2719686627388,15,37
"2234","User #25353","Timepoint 58",11.7494636774063,15,37
"2235","User #25353","Timepoint 59",12.4736241698265,15,37
"2236","User #25353","Timepoint 60",12.3416337370872,15,37
"2237","User #25353","Timepoint 61",13.7004837393761,15,37
"2238","User #25353","Timepoint 62",12.6072260737419,15,37
"2239","User #25353","Timepoint 63",12.0899143218994,15,37
"2240","User #25353","Timepoint 64",12.2478781938553,15,37
"2241","User #25320","Timepoint 1",0,15,37
"2242","User #25320","Timepoint 2",0,15,37
"2243","User #25320","Timepoint 3",0,15,37
"2244","User #25320","Timepoint 4",0,15,37
"2245","User #25320","Timepoint 5",0,15,37
"2246","User #25320","Timepoint 6",0,15,37
"2247","User #25320","Timepoint 7",0,15,37
"2248","User #25320","Timepoint 8",0,15,37
"2249","User #25320","Timepoint 9",0,15,37
"2250","User #25320","Timepoint 10",0,15,37
"2251","User #25320","Timepoint 11",0,15,37
"2252","User #25320","Timepoint 12",0,15,37
"2253","User #25320","Timepoint 13",0,15,37
"2254","User #25320","Timepoint 14",0,15,37
"2255","User #25320","Timepoint 15",0,15,37
"2256","User #25320","Timepoint 16",0,15,37
"2257","User #25320","Timepoint 17",NA,15,37
"2258","User #25320","Timepoint 18",NA,15,37
"2259","User #25320","Timepoint 19",NA,15,37
"2260","User #25320","Timepoint 20",NA,15,37
"2261","User #25320","Timepoint 21",NA,15,37
"2262","User #25320","Timepoint 22",NA,15,37
"2263","User #25320","Timepoint 23",NA,15,37
"2264","User #25320","Timepoint 24",NA,15,37
"2265","User #25320","Timepoint 25",NA,15,37
"2266","User #25320","Timepoint 26",NA,15,37
"2267","User #25320","Timepoint 27",NA,15,37
"2268","User #25320","Timepoint 28",NA,15,37
"2269","User #25320","Timepoint 29",NA,15,37
"2270","User #25320","Timepoint 30",NA,15,37
"2271","User #25320","Timepoint 31",NA,15,37
"2272","User #25320","Timepoint 32",NA,15,37
"2273","User #25320","Timepoint 33",15.7537978887558,15,37
"2274","User #25320","Timepoint 34",14.9673566222191,15,37
"2275","User #25320","Timepoint 35",15.7201200723648,15,37
"2276","User #25320","Timepoint 36",15.1743423938751,15,37
"2277","User #25320","Timepoint 37",15.9666508436203,15,37
"2278","User #25320","Timepoint 38",15.1890856027603,15,37
"2279","User #25320","Timepoint 39",15.1276528835297,15,37
"2280","User #25320","Timepoint 40",14.7819310426712,15,37
"2281","User #25320","Timepoint 41",13.5046029090881,15,37
"2282","User #25320","Timepoint 42",14.0145862102509,15,37
"2283","User #25320","Timepoint 43",13.5606759786606,15,37
"2284","User #25320","Timepoint 44",13.8093227148056,15,37
"2285","User #25320","Timepoint 45",13.7374585866928,15,37
"2286","User #25320","Timepoint 46",14.0594267845154,15,37
"2287","User #25320","Timepoint 47",14.0595424175262,15,37
"2288","User #25320","Timepoint 48",13.4194749593735,15,37
"2289","User #25320","Timepoint 49",12.9017360508442,15,37
"2290","User #25320","Timepoint 50",13.6874338984489,15,37
"2291","User #25320","Timepoint 51",13.1022007167339,15,37
"2292","User #25320","Timepoint 52",13.3642877340317,15,37
"2293","User #25320","Timepoint 53",13.1177252233028,15,37
"2294","User #25320","Timepoint 54",13.6156355142593,15,37
"2295","User #25320","Timepoint 55",13.8068181276321,15,37
"2296","User #25320","Timepoint 56",12.9773499965668,15,37
"2297","User #25320","Timepoint 57",11.9459639489651,15,37
"2298","User #25320","Timepoint 58",13.2343980073929,15,37
"2299","User #25320","Timepoint 59",12.2647618353367,15,37
"2300","User #25320","Timepoint 60",12.473928630352,15,37
"2301","User #25320","Timepoint 61",11.9990425109863,15,37
"2302","User #25320","Timepoint 62",12.8041394352913,15,37
"2303","User #25320","Timepoint 63",13.2052569389343,15,37
"2304","User #25320","Timepoint 64",12.5286204218864,15,37
"2305","User #25346","Timepoint 1",0,15,37
"2306","User #25346","Timepoint 2",0,15,37
"2307","User #25346","Timepoint 3",0,15,37
"2308","User #25346","Timepoint 4",0,15,37
"2309","User #25346","Timepoint 5",0,15,37
"2310","User #25346","Timepoint 6",0,15,37
"2311","User #25346","Timepoint 7",0,15,37
"2312","User #25346","Timepoint 8",0,15,37
"2313","User #25346","Timepoint 9",0,15,37
"2314","User #25346","Timepoint 10",0,15,37
"2315","User #25346","Timepoint 11",0,15,37
"2316","User #25346","Timepoint 12",0,15,37
"2317","User #25346","Timepoint 13",0,15,37
"2318","User #25346","Timepoint 14",0,15,37
"2319","User #25346","Timepoint 15",0,15,37
"2320","User #25346","Timepoint 16",0,15,37
"2321","User #25346","Timepoint 17",NA,15,37
"2322","User #25346","Timepoint 18",NA,15,37
"2323","User #25346","Timepoint 19",NA,15,37
"2324","User #25346","Timepoint 20",NA,15,37
"2325","User #25346","Timepoint 21",NA,15,37
"2326","User #25346","Timepoint 22",NA,15,37
"2327","User #25346","Timepoint 23",NA,15,37
"2328","User #25346","Timepoint 24",NA,15,37
"2329","User #25346","Timepoint 25",NA,15,37
"2330","User #25346","Timepoint 26",NA,15,37
"2331","User #25346","Timepoint 27",NA,15,37
"2332","User #25346","Timepoint 28",NA,15,37
"2333","User #25346","Timepoint 29",NA,15,37
"2334","User #25346","Timepoint 30",NA,15,37
"2335","User #25346","Timepoint 31",NA,15,37
"2336","User #25346","Timepoint 32",NA,15,37
"2337","User #25346","Timepoint 33",12.2543543577194,15,37
"2338","User #25346","Timepoint 34",12.0867699384689,15,37
"2339","User #25346","Timepoint 35",12.0687255263329,15,37
"2340","User #25346","Timepoint 36",12.1639630198479,15,37
"2341","User #25346","Timepoint 37",12.6066654920578,15,37
"2342","User #25346","Timepoint 38",12.4273493885994,15,37
"2343","User #25346","Timepoint 39",12.0200851559639,15,37
"2344","User #25346","Timepoint 40",11.8501797318459,15,37
"2345","User #25346","Timepoint 41",11.8453803658485,15,37
"2346","User #25346","Timepoint 42",12.0588397979736,15,37
"2347","User #25346","Timepoint 43",11.8745088577271,15,37
"2348","User #25346","Timepoint 44",11.896071434021,15,37
"2349","User #25346","Timepoint 45",12.015928030014,15,37
"2350","User #25346","Timepoint 46",12.125438451767,15,37
"2351","User #25346","Timepoint 47",12.0539581775665,15,37
"2352","User #25346","Timepoint 48",11.7845037579536,15,37
"2353","User #25346","Timepoint 49",11.8834407627583,15,37
"2354","User #25346","Timepoint 50",12.0632046461105,15,37
"2355","User #25346","Timepoint 51",11.9184832274914,15,37
"2356","User #25346","Timepoint 52",11.9116351008415,15,37
"2357","User #25346","Timepoint 53",12.096783220768,15,37
"2358","User #25346","Timepoint 54",12.1313020586967,15,37
"2359","User #25346","Timepoint 55",12.0745661854744,15,37
"2360","User #25346","Timepoint 56",11.8076094985008,15,37
"2361","User #25346","Timepoint 57",12.8250986337662,15,37
"2362","User #25346","Timepoint 58",12.3595437407494,15,37
"2363","User #25346","Timepoint 59",12.5868660211563,15,37
"2364","User #25346","Timepoint 60",12.5544312596321,15,37
"2365","User #25346","Timepoint 61",13.2307288050652,15,37
"2366","User #25346","Timepoint 62",12.7760788798332,15,37
"2367","User #25346","Timepoint 63",12.3071974515915,15,37
"2368","User #25346","Timepoint 64",12.2337660193443,15,37
"2369","User #25334","Timepoint 1",0,15,37
"2370","User #25334","Timepoint 2",0,15,37
"2371","User #25334","Timepoint 3",0,15,37
"2372","User #25334","Timepoint 4",0,15,37
"2373","User #25334","Timepoint 5",0,15,37
"2374","User #25334","Timepoint 6",0,15,37
"2375","User #25334","Timepoint 7",0,15,37
"2376","User #25334","Timepoint 8",0,15,37
"2377","User #25334","Timepoint 9",0,15,37
"2378","User #25334","Timepoint 10",0,15,37
"2379","User #25334","Timepoint 11",0,15,37
"2380","User #25334","Timepoint 12",0,15,37
"2381","User #25334","Timepoint 13",0,15,37
"2382","User #25334","Timepoint 14",0,15,37
"2383","User #25334","Timepoint 15",0,15,37
"2384","User #25334","Timepoint 16",0,15,37
"2385","User #25334","Timepoint 17",NA,15,37
"2386","User #25334","Timepoint 18",NA,15,37
"2387","User #25334","Timepoint 19",NA,15,37
"2388","User #25334","Timepoint 20",NA,15,37
"2389","User #25334","Timepoint 21",NA,15,37
"2390","User #25334","Timepoint 22",NA,15,37
"2391","User #25334","Timepoint 23",NA,15,37
"2392","User #25334","Timepoint 24",NA,15,37
"2393","User #25334","Timepoint 25",NA,15,37
"2394","User #25334","Timepoint 26",NA,15,37
"2395","User #25334","Timepoint 27",NA,15,37
"2396","User #25334","Timepoint 28",NA,15,37
"2397","User #25334","Timepoint 29",NA,15,37
"2398","User #25334","Timepoint 30",NA,15,37
"2399","User #25334","Timepoint 31",NA,15,37
"2400","User #25334","Timepoint 32",NA,15,37
"2401","User #25334","Timepoint 33",8.00309002399445,15,37
"2402","User #25334","Timepoint 34",7.27286458015442,15,37
"2403","User #25334","Timepoint 35",7.79635339975357,15,37
"2404","User #25334","Timepoint 36",7.6872780919075,15,37
"2405","User #25334","Timepoint 37",8.20697277784348,15,37
"2406","User #25334","Timepoint 38",7.73946791887283,15,37
"2407","User #25334","Timepoint 39",7.56270349025726,15,37
"2408","User #25334","Timepoint 40",7.29619681835175,15,37
"2409","User #25334","Timepoint 41",7.02576294541359,15,37
"2410","User #25334","Timepoint 42",7.13365614414215,15,37
"2411","User #25334","Timepoint 43",6.99146434664726,15,37
"2412","User #25334","Timepoint 44",7.07960486412048,15,37
"2413","User #25334","Timepoint 45",7.03456878662109,15,37
"2414","User #25334","Timepoint 46",7.20248341560364,15,37
"2415","User #25334","Timepoint 47",7.20433712005615,15,37
"2416","User #25334","Timepoint 48",6.9264543056488,15,37
"2417","User #25334","Timepoint 49",6.72283470630646,15,37
"2418","User #25334","Timepoint 50",7.04919800162315,15,37
"2419","User #25334","Timepoint 51",6.73689037561417,15,37
"2420","User #25334","Timepoint 52",6.83041423559189,15,37
"2421","User #25334","Timepoint 53",6.74622908234596,15,37
"2422","User #25334","Timepoint 54",6.97012305259705,15,37
"2423","User #25334","Timepoint 55",7.05200403928757,15,37
"2424","User #25334","Timepoint 56",6.81578129529953,15,37
"2425","User #25334","Timepoint 57",7.12664693593979,15,37
"2426","User #25334","Timepoint 58",7.16348513960838,15,37
"2427","User #25334","Timepoint 59",7.0559087395668,15,37
"2428","User #25334","Timepoint 60",7.10344702005386,15,37
"2429","User #25334","Timepoint 61",7.16949671506882,15,37
"2430","User #25334","Timepoint 62",7.25225150585175,15,37
"2431","User #25334","Timepoint 63",7.25796177983284,15,37
"2432","User #25334","Timepoint 64",7.00872540473938,15,37
"2433","User #25350","Timepoint 1",0,15,37
"2434","User #25350","Timepoint 2",0,15,37
"2435","User #25350","Timepoint 3",0,15,37
"2436","User #25350","Timepoint 4",0,15,37
"2437","User #25350","Timepoint 5",0,15,37
"2438","User #25350","Timepoint 6",0,15,37
"2439","User #25350","Timepoint 7",0,15,37
"2440","User #25350","Timepoint 8",0,15,37
"2441","User #25350","Timepoint 9",0,15,37
"2442","User #25350","Timepoint 10",0,15,37
"2443","User #25350","Timepoint 11",0,15,37
"2444","User #25350","Timepoint 12",0,15,37
"2445","User #25350","Timepoint 13",0,15,37
"2446","User #25350","Timepoint 14",0,15,37
"2447","User #25350","Timepoint 15",0,15,37
"2448","User #25350","Timepoint 16",0,15,37
"2449","User #25350","Timepoint 17",NA,15,37
"2450","User #25350","Timepoint 18",NA,15,37
"2451","User #25350","Timepoint 19",NA,15,37
"2452","User #25350","Timepoint 20",NA,15,37
"2453","User #25350","Timepoint 21",NA,15,37
"2454","User #25350","Timepoint 22",NA,15,37
"2455","User #25350","Timepoint 23",NA,15,37
"2456","User #25350","Timepoint 24",NA,15,37
"2457","User #25350","Timepoint 25",NA,15,37
"2458","User #25350","Timepoint 26",NA,15,37
"2459","User #25350","Timepoint 27",NA,15,37
"2460","User #25350","Timepoint 28",NA,15,37
"2461","User #25350","Timepoint 29",NA,15,37
"2462","User #25350","Timepoint 30",NA,15,37
"2463","User #25350","Timepoint 31",NA,15,37
"2464","User #25350","Timepoint 32",NA,15,37
"2465","User #25350","Timepoint 33",8.36808800697327,15,37
"2466","User #25350","Timepoint 34",8.07816004753113,15,37
"2467","User #25350","Timepoint 35",8.18563055992126,15,37
"2468","User #25350","Timepoint 36",8.09522557258606,15,37
"2469","User #25350","Timepoint 37",8.42781662940979,15,37
"2470","User #25350","Timepoint 38",8.06959915161133,15,37
"2471","User #25350","Timepoint 39",8.0176739692688,15,37
"2472","User #25350","Timepoint 40",8.12068605422974,15,37
"2473","User #25350","Timepoint 41",7.94625544548035,15,37
"2474","User #25350","Timepoint 42",8.01700806617737,15,37
"2475","User #25350","Timepoint 43",7.88971269130707,15,37
"2476","User #25350","Timepoint 44",7.8290684223175,15,37
"2477","User #25350","Timepoint 45",8.0014317035675,15,37
"2478","User #25350","Timepoint 46",7.87313508987427,15,37
"2479","User #25350","Timepoint 47",7.88916444778442,15,37
"2480","User #25350","Timepoint 48",7.93880224227905,15,37
"2481","User #25350","Timepoint 49",7.37894317507744,15,37
"2482","User #25350","Timepoint 50",7.96573138237,15,37
"2483","User #25350","Timepoint 51",7.50352329015732,15,37
"2484","User #25350","Timepoint 52",7.5613004565239,15,37
"2485","User #25350","Timepoint 53",7.39830842614174,15,37
"2486","User #25350","Timepoint 54",7.71142816543579,15,37
"2487","User #25350","Timepoint 55",7.89710646867752,15,37
"2488","User #25350","Timepoint 56",7.66386634111404,15,37
"2489","User #25350","Timepoint 57",8.0336902141571,15,37
"2490","User #25350","Timepoint 58",8.34276652336121,15,37
"2491","User #25350","Timepoint 59",8.08295345306396,15,37
"2492","User #25350","Timepoint 60",8.01666861772537,15,37
"2493","User #25350","Timepoint 61",8.070132791996,15,37
"2494","User #25350","Timepoint 62",8.04834133386612,15,37
"2495","User #25350","Timepoint 63",8.16921120882034,15,37
"2496","User #25350","Timepoint 64",8.15326726436615,15,37
"2497","User #25378","Timepoint 1",0,15,37
"2498","User #25378","Timepoint 2",0,15,37
"2499","User #25378","Timepoint 3",0,15,37
"2500","User #25378","Timepoint 4",0,15,37
"2501","User #25378","Timepoint 5",0,15,37
"2502","User #25378","Timepoint 6",0,15,37
"2503","User #25378","Timepoint 7",0,15,37
"2504","User #25378","Timepoint 8",0,15,37
"2505","User #25378","Timepoint 9",0,15,37
"2506","User #25378","Timepoint 10",0,15,37
"2507","User #25378","Timepoint 11",0,15,37
"2508","User #25378","Timepoint 12",0,15,37
"2509","User #25378","Timepoint 13",0,15,37
"2510","User #25378","Timepoint 14",0,15,37
"2511","User #25378","Timepoint 15",0,15,37
"2512","User #25378","Timepoint 16",0,15,37
"2513","User #25378","Timepoint 17",NA,15,37
"2514","User #25378","Timepoint 18",NA,15,37
"2515","User #25378","Timepoint 19",NA,15,37
"2516","User #25378","Timepoint 20",NA,15,37
"2517","User #25378","Timepoint 21",NA,15,37
"2518","User #25378","Timepoint 22",NA,15,37
"2519","User #25378","Timepoint 23",NA,15,37
"2520","User #25378","Timepoint 24",NA,15,37
"2521","User #25378","Timepoint 25",NA,15,37
"2522","User #25378","Timepoint 26",NA,15,37
"2523","User #25378","Timepoint 27",NA,15,37
"2524","User #25378","Timepoint 28",NA,15,37
"2525","User #25378","Timepoint 29",NA,15,37
"2526","User #25378","Timepoint 30",NA,15,37
"2527","User #25378","Timepoint 31",NA,15,37
"2528","User #25378","Timepoint 32",NA,15,37
"2529","User #25378","Timepoint 33",13.4821758270264,15,37
"2530","User #25378","Timepoint 34",10.2371624708176,15,37
"2531","User #25378","Timepoint 35",13.0815593004227,15,37
"2532","User #25378","Timepoint 36",11.7476943731308,15,37
"2533","User #25378","Timepoint 37",13.0448553562164,15,37
"2534","User #25378","Timepoint 38",10.4446408748627,15,37
"2535","User #25378","Timepoint 39",10.4553619623184,15,37
"2536","User #25378","Timepoint 40",11.7847881317139,15,37
"2537","User #25378","Timepoint 41",8.66291916370392,15,37
"2538","User #25378","Timepoint 42",8.62841731309891,15,37
"2539","User #25378","Timepoint 43",8.6503586769104,15,37
"2540","User #25378","Timepoint 44",8.48270452022552,15,37
"2541","User #25378","Timepoint 45",8.69145429134369,15,37
"2542","User #25378","Timepoint 46",8.45846956968307,15,37
"2543","User #25378","Timepoint 47",8.52145826816559,15,37
"2544","User #25378","Timepoint 48",8.63575047254562,15,37
"2545","User #25378","Timepoint 49",8.48707324266434,15,37
"2546","User #25378","Timepoint 50",8.51608312129974,15,37
"2547","User #25378","Timepoint 51",8.50414043664932,15,37
"2548","User #25378","Timepoint 52",8.31472939252853,15,37
"2549","User #25378","Timepoint 53",8.57514327764511,15,37
"2550","User #25378","Timepoint 54",8.44772106409073,15,37
"2551","User #25378","Timepoint 55",8.41601020097733,15,37
"2552","User #25378","Timepoint 56",8.41269648075104,15,37
"2553","User #25378","Timepoint 57",7.71721950173378,15,37
"2554","User #25378","Timepoint 58",8.11791068315506,15,37
"2555","User #25378","Timepoint 59",7.83986783027649,15,37
"2556","User #25378","Timepoint 60",7.82121127843857,15,37
"2557","User #25378","Timepoint 61",7.73197150230408,15,37
"2558","User #25378","Timepoint 62",7.97600394487381,15,37
"2559","User #25378","Timepoint 63",8.09087610244751,15,37
"2560","User #25378","Timepoint 64",7.85843855142593,15,37
"2561","User #25319","Timepoint 1",0,15,37
"2562","User #25319","Timepoint 2",0,15,37
"2563","User #25319","Timepoint 3",0,15,37
"2564","User #25319","Timepoint 4",0,15,37
"2565","User #25319","Timepoint 5",0,15,37
"2566","User #25319","Timepoint 6",0,15,37
"2567","User #25319","Timepoint 7",0,15,37
"2568","User #25319","Timepoint 8",0,15,37
"2569","User #25319","Timepoint 9",0,15,37
"2570","User #25319","Timepoint 10",0,15,37
"2571","User #25319","Timepoint 11",0,15,37
"2572","User #25319","Timepoint 12",0,15,37
"2573","User #25319","Timepoint 13",0,15,37
"2574","User #25319","Timepoint 14",0,15,37
"2575","User #25319","Timepoint 15",0,15,37
"2576","User #25319","Timepoint 16",0,15,37
"2577","User #25319","Timepoint 17",NA,15,37
"2578","User #25319","Timepoint 18",NA,15,37
"2579","User #25319","Timepoint 19",NA,15,37
"2580","User #25319","Timepoint 20",NA,15,37
"2581","User #25319","Timepoint 21",NA,15,37
"2582","User #25319","Timepoint 22",NA,15,37
"2583","User #25319","Timepoint 23",NA,15,37
"2584","User #25319","Timepoint 24",NA,15,37
"2585","User #25319","Timepoint 25",NA,15,37
"2586","User #25319","Timepoint 26",NA,15,37
"2587","User #25319","Timepoint 27",NA,15,37
"2588","User #25319","Timepoint 28",NA,15,37
"2589","User #25319","Timepoint 29",NA,15,37
"2590","User #25319","Timepoint 30",NA,15,37
"2591","User #25319","Timepoint 31",NA,15,37
"2592","User #25319","Timepoint 32",NA,15,37
"2593","User #25319","Timepoint 33",9.21810555458069,15,37
"2594","User #25319","Timepoint 34",7.84404581785202,15,37
"2595","User #25319","Timepoint 35",8.79703575372696,15,37
"2596","User #25319","Timepoint 36",8.66735488176346,15,37
"2597","User #25319","Timepoint 37",9.76767295598984,15,37
"2598","User #25319","Timepoint 38",8.65824836492538,15,37
"2599","User #25319","Timepoint 39",8.14026004076004,15,37
"2600","User #25319","Timepoint 40",7.84206229448318,15,37
"2601","User #25319","Timepoint 41",6.69863127171993,15,37
"2602","User #25319","Timepoint 42",7.58225035667419,15,37
"2603","User #25319","Timepoint 43",6.90185678005219,15,37
"2604","User #25319","Timepoint 44",7.03429347276688,15,37
"2605","User #25319","Timepoint 45",6.73946279287338,15,37
"2606","User #25319","Timepoint 46",7.29982566833496,15,37
"2607","User #25319","Timepoint 47",7.54005312919617,15,37
"2608","User #25319","Timepoint 48",7.09559035301208,15,37
"2609","User #25319","Timepoint 49",6.67591275274754,15,37
"2610","User #25319","Timepoint 50",7.59459125995636,15,37
"2611","User #25319","Timepoint 51",6.88790827989578,15,37
"2612","User #25319","Timepoint 52",7.00814884901047,15,37
"2613","User #25319","Timepoint 53",6.72187706828117,15,37
"2614","User #25319","Timepoint 54",7.28856122493744,15,37
"2615","User #25319","Timepoint 55",7.53577169775963,15,37
"2616","User #25319","Timepoint 56",7.10523134469986,15,37
"2617","User #25319","Timepoint 57",6.62399995326996,15,37
"2618","User #25319","Timepoint 58",7.56207591295242,15,37
"2619","User #25319","Timepoint 59",6.84298130869865,15,37
"2620","User #25319","Timepoint 60",6.96867448091507,15,37
"2621","User #25319","Timepoint 61",6.66064319014549,15,37
"2622","User #25319","Timepoint 62",7.24327272176743,15,37
"2623","User #25319","Timepoint 63",7.51098620891571,15,37
"2624","User #25319","Timepoint 64",7.06549787521362,15,37
"2625","User #25372","Timepoint 1",0,15,37
"2626","User #25372","Timepoint 2",0,15,37
"2627","User #25372","Timepoint 3",0,15,37
"2628","User #25372","Timepoint 4",0,15,37
"2629","User #25372","Timepoint 5",0,15,37
"2630","User #25372","Timepoint 6",0,15,37
"2631","User #25372","Timepoint 7",0,15,37
"2632","User #25372","Timepoint 8",0,15,37
"2633","User #25372","Timepoint 9",0,15,37
"2634","User #25372","Timepoint 10",0,15,37
"2635","User #25372","Timepoint 11",0,15,37
"2636","User #25372","Timepoint 12",0,15,37
"2637","User #25372","Timepoint 13",0,15,37
"2638","User #25372","Timepoint 14",0,15,37
"2639","User #25372","Timepoint 15",0,15,37
"2640","User #25372","Timepoint 16",0,15,37
"2641","User #25372","Timepoint 17",NA,15,37
"2642","User #25372","Timepoint 18",NA,15,37
"2643","User #25372","Timepoint 19",NA,15,37
"2644","User #25372","Timepoint 20",NA,15,37
"2645","User #25372","Timepoint 21",NA,15,37
"2646","User #25372","Timepoint 22",NA,15,37
"2647","User #25372","Timepoint 23",NA,15,37
"2648","User #25372","Timepoint 24",NA,15,37
"2649","User #25372","Timepoint 25",NA,15,37
"2650","User #25372","Timepoint 26",NA,15,37
"2651","User #25372","Timepoint 27",NA,15,37
"2652","User #25372","Timepoint 28",NA,15,37
"2653","User #25372","Timepoint 29",NA,15,37
"2654","User #25372","Timepoint 30",NA,15,37
"2655","User #25372","Timepoint 31",NA,15,37
"2656","User #25372","Timepoint 32",NA,15,37
"2657","User #25372","Timepoint 33",9.14421892166138,15,37
"2658","User #25372","Timepoint 34",7.82305574417114,15,37
"2659","User #25372","Timepoint 35",8.83819341659546,15,37
"2660","User #25372","Timepoint 36",8.16998314857483,15,37
"2661","User #25372","Timepoint 37",9.59803509712219,15,37
"2662","User #25372","Timepoint 38",8.18483090400696,15,37
"2663","User #25372","Timepoint 39",8.08663153648376,15,37
"2664","User #25372","Timepoint 40",7.76302766799927,15,37
"2665","User #25372","Timepoint 41",7.27821254730225,15,37
"2666","User #25372","Timepoint 42",7.62151265144348,15,37
"2667","User #25372","Timepoint 43",7.37068617343903,15,37
"2668","User #25372","Timepoint 44",7.41547417640686,15,37
"2669","User #25372","Timepoint 45",7.36379027366638,15,37
"2670","User #25372","Timepoint 46",7.5427942276001,15,37
"2671","User #25372","Timepoint 47",7.64887285232544,15,37
"2672","User #25372","Timepoint 48",7.36397814750671,15,37
"2673","User #25372","Timepoint 49",7.30579400062561,15,37
"2674","User #25372","Timepoint 50",7.63134002685547,15,37
"2675","User #25372","Timepoint 51",7.39421892166138,15,37
"2676","User #25372","Timepoint 52",7.42922329902649,15,37
"2677","User #25372","Timepoint 53",7.41121459007263,15,37
"2678","User #25372","Timepoint 54",7.55702471733093,15,37
"2679","User #25372","Timepoint 55",7.66025710105896,15,37
"2680","User #25372","Timepoint 56",7.37217783927917,15,37
"2681","User #25372","Timepoint 57",7.22323310375214,15,37
"2682","User #25372","Timepoint 58",7.59676539897919,15,37
"2683","User #25372","Timepoint 59",7.31867563724518,15,37
"2684","User #25372","Timepoint 60",7.35806202888489,15,37
"2685","User #25372","Timepoint 61",7.30990660190582,15,37
"2686","User #25372","Timepoint 62",7.49808740615845,15,37
"2687","User #25372","Timepoint 63",7.60351574420929,15,37
"2688","User #25372","Timepoint 64",7.34454727172852,15,37
"2689","User #25317","Timepoint 1",0,15,37
"2690","User #25317","Timepoint 2",0,15,37
"2691","User #25317","Timepoint 3",0,15,37
"2692","User #25317","Timepoint 4",0,15,37
"2693","User #25317","Timepoint 5",0,15,37
"2694","User #25317","Timepoint 6",0,15,37
"2695","User #25317","Timepoint 7",0,15,37
"2696","User #25317","Timepoint 8",0,15,37
"2697","User #25317","Timepoint 9",0,15,37
"2698","User #25317","Timepoint 10",0,15,37
"2699","User #25317","Timepoint 11",0,15,37
"2700","User #25317","Timepoint 12",0,15,37
"2701","User #25317","Timepoint 13",0,15,37
"2702","User #25317","Timepoint 14",0,15,37
"2703","User #25317","Timepoint 15",0,15,37
"2704","User #25317","Timepoint 16",0,15,37
"2705","User #25317","Timepoint 17",NA,15,37
"2706","User #25317","Timepoint 18",NA,15,37
"2707","User #25317","Timepoint 19",NA,15,37
"2708","User #25317","Timepoint 20",NA,15,37
"2709","User #25317","Timepoint 21",NA,15,37
"2710","User #25317","Timepoint 22",NA,15,37
"2711","User #25317","Timepoint 23",NA,15,37
"2712","User #25317","Timepoint 24",NA,15,37
"2713","User #25317","Timepoint 25",NA,15,37
"2714","User #25317","Timepoint 26",NA,15,37
"2715","User #25317","Timepoint 27",NA,15,37
"2716","User #25317","Timepoint 28",NA,15,37
"2717","User #25317","Timepoint 29",NA,15,37
"2718","User #25317","Timepoint 30",NA,15,37
"2719","User #25317","Timepoint 31",NA,15,37
"2720","User #25317","Timepoint 32",NA,15,37
"2721","User #25317","Timepoint 33",13.2326014041901,15,37
"2722","User #25317","Timepoint 34",9.39251792430878,15,37
"2723","User #25317","Timepoint 35",11.9840626120567,15,37
"2724","User #25317","Timepoint 36",11.4163438677788,15,37
"2725","User #25317","Timepoint 37",13.5901410579681,15,37
"2726","User #25317","Timepoint 38",10.469495177269,15,37
"2727","User #25317","Timepoint 39",10.1053307652473,15,37
"2728","User #25317","Timepoint 40",10.7378093600273,15,37
"2729","User #25317","Timepoint 41",9.42145448923111,15,37
"2730","User #25317","Timepoint 42",9.32131004333496,15,37
"2731","User #25317","Timepoint 43",9.37253814935684,15,37
"2732","User #25317","Timepoint 44",9.40395456552505,15,37
"2733","User #25317","Timepoint 45",9.49770194292068,15,37
"2734","User #25317","Timepoint 46",9.60455667972565,15,37
"2735","User #25317","Timepoint 47",9.3617297410965,15,37
"2736","User #25317","Timepoint 48",9.19865024089813,15,37
"2737","User #25317","Timepoint 49",9.64194369316101,15,37
"2738","User #25317","Timepoint 50",10.5861821174622,15,37
"2739","User #25317","Timepoint 51",9.8534742295742,15,37
"2740","User #25317","Timepoint 52",9.94834905862808,15,37
"2741","User #25317","Timepoint 53",9.64565560221672,15,37
"2742","User #25317","Timepoint 54",10.2828462719917,15,37
"2743","User #25317","Timepoint 55",10.5336746573448,15,37
"2744","User #25317","Timepoint 56",10.0432000160217,15,37
"2745","User #25317","Timepoint 57",13.2719686627388,15,37
"2746","User #25317","Timepoint 58",11.7494636774063,15,37
"2747","User #25317","Timepoint 59",12.4736241698265,15,37
"2748","User #25317","Timepoint 60",12.3416337370872,15,37
"2749","User #25317","Timepoint 61",13.7004837393761,15,37
"2750","User #25317","Timepoint 62",12.6072260737419,15,37
"2751","User #25317","Timepoint 63",12.0899143218994,15,37
"2752","User #25317","Timepoint 64",12.2478781938553,15,37
"2753","User #25325","Timepoint 1",0,15,37
"2754","User #25325","Timepoint 2",0,15,37
"2755","User #25325","Timepoint 3",0,15,37
"2756","User #25325","Timepoint 4",0,15,37
"2757","User #25325","Timepoint 5",0,15,37
"2758","User #25325","Timepoint 6",0,15,37
"2759","User #25325","Timepoint 7",0,15,37
"2760","User #25325","Timepoint 8",0,15,37
"2761","User #25325","Timepoint 9",0,15,37
"2762","User #25325","Timepoint 10",0,15,37
"2763","User #25325","Timepoint 11",0,15,37
"2764","User #25325","Timepoint 12",0,15,37
"2765","User #25325","Timepoint 13",0,15,37
"2766","User #25325","Timepoint 14",0,15,37
"2767","User #25325","Timepoint 15",0,15,37
"2768","User #25325","Timepoint 16",0,15,37
"2769","User #25325","Timepoint 17",NA,15,37
"2770","User #25325","Timepoint 18",NA,15,37
"2771","User #25325","Timepoint 19",NA,15,37
"2772","User #25325","Timepoint 20",NA,15,37
"2773","User #25325","Timepoint 21",NA,15,37
"2774","User #25325","Timepoint 22",NA,15,37
"2775","User #25325","Timepoint 23",NA,15,37
"2776","User #25325","Timepoint 24",NA,15,37
"2777","User #25325","Timepoint 25",NA,15,37
"2778","User #25325","Timepoint 26",NA,15,37
"2779","User #25325","Timepoint 27",NA,15,37
"2780","User #25325","Timepoint 28",NA,15,37
"2781","User #25325","Timepoint 29",NA,15,37
"2782","User #25325","Timepoint 30",NA,15,37
"2783","User #25325","Timepoint 31",NA,15,37
"2784","User #25325","Timepoint 32",NA,15,37
"2785","User #25325","Timepoint 33",7.93509340286255,15,37
"2786","User #25325","Timepoint 34",8.00995802879333,15,37
"2787","User #25325","Timepoint 35",7.8796218931675,15,37
"2788","User #25325","Timepoint 36",7.91642940044403,15,37
"2789","User #25325","Timepoint 37",8.00258657336235,15,37
"2790","User #25325","Timepoint 38",7.98875099420547,15,37
"2791","User #25325","Timepoint 39",8.02123999595642,15,37
"2792","User #25325","Timepoint 40",7.81613057851791,15,37
"2793","User #25325","Timepoint 41",7.79084286093712,15,37
"2794","User #25325","Timepoint 42",8.0198580622673,15,37
"2795","User #25325","Timepoint 43",7.80565357208252,15,37
"2796","User #25325","Timepoint 44",7.85889154672623,15,37
"2797","User #25325","Timepoint 45",7.83118343353271,15,37
"2798","User #25325","Timepoint 46",7.96513146162033,15,37
"2799","User #25325","Timepoint 47",8.01417952775955,15,37
"2800","User #25325","Timepoint 48",7.76798671483994,15,37
"2801","User #25325","Timepoint 49",7.1321165561676,15,37
"2802","User #25325","Timepoint 50",7.42595291137695,15,37
"2803","User #25325","Timepoint 51",7.14663642644882,15,37
"2804","User #25325","Timepoint 52",7.16836893558502,15,37
"2805","User #25325","Timepoint 53",7.20555758476257,15,37
"2806","User #25325","Timepoint 54",7.32972455024719,15,37
"2807","User #25325","Timepoint 55",7.40853804349899,15,37
"2808","User #25325","Timepoint 56",7.15102469921112,15,37
"2809","User #25325","Timepoint 57",7.14822733402252,15,37
"2810","User #25325","Timepoint 58",7.43542861938477,15,37
"2811","User #25325","Timepoint 59",7.16547608375549,15,37
"2812","User #25325","Timepoint 60",7.2365642786026,15,37
"2813","User #25325","Timepoint 61",7.1855229139328,15,37
"2814","User #25325","Timepoint 62",7.36488974094391,15,37
"2815","User #25325","Timepoint 63",7.41383540630341,15,37
"2816","User #25325","Timepoint 64",7.14200174808502,15,37
"2817","User #25389","Timepoint 1",0,15,37
"2818","User #25389","Timepoint 2",0,15,37
"2819","User #25389","Timepoint 3",0,15,37
"2820","User #25389","Timepoint 4",0,15,37
"2821","User #25389","Timepoint 5",0,15,37
"2822","User #25389","Timepoint 6",0,15,37
"2823","User #25389","Timepoint 7",0,15,37
"2824","User #25389","Timepoint 8",0,15,37
"2825","User #25389","Timepoint 9",0,15,37
"2826","User #25389","Timepoint 10",0,15,37
"2827","User #25389","Timepoint 11",0,15,37
"2828","User #25389","Timepoint 12",0,15,37
"2829","User #25389","Timepoint 13",0,15,37
"2830","User #25389","Timepoint 14",0,15,37
"2831","User #25389","Timepoint 15",0,15,37
"2832","User #25389","Timepoint 16",0,15,37
"2833","User #25389","Timepoint 17",NA,15,37
"2834","User #25389","Timepoint 18",NA,15,37
"2835","User #25389","Timepoint 19",NA,15,37
"2836","User #25389","Timepoint 20",NA,15,37
"2837","User #25389","Timepoint 21",NA,15,37
"2838","User #25389","Timepoint 22",NA,15,37
"2839","User #25389","Timepoint 23",NA,15,37
"2840","User #25389","Timepoint 24",NA,15,37
"2841","User #25389","Timepoint 25",NA,15,37
"2842","User #25389","Timepoint 26",NA,15,37
"2843","User #25389","Timepoint 27",NA,15,37
"2844","User #25389","Timepoint 28",NA,15,37
"2845","User #25389","Timepoint 29",NA,15,37
"2846","User #25389","Timepoint 30",NA,15,37
"2847","User #25389","Timepoint 31",NA,15,37
"2848","User #25389","Timepoint 32",NA,15,37
"2849","User #25389","Timepoint 33",11.1925540566444,15,37
"2850","User #25389","Timepoint 34",10.2992691099644,15,37
"2851","User #25389","Timepoint 35",11.0798266530037,15,37
"2852","User #25389","Timepoint 36",11.4855101108551,15,37
"2853","User #25389","Timepoint 37",11.2915081977844,15,37
"2854","User #25389","Timepoint 38",11.12872838974,15,37
"2855","User #25389","Timepoint 39",10.9939330816269,15,37
"2856","User #25389","Timepoint 40",10.2934269309044,15,37
"2857","User #25389","Timepoint 41",10.0273348689079,15,37
"2858","User #25389","Timepoint 42",10.4406150281429,15,37
"2859","User #25389","Timepoint 43",10.0484074950218,15,37
"2860","User #25389","Timepoint 44",10.2668953537941,15,37
"2861","User #25389","Timepoint 45",10.278937369585,15,37
"2862","User #25389","Timepoint 46",10.5380634665489,15,37
"2863","User #25389","Timepoint 47",10.4527344107628,15,37
"2864","User #25389","Timepoint 48",9.97190415859222,15,37
"2865","User #25389","Timepoint 49",9.66571444272995,15,37
"2866","User #25389","Timepoint 50",10.3155118823051,15,37
"2867","User #25389","Timepoint 51",9.77444598078728,15,37
"2868","User #25389","Timepoint 52",10.0506471991539,15,37
"2869","User #25389","Timepoint 53",9.81386536359787,15,37
"2870","User #25389","Timepoint 54",10.3609353899956,15,37
"2871","User #25389","Timepoint 55",10.3248745799065,15,37
"2872","User #25389","Timepoint 56",9.71619957685471,15,37
"2873","User #25389","Timepoint 57",9.79489016532898,15,37
"2874","User #25389","Timepoint 58",10.407871812582,15,37
"2875","User #25389","Timepoint 59",9.81518486142159,15,37
"2876","User #25389","Timepoint 60",10.0733786225319,15,37
"2877","User #25389","Timepoint 61",9.96044534444809,15,37
"2878","User #25389","Timepoint 62",10.3633003234863,15,37
"2879","User #25389","Timepoint 63",10.3311560451984,15,37
"2880","User #25389","Timepoint 64",9.98459100723267,15,37
"2881","User #25306","Timepoint 1",0,15,37
"2882","User #25306","Timepoint 2",0,15,37
"2883","User #25306","Timepoint 3",0,15,37
"2884","User #25306","Timepoint 4",0,15,37
"2885","User #25306","Timepoint 5",0,15,37
"2886","User #25306","Timepoint 6",0,15,37
"2887","User #25306","Timepoint 7",0,15,37
"2888","User #25306","Timepoint 8",0,15,37
"2889","User #25306","Timepoint 9",0,15,37
"2890","User #25306","Timepoint 10",0,15,37
"2891","User #25306","Timepoint 11",0,15,37
"2892","User #25306","Timepoint 12",0,15,37
"2893","User #25306","Timepoint 13",0,15,37
"2894","User #25306","Timepoint 14",0,15,37
"2895","User #25306","Timepoint 15",0,15,37
"2896","User #25306","Timepoint 16",0,15,37
"2897","User #25306","Timepoint 17",NA,15,37
"2898","User #25306","Timepoint 18",NA,15,37
"2899","User #25306","Timepoint 19",NA,15,37
"2900","User #25306","Timepoint 20",NA,15,37
"2901","User #25306","Timepoint 21",NA,15,37
"2902","User #25306","Timepoint 22",NA,15,37
"2903","User #25306","Timepoint 23",NA,15,37
"2904","User #25306","Timepoint 24",NA,15,37
"2905","User #25306","Timepoint 25",NA,15,37
"2906","User #25306","Timepoint 26",NA,15,37
"2907","User #25306","Timepoint 27",NA,15,37
"2908","User #25306","Timepoint 28",NA,15,37
"2909","User #25306","Timepoint 29",NA,15,37
"2910","User #25306","Timepoint 30",NA,15,37
"2911","User #25306","Timepoint 31",NA,15,37
"2912","User #25306","Timepoint 32",NA,15,37
"2913","User #25306","Timepoint 33",13.2326014041901,15,37
"2914","User #25306","Timepoint 34",9.39251792430878,15,37
"2915","User #25306","Timepoint 35",11.9840626120567,15,37
"2916","User #25306","Timepoint 36",11.4163438677788,15,37
"2917","User #25306","Timepoint 37",13.5901410579681,15,37
"2918","User #25306","Timepoint 38",10.469495177269,15,37
"2919","User #25306","Timepoint 39",10.1053307652473,15,37
"2920","User #25306","Timepoint 40",10.7378093600273,15,37
"2921","User #25306","Timepoint 41",9.42145448923111,15,37
"2922","User #25306","Timepoint 42",9.32131004333496,15,37
"2923","User #25306","Timepoint 43",9.37253814935684,15,37
"2924","User #25306","Timepoint 44",9.40395456552505,15,37
"2925","User #25306","Timepoint 45",9.49770194292068,15,37
"2926","User #25306","Timepoint 46",9.60455667972565,15,37
"2927","User #25306","Timepoint 47",9.3617297410965,15,37
"2928","User #25306","Timepoint 48",9.19865024089813,15,37
"2929","User #25306","Timepoint 49",9.64194369316101,15,37
"2930","User #25306","Timepoint 50",10.5861821174622,15,37
"2931","User #25306","Timepoint 51",9.8534742295742,15,37
"2932","User #25306","Timepoint 52",9.94834905862808,15,37
"2933","User #25306","Timepoint 53",9.64565560221672,15,37
"2934","User #25306","Timepoint 54",10.2828462719917,15,37
"2935","User #25306","Timepoint 55",10.5336746573448,15,37
"2936","User #25306","Timepoint 56",10.0432000160217,15,37
"2937","User #25306","Timepoint 57",13.2719686627388,15,37
"2938","User #25306","Timepoint 58",11.7494636774063,15,37
"2939","User #25306","Timepoint 59",12.4736241698265,15,37
"2940","User #25306","Timepoint 60",12.3416337370872,15,37
"2941","User #25306","Timepoint 61",13.7004837393761,15,37
"2942","User #25306","Timepoint 62",12.6072260737419,15,37
"2943","User #25306","Timepoint 63",12.0899143218994,15,37
"2944","User #25306","Timepoint 64",12.2478781938553,15,37
"2945","User #25305","Timepoint 1",0,15,37
"2946","User #25305","Timepoint 2",0,15,37
"2947","User #25305","Timepoint 3",0,15,37
"2948","User #25305","Timepoint 4",0,15,37
"2949","User #25305","Timepoint 5",0,15,37
"2950","User #25305","Timepoint 6",0,15,37
"2951","User #25305","Timepoint 7",0,15,37
"2952","User #25305","Timepoint 8",0,15,37
"2953","User #25305","Timepoint 9",0,15,37
"2954","User #25305","Timepoint 10",0,15,37
"2955","User #25305","Timepoint 11",0,15,37
"2956","User #25305","Timepoint 12",0,15,37
"2957","User #25305","Timepoint 13",0,15,37
"2958","User #25305","Timepoint 14",0,15,37
"2959","User #25305","Timepoint 15",0,15,37
"2960","User #25305","Timepoint 16",0,15,37
"2961","User #25305","Timepoint 17",NA,15,37
"2962","User #25305","Timepoint 18",NA,15,37
"2963","User #25305","Timepoint 19",NA,15,37
"2964","User #25305","Timepoint 20",NA,15,37
"2965","User #25305","Timepoint 21",NA,15,37
"2966","User #25305","Timepoint 22",NA,15,37
"2967","User #25305","Timepoint 23",NA,15,37
"2968","User #25305","Timepoint 24",NA,15,37
"2969","User #25305","Timepoint 25",NA,15,37
"2970","User #25305","Timepoint 26",NA,15,37
"2971","User #25305","Timepoint 27",NA,15,37
"2972","User #25305","Timepoint 28",NA,15,37
"2973","User #25305","Timepoint 29",NA,15,37
"2974","User #25305","Timepoint 30",NA,15,37
"2975","User #25305","Timepoint 31",NA,15,37
"2976","User #25305","Timepoint 32",NA,15,37
"2977","User #25305","Timepoint 33",13.4821758270264,15,37
"2978","User #25305","Timepoint 34",10.2371624708176,15,37
"2979","User #25305","Timepoint 35",13.0815593004227,15,37
"2980","User #25305","Timepoint 36",11.7476943731308,15,37
"2981","User #25305","Timepoint 37",13.0448553562164,15,37
"2982","User #25305","Timepoint 38",10.4446408748627,15,37
"2983","User #25305","Timepoint 39",10.4553619623184,15,37
"2984","User #25305","Timepoint 40",11.7847881317139,15,37
"2985","User #25305","Timepoint 41",8.66291916370392,15,37
"2986","User #25305","Timepoint 42",8.62841731309891,15,37
"2987","User #25305","Timepoint 43",8.6503586769104,15,37
"2988","User #25305","Timepoint 44",8.48270452022552,15,37
"2989","User #25305","Timepoint 45",8.69145429134369,15,37
"2990","User #25305","Timepoint 46",8.45846956968307,15,37
"2991","User #25305","Timepoint 47",8.52145826816559,15,37
"2992","User #25305","Timepoint 48",8.63575047254562,15,37
"2993","User #25305","Timepoint 49",8.48707324266434,15,37
"2994","User #25305","Timepoint 50",8.51608312129974,15,37
"2995","User #25305","Timepoint 51",8.50414043664932,15,37
"2996","User #25305","Timepoint 52",8.31472939252853,15,37
"2997","User #25305","Timepoint 53",8.57514327764511,15,37
"2998","User #25305","Timepoint 54",8.44772106409073,15,37
"2999","User #25305","Timepoint 55",8.41601020097733,15,37
"3000","User #25305","Timepoint 56",8.41269648075104,15,37
"3001","User #25305","Timepoint 57",7.71721950173378,15,37
"3002","User #25305","Timepoint 58",8.11791068315506,15,37
"3003","User #25305","Timepoint 59",7.83986783027649,15,37
"3004","User #25305","Timepoint 60",7.82121127843857,15,37
"3005","User #25305","Timepoint 61",7.73197150230408,15,37
"3006","User #25305","Timepoint 62",7.97600394487381,15,37
"3007","User #25305","Timepoint 63",8.09087610244751,15,37
"3008","User #25305","Timepoint 64",7.85843855142593,15,37
"3009","User #25378","Timepoint 1",0,15,37
"3010","User #25378","Timepoint 2",0,15,37
"3011","User #25378","Timepoint 3",0,15,37
"3012","User #25378","Timepoint 4",0,15,37
"3013","User #25378","Timepoint 5",0,15,37
"3014","User #25378","Timepoint 6",0,15,37
"3015","User #25378","Timepoint 7",0,15,37
"3016","User #25378","Timepoint 8",0,15,37
"3017","User #25378","Timepoint 9",0,15,37
"3018","User #25378","Timepoint 10",0,15,37
"3019","User #25378","Timepoint 11",0,15,37
"3020","User #25378","Timepoint 12",0,15,37
"3021","User #25378","Timepoint 13",0,15,37
"3022","User #25378","Timepoint 14",0,15,37
"3023","User #25378","Timepoint 15",0,15,37
"3024","User #25378","Timepoint 16",0,15,37
"3025","User #25378","Timepoint 17",NA,15,37
"3026","User #25378","Timepoint 18",NA,15,37
"3027","User #25378","Timepoint 19",NA,15,37
"3028","User #25378","Timepoint 20",NA,15,37
"3029","User #25378","Timepoint 21",NA,15,37
"3030","User #25378","Timepoint 22",NA,15,37
"3031","User #25378","Timepoint 23",NA,15,37
"3032","User #25378","Timepoint 24",NA,15,37
"3033","User #25378","Timepoint 25",NA,15,37
"3034","User #25378","Timepoint 26",NA,15,37
"3035","User #25378","Timepoint 27",NA,15,37
"3036","User #25378","Timepoint 28",NA,15,37
"3037","User #25378","Timepoint 29",NA,15,37
"3038","User #25378","Timepoint 30",NA,15,37
"3039","User #25378","Timepoint 31",NA,15,37
"3040","User #25378","Timepoint 32",NA,15,37
"3041","User #25378","Timepoint 33",9.73199546337128,15,37
"3042","User #25378","Timepoint 34",9.74208748340607,15,37
"3043","User #25378","Timepoint 35",9.69287490844727,15,37
"3044","User #25378","Timepoint 36",9.68672060966492,15,37
"3045","User #25378","Timepoint 37",9.86566126346588,15,37
"3046","User #25378","Timepoint 38",9.83977222442627,15,37
"3047","User #25378","Timepoint 39",9.76070332527161,15,37
"3048","User #25378","Timepoint 40",9.65218448638916,15,37
"3049","User #25378","Timepoint 41",9.28144824504852,15,37
"3050","User #25378","Timepoint 42",9.5829336643219,15,37
"3051","User #25378","Timepoint 43",9.3469820022583,15,37
"3052","User #25378","Timepoint 44",9.38325548171997,15,37
"3053","User #25378","Timepoint 45",9.35940158367157,15,37
"3054","User #25378","Timepoint 46",9.53808403015137,15,37
"3055","User #25378","Timepoint 47",9.58402383327484,15,37
"3056","User #25378","Timepoint 48",9.3714063167572,15,37
"3057","User #25378","Timepoint 49",9.30148816108704,15,37
"3058","User #25378","Timepoint 50",9.6213721036911,15,37
"3059","User #25378","Timepoint 51",9.37358093261719,15,37
"3060","User #25378","Timepoint 52",9.39444208145142,15,37
"3061","User #25378","Timepoint 53",9.3613795042038,15,37
"3062","User #25378","Timepoint 54",9.52941751480103,15,37
"3063","User #25378","Timepoint 55",9.60058212280273,15,37
"3064","User #25378","Timepoint 56",9.42134737968445,15,37
"3065","User #25378","Timepoint 57",9.33274435997009,15,37
"3066","User #25378","Timepoint 58",9.61517453193665,15,37
"3067","User #25378","Timepoint 59",9.38136410713196,15,37
"3068","User #25378","Timepoint 60",9.45461916923523,15,37
"3069","User #25378","Timepoint 61",9.36195468902588,15,37
"3070","User #25378","Timepoint 62",9.57576179504395,15,37
"3071","User #25378","Timepoint 63",9.59173917770386,15,37
"3072","User #25378","Timepoint 64",9.39320755004883,15,37
"3073","User #25354","Timepoint 1",0,15,37
"3074","User #25354","Timepoint 2",0,15,37
"3075","User #25354","Timepoint 3",0,15,37
"3076","User #25354","Timepoint 4",0,15,37
"3077","User #25354","Timepoint 5",0,15,37
"3078","User #25354","Timepoint 6",0,15,37
"3079","User #25354","Timepoint 7",0,15,37
"3080","User #25354","Timepoint 8",0,15,37
"3081","User #25354","Timepoint 9",0,15,37
"3082","User #25354","Timepoint 10",0,15,37
"3083","User #25354","Timepoint 11",0,15,37
"3084","User #25354","Timepoint 12",0,15,37
"3085","User #25354","Timepoint 13",0,15,37
"3086","User #25354","Timepoint 14",0,15,37
"3087","User #25354","Timepoint 15",0,15,37
"3088","User #25354","Timepoint 16",0,15,37
"3089","User #25354","Timepoint 17",NA,15,37
"3090","User #25354","Timepoint 18",NA,15,37
"3091","User #25354","Timepoint 19",NA,15,37
"3092","User #25354","Timepoint 20",NA,15,37
"3093","User #25354","Timepoint 21",NA,15,37
"3094","User #25354","Timepoint 22",NA,15,37
"3095","User #25354","Timepoint 23",NA,15,37
"3096","User #25354","Timepoint 24",NA,15,37
"3097","User #25354","Timepoint 25",NA,15,37
"3098","User #25354","Timepoint 26",NA,15,37
"3099","User #25354","Timepoint 27",NA,15,37
"3100","User #25354","Timepoint 28",NA,15,37
"3101","User #25354","Timepoint 29",NA,15,37
"3102","User #25354","Timepoint 30",NA,15,37
"3103","User #25354","Timepoint 31",NA,15,37
"3104","User #25354","Timepoint 32",NA,15,37
"3105","User #25354","Timepoint 33",9.14421892166138,15,37
"3106","User #25354","Timepoint 34",7.82305574417114,15,37
"3107","User #25354","Timepoint 35",8.83819341659546,15,37
"3108","User #25354","Timepoint 36",8.16998314857483,15,37
"3109","User #25354","Timepoint 37",9.59803509712219,15,37
"3110","User #25354","Timepoint 38",8.18483090400696,15,37
"3111","User #25354","Timepoint 39",8.08663153648376,15,37
"3112","User #25354","Timepoint 40",7.76302766799927,15,37
"3113","User #25354","Timepoint 41",7.27821254730225,15,37
"3114","User #25354","Timepoint 42",7.62151265144348,15,37
"3115","User #25354","Timepoint 43",7.37068617343903,15,37
"3116","User #25354","Timepoint 44",7.41547417640686,15,37
"3117","User #25354","Timepoint 45",7.36379027366638,15,37
"3118","User #25354","Timepoint 46",7.5427942276001,15,37
"3119","User #25354","Timepoint 47",7.64887285232544,15,37
"3120","User #25354","Timepoint 48",7.36397814750671,15,37
"3121","User #25354","Timepoint 49",7.30579400062561,15,37
"3122","User #25354","Timepoint 50",7.63134002685547,15,37
"3123","User #25354","Timepoint 51",7.39421892166138,15,37
"3124","User #25354","Timepoint 52",7.42922329902649,15,37
"3125","User #25354","Timepoint 53",7.41121459007263,15,37
"3126","User #25354","Timepoint 54",7.55702471733093,15,37
"3127","User #25354","Timepoint 55",7.66025710105896,15,37
"3128","User #25354","Timepoint 56",7.37217783927917,15,37
"3129","User #25354","Timepoint 57",7.22323310375214,15,37
"3130","User #25354","Timepoint 58",7.59676539897919,15,37
"3131","User #25354","Timepoint 59",7.31867563724518,15,37
"3132","User #25354","Timepoint 60",7.35806202888489,15,37
"3133","User #25354","Timepoint 61",7.30990660190582,15,37
"3134","User #25354","Timepoint 62",7.49808740615845,15,37
"3135","User #25354","Timepoint 63",7.60351574420929,15,37
"3136","User #25354","Timepoint 64",7.34454727172852,15,37
"3137","User #25378","Timepoint 1",0,15,37
"3138","User #25378","Timepoint 2",0,15,37
"3139","User #25378","Timepoint 3",0,15,37
"3140","User #25378","Timepoint 4",0,15,37
"3141","User #25378","Timepoint 5",0,15,37
"3142","User #25378","Timepoint 6",0,15,37
"3143","User #25378","Timepoint 7",0,15,37
"3144","User #25378","Timepoint 8",0,15,37
"3145","User #25378","Timepoint 9",0,15,37
"3146","User #25378","Timepoint 10",0,15,37
"3147","User #25378","Timepoint 11",0,15,37
"3148","User #25378","Timepoint 12",0,15,37
"3149","User #25378","Timepoint 13",0,15,37
"3150","User #25378","Timepoint 14",0,15,37
"3151","User #25378","Timepoint 15",0,15,37
"3152","User #25378","Timepoint 16",0,15,37
"3153","User #25378","Timepoint 17",NA,15,37
"3154","User #25378","Timepoint 18",NA,15,37
"3155","User #25378","Timepoint 19",NA,15,37
"3156","User #25378","Timepoint 20",NA,15,37
"3157","User #25378","Timepoint 21",NA,15,37
"3158","User #25378","Timepoint 22",NA,15,37
"3159","User #25378","Timepoint 23",NA,15,37
"3160","User #25378","Timepoint 24",NA,15,37
"3161","User #25378","Timepoint 25",NA,15,37
"3162","User #25378","Timepoint 26",NA,15,37
"3163","User #25378","Timepoint 27",NA,15,37
"3164","User #25378","Timepoint 28",NA,15,37
"3165","User #25378","Timepoint 29",NA,15,37
"3166","User #25378","Timepoint 30",NA,15,37
"3167","User #25378","Timepoint 31",NA,15,37
"3168","User #25378","Timepoint 32",NA,15,37
"3169","User #25378","Timepoint 33",9.59450542926788,15,37
"3170","User #25378","Timepoint 34",9.62528896331787,15,37
"3171","User #25378","Timepoint 35",9.52037131786346,15,37
"3172","User #25378","Timepoint 36",9.51361393928528,15,37
"3173","User #25378","Timepoint 37",9.69308733940125,15,37
"3174","User #25378","Timepoint 38",9.62038516998291,15,37
"3175","User #25378","Timepoint 39",9.60664224624634,15,37
"3176","User #25378","Timepoint 40",9.47282147407532,15,37
"3177","User #25378","Timepoint 41",9.8349951505661,15,37
"3178","User #25378","Timepoint 42",9.54727673530579,15,37
"3179","User #25378","Timepoint 43",9.55498075485229,15,37
"3180","User #25378","Timepoint 44",9.65911626815796,15,37
"3181","User #25378","Timepoint 45",9.98364531993866,15,37
"3182","User #25378","Timepoint 46",9.68304300308228,15,37
"3183","User #25378","Timepoint 47",9.65272688865662,15,37
"3184","User #25378","Timepoint 48",9.49186301231384,15,37
"3185","User #25378","Timepoint 49",9.48700094223022,15,37
"3186","User #25378","Timepoint 50",10.203319311142,15,37
"3187","User #25378","Timepoint 51",9.60846710205078,15,37
"3188","User #25378","Timepoint 52",9.72296857833862,15,37
"3189","User #25378","Timepoint 53",9.52945995330811,15,37
"3190","User #25378","Timepoint 54",9.95397233963013,15,37
"3191","User #25378","Timepoint 55",10.1852934360504,15,37
"3192","User #25378","Timepoint 56",9.77236795425415,15,37
"3193","User #25378","Timepoint 57",10.5763864517212,15,37
"3194","User #25378","Timepoint 58",10.608115196228,15,37
"3195","User #25378","Timepoint 59",10.4421248435974,15,37
"3196","User #25378","Timepoint 60",10.4377460479736,15,37
"3197","User #25378","Timepoint 61",10.7422657012939,15,37
"3198","User #25378","Timepoint 62",10.5721526145935,15,37
"3199","User #25378","Timepoint 63",10.6561551094055,15,37
"3200","User #25378","Timepoint 64",10.4177460670471,15,37
"3201","User #25389","Timepoint 1",0,15,37
"3202","User #25389","Timepoint 2",0,15,37
"3203","User #25389","Timepoint 3",0,15,37
"3204","User #25389","Timepoint 4",0,15,37
"3205","User #25389","Timepoint 5",0,15,37
"3206","User #25389","Timepoint 6",0,15,37
"3207","User #25389","Timepoint 7",0,15,37
"3208","User #25389","Timepoint 8",0,15,37
"3209","User #25389","Timepoint 9",0,15,37
"3210","User #25389","Timepoint 10",0,15,37
"3211","User #25389","Timepoint 11",0,15,37
"3212","User #25389","Timepoint 12",0,15,37
"3213","User #25389","Timepoint 13",0,15,37
"3214","User #25389","Timepoint 14",0,15,37
"3215","User #25389","Timepoint 15",0,15,37
"3216","User #25389","Timepoint 16",0,15,37
"3217","User #25389","Timepoint 17",NA,15,37
"3218","User #25389","Timepoint 18",NA,15,37
"3219","User #25389","Timepoint 19",NA,15,37
"3220","User #25389","Timepoint 20",NA,15,37
"3221","User #25389","Timepoint 21",NA,15,37
"3222","User #25389","Timepoint 22",NA,15,37
"3223","User #25389","Timepoint 23",NA,15,37
"3224","User #25389","Timepoint 24",NA,15,37
"3225","User #25389","Timepoint 25",NA,15,37
"3226","User #25389","Timepoint 26",NA,15,37
"3227","User #25389","Timepoint 27",NA,15,37
"3228","User #25389","Timepoint 28",NA,15,37
"3229","User #25389","Timepoint 29",NA,15,37
"3230","User #25389","Timepoint 30",NA,15,37
"3231","User #25389","Timepoint 31",NA,15,37
"3232","User #25389","Timepoint 32",NA,15,37
"3233","User #25389","Timepoint 33",14.6324248313904,15,37
"3234","User #25389","Timepoint 34",10.4847759008408,15,37
"3235","User #25389","Timepoint 35",12.0283246040344,15,37
"3236","User #25389","Timepoint 36",11.7290365695953,15,37
"3237","User #25389","Timepoint 37",15.0258784294128,15,37
"3238","User #25389","Timepoint 38",10.8358609676361,15,37
"3239","User #25389","Timepoint 39",9.78089201450348,15,37
"3240","User #25389","Timepoint 40",11.3639231920242,15,37
"3241","User #25389","Timepoint 41",11.2065572738647,15,37
"3242","User #25389","Timepoint 42",11.0109062194824,15,37
"3243","User #25389","Timepoint 43",11.0537185668945,15,37
"3244","User #25389","Timepoint 44",10.8041704893112,15,37
"3245","User #25389","Timepoint 45",11.7946616411209,15,37
"3246","User #25389","Timepoint 46",11.0813553333282,15,37
"3247","User #25389","Timepoint 47",10.729744374752,15,37
"3248","User #25389","Timepoint 48",10.8504682779312,15,37
"3249","User #25389","Timepoint 49",9.20844569802284,15,37
"3250","User #25389","Timepoint 50",9.86985623836517,15,37
"3251","User #25389","Timepoint 51",9.38334977626801,15,37
"3252","User #25389","Timepoint 52",9.377725481987,15,37
"3253","User #25389","Timepoint 53",9.35900321602821,15,37
"3254","User #25389","Timepoint 54",9.61977332830429,15,37
"3255","User #25389","Timepoint 55",9.76493665575981,15,37
"3256","User #25389","Timepoint 56",9.47080254554749,15,37
"3257","User #25389","Timepoint 57",10.4003953337669,15,37
"3258","User #25389","Timepoint 58",10.3665565252304,15,37
"3259","User #25389","Timepoint 59",10.3315258920193,15,37
"3260","User #25389","Timepoint 60",10.1956368088722,15,37
"3261","User #25389","Timepoint 61",10.7548777461052,15,37
"3262","User #25389","Timepoint 62",10.4460626840591,15,37
"3263","User #25389","Timepoint 63",10.1754828095436,15,37
"3264","User #25389","Timepoint 64",10.1548056006432,15,37
"3265","User #25336","Timepoint 1",0,15,37
"3266","User #25336","Timepoint 2",0,15,37
"3267","User #25336","Timepoint 3",0,15,37
"3268","User #25336","Timepoint 4",0,15,37
"3269","User #25336","Timepoint 5",0,15,37
"3270","User #25336","Timepoint 6",0,15,37
"3271","User #25336","Timepoint 7",0,15,37
"3272","User #25336","Timepoint 8",0,15,37
"3273","User #25336","Timepoint 9",0,15,37
"3274","User #25336","Timepoint 10",0,15,37
"3275","User #25336","Timepoint 11",0,15,37
"3276","User #25336","Timepoint 12",0,15,37
"3277","User #25336","Timepoint 13",0,15,37
"3278","User #25336","Timepoint 14",0,15,37
"3279","User #25336","Timepoint 15",0,15,37
"3280","User #25336","Timepoint 16",0,15,37
"3281","User #25336","Timepoint 17",NA,15,37
"3282","User #25336","Timepoint 18",NA,15,37
"3283","User #25336","Timepoint 19",NA,15,37
"3284","User #25336","Timepoint 20",NA,15,37
"3285","User #25336","Timepoint 21",NA,15,37
"3286","User #25336","Timepoint 22",NA,15,37
"3287","User #25336","Timepoint 23",NA,15,37
"3288","User #25336","Timepoint 24",NA,15,37
"3289","User #25336","Timepoint 25",NA,15,37
"3290","User #25336","Timepoint 26",NA,15,37
"3291","User #25336","Timepoint 27",NA,15,37
"3292","User #25336","Timepoint 28",NA,15,37
"3293","User #25336","Timepoint 29",NA,15,37
"3294","User #25336","Timepoint 30",NA,15,37
"3295","User #25336","Timepoint 31",NA,15,37
"3296","User #25336","Timepoint 32",NA,15,37
"3297","User #25336","Timepoint 33",10.6441144943237,15,37
"3298","User #25336","Timepoint 34",10.6021252274513,15,37
"3299","User #25336","Timepoint 35",10.590053319931,15,37
"3300","User #25336","Timepoint 36",10.6793698072433,15,37
"3301","User #25336","Timepoint 37",10.6320107579231,15,37
"3302","User #25336","Timepoint 38",10.6412198543549,15,37
"3303","User #25336","Timepoint 39",10.6269694566727,15,37
"3304","User #25336","Timepoint 40",10.5752328634262,15,37
"3305","User #25336","Timepoint 41",10.3254019021988,15,37
"3306","User #25336","Timepoint 42",10.5328117609024,15,37
"3307","User #25336","Timepoint 43",10.3200333714485,15,37
"3308","User #25336","Timepoint 44",10.347341299057,15,37
"3309","User #25336","Timepoint 45",10.3403441309929,15,37
"3310","User #25336","Timepoint 46",10.4068030118942,15,37
"3311","User #25336","Timepoint 47",10.503480553627,15,37
"3312","User #25336","Timepoint 48",10.3827875852585,15,37
"3313","User #25336","Timepoint 49",10.9636514186859,15,37
"3314","User #25336","Timepoint 50",10.7019869089127,15,37
"3315","User #25336","Timepoint 51",10.764764547348,15,37
"3316","User #25336","Timepoint 52",10.7622311115265,15,37
"3317","User #25336","Timepoint 53",11.0492378473282,15,37
"3318","User #25336","Timepoint 54",10.725976228714,15,37
"3319","User #25336","Timepoint 55",10.7274315953255,15,37
"3320","User #25336","Timepoint 56",10.7686519622803,15,37
"3321","User #25336","Timepoint 57",9.74842637777328,15,37
"3322","User #25336","Timepoint 58",10.3558871746063,15,37
"3323","User #25336","Timepoint 59",9.86611902713776,15,37
"3324","User #25336","Timepoint 60",9.94568121433258,15,37
"3325","User #25336","Timepoint 61",9.73594051599503,15,37
"3326","User #25336","Timepoint 62",10.1120908260345,15,37
"3327","User #25336","Timepoint 63",10.3072776794434,15,37
"3328","User #25336","Timepoint 64",10.0147234201431,15,37
"3329","User #25305","Timepoint 1",0,15,37
"3330","User #25305","Timepoint 2",0,15,37
"3331","User #25305","Timepoint 3",0,15,37
"3332","User #25305","Timepoint 4",0,15,37
"3333","User #25305","Timepoint 5",0,15,37
"3334","User #25305","Timepoint 6",0,15,37
"3335","User #25305","Timepoint 7",0,15,37
"3336","User #25305","Timepoint 8",0,15,37
"3337","User #25305","Timepoint 9",0,15,37
"3338","User #25305","Timepoint 10",0,15,37
"3339","User #25305","Timepoint 11",0,15,37
"3340","User #25305","Timepoint 12",0,15,37
"3341","User #25305","Timepoint 13",0,15,37
"3342","User #25305","Timepoint 14",0,15,37
"3343","User #25305","Timepoint 15",0,15,37
"3344","User #25305","Timepoint 16",0,15,37
"3345","User #25305","Timepoint 17",NA,15,37
"3346","User #25305","Timepoint 18",NA,15,37
"3347","User #25305","Timepoint 19",NA,15,37
"3348","User #25305","Timepoint 20",NA,15,37
"3349","User #25305","Timepoint 21",NA,15,37
"3350","User #25305","Timepoint 22",NA,15,37
"3351","User #25305","Timepoint 23",NA,15,37
"3352","User #25305","Timepoint 24",NA,15,37
"3353","User #25305","Timepoint 25",NA,15,37
"3354","User #25305","Timepoint 26",NA,15,37
"3355","User #25305","Timepoint 27",NA,15,37
"3356","User #25305","Timepoint 28",NA,15,37
"3357","User #25305","Timepoint 29",NA,15,37
"3358","User #25305","Timepoint 30",NA,15,37
"3359","User #25305","Timepoint 31",NA,15,37
"3360","User #25305","Timepoint 32",NA,15,37
"3361","User #25305","Timepoint 33",8.8473299741745,15,37
"3362","User #25305","Timepoint 34",8.2067479789257,15,37
"3363","User #25305","Timepoint 35",8.61369496583939,15,37
"3364","User #25305","Timepoint 36",8.8022164106369,15,37
"3365","User #25305","Timepoint 37",9.07621091604233,15,37
"3366","User #25305","Timepoint 38",8.75033265352249,15,37
"3367","User #25305","Timepoint 39",8.18799859285355,15,37
"3368","User #25305","Timepoint 40",8.13731557130814,15,37
"3369","User #25305","Timepoint 41",8.21007198095322,15,37
"3370","User #25305","Timepoint 42",8.18760699033737,15,37
"3371","User #25305","Timepoint 43",8.17330023646355,15,37
"3372","User #25305","Timepoint 44",8.37453490495682,15,37
"3373","User #25305","Timepoint 45",8.2768047451973,15,37
"3374","User #25305","Timepoint 46",8.44518548250198,15,37
"3375","User #25305","Timepoint 47",8.11497396230698,15,37
"3376","User #25305","Timepoint 48",7.9928389787674,15,37
"3377","User #25305","Timepoint 49",7.61345064640045,15,37
"3378","User #25305","Timepoint 50",7.95601359009743,15,37
"3379","User #25305","Timepoint 51",7.66731864213943,15,37
"3380","User #25305","Timepoint 52",7.82195842266083,15,37
"3381","User #25305","Timepoint 53",7.64592534303665,15,37
"3382","User #25305","Timepoint 54",7.95634037256241,15,37
"3383","User #25305","Timepoint 55",7.9261172413826,15,37
"3384","User #25305","Timepoint 56",7.66449457406998,15,37
"3385","User #25305","Timepoint 57",7.40112891793251,15,37
"3386","User #25305","Timepoint 58",7.90576910972595,15,37
"3387","User #25305","Timepoint 59",7.50672674179077,15,37
"3388","User #25305","Timepoint 60",7.63156777620316,15,37
"3389","User #25305","Timepoint 61",7.41951635479927,15,37
"3390","User #25305","Timepoint 62",7.78506791591644,15,37
"3391","User #25305","Timepoint 63",7.86899870634079,15,37
"3392","User #25305","Timepoint 64",7.59204691648483,15,37
"3393","User #25361","Timepoint 1",0,15,37
"3394","User #25361","Timepoint 2",0,15,37
"3395","User #25361","Timepoint 3",0,15,37
"3396","User #25361","Timepoint 4",0,15,37
"3397","User #25361","Timepoint 5",0,15,37
"3398","User #25361","Timepoint 6",0,15,37
"3399","User #25361","Timepoint 7",0,15,37
"3400","User #25361","Timepoint 8",0,15,37
"3401","User #25361","Timepoint 9",0,15,37
"3402","User #25361","Timepoint 10",0,15,37
"3403","User #25361","Timepoint 11",0,15,37
"3404","User #25361","Timepoint 12",0,15,37
"3405","User #25361","Timepoint 13",0,15,37
"3406","User #25361","Timepoint 14",0,15,37
"3407","User #25361","Timepoint 15",0,15,37
"3408","User #25361","Timepoint 16",0,15,37
"3409","User #25361","Timepoint 17",NA,15,37
"3410","User #25361","Timepoint 18",NA,15,37
"3411","User #25361","Timepoint 19",NA,15,37
"3412","User #25361","Timepoint 20",NA,15,37
"3413","User #25361","Timepoint 21",NA,15,37
"3414","User #25361","Timepoint 22",NA,15,37
"3415","User #25361","Timepoint 23",NA,15,37
"3416","User #25361","Timepoint 24",NA,15,37
"3417","User #25361","Timepoint 25",NA,15,37
"3418","User #25361","Timepoint 26",NA,15,37
"3419","User #25361","Timepoint 27",NA,15,37
"3420","User #25361","Timepoint 28",NA,15,37
"3421","User #25361","Timepoint 29",NA,15,37
"3422","User #25361","Timepoint 30",NA,15,37
"3423","User #25361","Timepoint 31",NA,15,37
"3424","User #25361","Timepoint 32",NA,15,37
"3425","User #25361","Timepoint 33",11.1925540566444,15,37
"3426","User #25361","Timepoint 34",10.2992691099644,15,37
"3427","User #25361","Timepoint 35",11.0798266530037,15,37
"3428","User #25361","Timepoint 36",11.4855101108551,15,37
"3429","User #25361","Timepoint 37",11.2915081977844,15,37
"3430","User #25361","Timepoint 38",11.12872838974,15,37
"3431","User #25361","Timepoint 39",10.9939330816269,15,37
"3432","User #25361","Timepoint 40",10.2934269309044,15,37
"3433","User #25361","Timepoint 41",10.0273348689079,15,37
"3434","User #25361","Timepoint 42",10.4406150281429,15,37
"3435","User #25361","Timepoint 43",10.0484074950218,15,37
"3436","User #25361","Timepoint 44",10.2668953537941,15,37
"3437","User #25361","Timepoint 45",10.278937369585,15,37
"3438","User #25361","Timepoint 46",10.5380634665489,15,37
"3439","User #25361","Timepoint 47",10.4527344107628,15,37
"3440","User #25361","Timepoint 48",9.97190415859222,15,37
"3441","User #25361","Timepoint 49",9.66571444272995,15,37
"3442","User #25361","Timepoint 50",10.3155118823051,15,37
"3443","User #25361","Timepoint 51",9.77444598078728,15,37
"3444","User #25361","Timepoint 52",10.0506471991539,15,37
"3445","User #25361","Timepoint 53",9.81386536359787,15,37
"3446","User #25361","Timepoint 54",10.3609353899956,15,37
"3447","User #25361","Timepoint 55",10.3248745799065,15,37
"3448","User #25361","Timepoint 56",9.71619957685471,15,37
"3449","User #25361","Timepoint 57",9.79489016532898,15,37
"3450","User #25361","Timepoint 58",10.407871812582,15,37
"3451","User #25361","Timepoint 59",9.81518486142159,15,37
"3452","User #25361","Timepoint 60",10.0733786225319,15,37
"3453","User #25361","Timepoint 61",9.96044534444809,15,37
"3454","User #25361","Timepoint 62",10.3633003234863,15,37
"3455","User #25361","Timepoint 63",10.3311560451984,15,37
"3456","User #25361","Timepoint 64",9.98459100723267,15,37
"3457","User #25300","Timepoint 1",0,15,37
"3458","User #25300","Timepoint 2",0,15,37
"3459","User #25300","Timepoint 3",0,15,37
"3460","User #25300","Timepoint 4",0,15,37
"3461","User #25300","Timepoint 5",0,15,37
"3462","User #25300","Timepoint 6",0,15,37
"3463","User #25300","Timepoint 7",0,15,37
"3464","User #25300","Timepoint 8",0,15,37
"3465","User #25300","Timepoint 9",0,15,37
"3466","User #25300","Timepoint 10",0,15,37
"3467","User #25300","Timepoint 11",0,15,37
"3468","User #25300","Timepoint 12",0,15,37
"3469","User #25300","Timepoint 13",0,15,37
"3470","User #25300","Timepoint 14",0,15,37
"3471","User #25300","Timepoint 15",0,15,37
"3472","User #25300","Timepoint 16",0,15,37
"3473","User #25300","Timepoint 17",NA,15,37
"3474","User #25300","Timepoint 18",NA,15,37
"3475","User #25300","Timepoint 19",NA,15,37
"3476","User #25300","Timepoint 20",NA,15,37
"3477","User #25300","Timepoint 21",NA,15,37
"3478","User #25300","Timepoint 22",NA,15,37
"3479","User #25300","Timepoint 23",NA,15,37
"3480","User #25300","Timepoint 24",NA,15,37
"3481","User #25300","Timepoint 25",NA,15,37
"3482","User #25300","Timepoint 26",NA,15,37
"3483","User #25300","Timepoint 27",NA,15,37
"3484","User #25300","Timepoint 28",NA,15,37
"3485","User #25300","Timepoint 29",NA,15,37
"3486","User #25300","Timepoint 30",NA,15,37
"3487","User #25300","Timepoint 31",NA,15,37
"3488","User #25300","Timepoint 32",NA,15,37
"3489","User #25300","Timepoint 33",6.44115197658539,15,37
"3490","User #25300","Timepoint 34",5.95276755094528,15,37
"3491","User #25300","Timepoint 35",6.17492198944092,15,37
"3492","User #25300","Timepoint 36",6.19785058498383,15,37
"3493","User #25300","Timepoint 37",6.5685350894928,15,37
"3494","User #25300","Timepoint 38",6.25589096546173,15,37
"3495","User #25300","Timepoint 39",6.02561366558075,15,37
"3496","User #25300","Timepoint 40",6.09254622459412,15,37
"3497","User #25300","Timepoint 41",5.63874709606171,15,37
"3498","User #25300","Timepoint 42",5.79370993375778,15,37
"3499","User #25300","Timepoint 43",5.65241491794586,15,37
"3500","User #25300","Timepoint 44",5.69550943374634,15,37
"3501","User #25300","Timepoint 45",5.67042124271393,15,37
"3502","User #25300","Timepoint 46",5.78927266597748,15,37
"3503","User #25300","Timepoint 47",5.78873252868652,15,37
"3504","User #25300","Timepoint 48",5.685142993927,15,37
"3505","User #25300","Timepoint 49",5.87697845697403,15,37
"3506","User #25300","Timepoint 50",6.15114295482635,15,37
"3507","User #25300","Timepoint 51",5.91305068135262,15,37
"3508","User #25300","Timepoint 52",5.98219561576843,15,37
"3509","User #25300","Timepoint 53",5.90694668889046,15,37
"3510","User #25300","Timepoint 54",6.10798871517181,15,37
"3511","User #25300","Timepoint 55",6.14426720142365,15,37
"3512","User #25300","Timepoint 56",5.96868658065796,15,37
"3513","User #25300","Timepoint 57",5.90402281284332,15,37
"3514","User #25300","Timepoint 58",6.15759840607643,15,37
"3515","User #25300","Timepoint 59",5.93388313055038,15,37
"3516","User #25300","Timepoint 60",6.00522577762604,15,37
"3517","User #25300","Timepoint 61",5.93843546509743,15,37
"3518","User #25300","Timepoint 62",6.13246047496796,15,37
"3519","User #25300","Timepoint 63",6.15979102253914,15,37
"3520","User #25300","Timepoint 64",5.9815770983696,15,37
"3521","User #25309","Timepoint 1",0,15,37
"3522","User #25309","Timepoint 2",0,15,37
"3523","User #25309","Timepoint 3",0,15,37
"3524","User #25309","Timepoint 4",0,15,37
"3525","User #25309","Timepoint 5",0,15,37
"3526","User #25309","Timepoint 6",0,15,37
"3527","User #25309","Timepoint 7",0,15,37
"3528","User #25309","Timepoint 8",0,15,37
"3529","User #25309","Timepoint 9",0,15,37
"3530","User #25309","Timepoint 10",0,15,37
"3531","User #25309","Timepoint 11",0,15,37
"3532","User #25309","Timepoint 12",0,15,37
"3533","User #25309","Timepoint 13",0,15,37
"3534","User #25309","Timepoint 14",0,15,37
"3535","User #25309","Timepoint 15",0,15,37
"3536","User #25309","Timepoint 16",0,15,37
"3537","User #25309","Timepoint 17",NA,15,37
"3538","User #25309","Timepoint 18",NA,15,37
"3539","User #25309","Timepoint 19",NA,15,37
"3540","User #25309","Timepoint 20",NA,15,37
"3541","User #25309","Timepoint 21",NA,15,37
"3542","User #25309","Timepoint 22",NA,15,37
"3543","User #25309","Timepoint 23",NA,15,37
"3544","User #25309","Timepoint 24",NA,15,37
"3545","User #25309","Timepoint 25",NA,15,37
"3546","User #25309","Timepoint 26",NA,15,37
"3547","User #25309","Timepoint 27",NA,15,37
"3548","User #25309","Timepoint 28",NA,15,37
"3549","User #25309","Timepoint 29",NA,15,37
"3550","User #25309","Timepoint 30",NA,15,37
"3551","User #25309","Timepoint 31",NA,15,37
"3552","User #25309","Timepoint 32",NA,15,37
"3553","User #25309","Timepoint 33",9.59450542926788,15,37
"3554","User #25309","Timepoint 34",9.62528896331787,15,37
"3555","User #25309","Timepoint 35",9.52037131786346,15,37
"3556","User #25309","Timepoint 36",9.51361393928528,15,37
"3557","User #25309","Timepoint 37",9.69308733940125,15,37
"3558","User #25309","Timepoint 38",9.62038516998291,15,37
"3559","User #25309","Timepoint 39",9.60664224624634,15,37
"3560","User #25309","Timepoint 40",9.47282147407532,15,37
"3561","User #25309","Timepoint 41",9.8349951505661,15,37
"3562","User #25309","Timepoint 42",9.54727673530579,15,37
"3563","User #25309","Timepoint 43",9.55498075485229,15,37
"3564","User #25309","Timepoint 44",9.65911626815796,15,37
"3565","User #25309","Timepoint 45",9.98364531993866,15,37
"3566","User #25309","Timepoint 46",9.68304300308228,15,37
"3567","User #25309","Timepoint 47",9.65272688865662,15,37
"3568","User #25309","Timepoint 48",9.49186301231384,15,37
"3569","User #25309","Timepoint 49",9.48700094223022,15,37
"3570","User #25309","Timepoint 50",10.203319311142,15,37
"3571","User #25309","Timepoint 51",9.60846710205078,15,37
"3572","User #25309","Timepoint 52",9.72296857833862,15,37
"3573","User #25309","Timepoint 53",9.52945995330811,15,37
"3574","User #25309","Timepoint 54",9.95397233963013,15,37
"3575","User #25309","Timepoint 55",10.1852934360504,15,37
"3576","User #25309","Timepoint 56",9.77236795425415,15,37
"3577","User #25309","Timepoint 57",10.5763864517212,15,37
"3578","User #25309","Timepoint 58",10.608115196228,15,37
"3579","User #25309","Timepoint 59",10.4421248435974,15,37
"3580","User #25309","Timepoint 60",10.4377460479736,15,37
"3581","User #25309","Timepoint 61",10.7422657012939,15,37
"3582","User #25309","Timepoint 62",10.5721526145935,15,37
"3583","User #25309","Timepoint 63",10.6561551094055,15,37
"3584","User #25309","Timepoint 64",10.4177460670471,15,37
"3585","User #25330","Timepoint 1",0,15,37
"3586","User #25330","Timepoint 2",0,15,37
"3587","User #25330","Timepoint 3",0,15,37
"3588","User #25330","Timepoint 4",0,15,37
"3589","User #25330","Timepoint 5",0,15,37
"3590","User #25330","Timepoint 6",0,15,37
"3591","User #25330","Timepoint 7",0,15,37
"3592","User #25330","Timepoint 8",0,15,37
"3593","User #25330","Timepoint 9",0,15,37
"3594","User #25330","Timepoint 10",0,15,37
"3595","User #25330","Timepoint 11",0,15,37
"3596","User #25330","Timepoint 12",0,15,37
"3597","User #25330","Timepoint 13",0,15,37
"3598","User #25330","Timepoint 14",0,15,37
"3599","User #25330","Timepoint 15",0,15,37
"3600","User #25330","Timepoint 16",0,15,37
"3601","User #25330","Timepoint 17",NA,15,37
"3602","User #25330","Timepoint 18",NA,15,37
"3603","User #25330","Timepoint 19",NA,15,37
"3604","User #25330","Timepoint 20",NA,15,37
"3605","User #25330","Timepoint 21",NA,15,37
"3606","User #25330","Timepoint 22",NA,15,37
"3607","User #25330","Timepoint 23",NA,15,37
"3608","User #25330","Timepoint 24",NA,15,37
"3609","User #25330","Timepoint 25",NA,15,37
"3610","User #25330","Timepoint 26",NA,15,37
"3611","User #25330","Timepoint 27",NA,15,37
"3612","User #25330","Timepoint 28",NA,15,37
"3613","User #25330","Timepoint 29",NA,15,37
"3614","User #25330","Timepoint 30",NA,15,37
"3615","User #25330","Timepoint 31",NA,15,37
"3616","User #25330","Timepoint 32",NA,15,37
"3617","User #25330","Timepoint 33",9.59450542926788,15,37
"3618","User #25330","Timepoint 34",9.62528896331787,15,37
"3619","User #25330","Timepoint 35",9.52037131786346,15,37
"3620","User #25330","Timepoint 36",9.51361393928528,15,37
"3621","User #25330","Timepoint 37",9.69308733940125,15,37
"3622","User #25330","Timepoint 38",9.62038516998291,15,37
"3623","User #25330","Timepoint 39",9.60664224624634,15,37
"3624","User #25330","Timepoint 40",9.47282147407532,15,37
"3625","User #25330","Timepoint 41",9.8349951505661,15,37
"3626","User #25330","Timepoint 42",9.54727673530579,15,37
"3627","User #25330","Timepoint 43",9.55498075485229,15,37
"3628","User #25330","Timepoint 44",9.65911626815796,15,37
"3629","User #25330","Timepoint 45",9.98364531993866,15,37
"3630","User #25330","Timepoint 46",9.68304300308228,15,37
"3631","User #25330","Timepoint 47",9.65272688865662,15,37
"3632","User #25330","Timepoint 48",9.49186301231384,15,37
"3633","User #25330","Timepoint 49",9.48700094223022,15,37
"3634","User #25330","Timepoint 50",10.203319311142,15,37
"3635","User #25330","Timepoint 51",9.60846710205078,15,37
"3636","User #25330","Timepoint 52",9.72296857833862,15,37
"3637","User #25330","Timepoint 53",9.52945995330811,15,37
"3638","User #25330","Timepoint 54",9.95397233963013,15,37
"3639","User #25330","Timepoint 55",10.1852934360504,15,37
"3640","User #25330","Timepoint 56",9.77236795425415,15,37
"3641","User #25330","Timepoint 57",10.5763864517212,15,37
"3642","User #25330","Timepoint 58",10.608115196228,15,37
"3643","User #25330","Timepoint 59",10.4421248435974,15,37
"3644","User #25330","Timepoint 60",10.4377460479736,15,37
"3645","User #25330","Timepoint 61",10.7422657012939,15,37
"3646","User #25330","Timepoint 62",10.5721526145935,15,37
"3647","User #25330","Timepoint 63",10.6561551094055,15,37
"3648","User #25330","Timepoint 64",10.4177460670471,15,37
"3649","User #25344","Timepoint 1",0,15,37
"3650","User #25344","Timepoint 2",0,15,37
"3651","User #25344","Timepoint 3",0,15,37
"3652","User #25344","Timepoint 4",0,15,37
"3653","User #25344","Timepoint 5",0,15,37
"3654","User #25344","Timepoint 6",0,15,37
"3655","User #25344","Timepoint 7",0,15,37
"3656","User #25344","Timepoint 8",0,15,37
"3657","User #25344","Timepoint 9",0,15,37
"3658","User #25344","Timepoint 10",0,15,37
"3659","User #25344","Timepoint 11",0,15,37
"3660","User #25344","Timepoint 12",0,15,37
"3661","User #25344","Timepoint 13",0,15,37
"3662","User #25344","Timepoint 14",0,15,37
"3663","User #25344","Timepoint 15",0,15,37
"3664","User #25344","Timepoint 16",0,15,37
"3665","User #25344","Timepoint 17",NA,15,37
"3666","User #25344","Timepoint 18",NA,15,37
"3667","User #25344","Timepoint 19",NA,15,37
"3668","User #25344","Timepoint 20",NA,15,37
"3669","User #25344","Timepoint 21",NA,15,37
"3670","User #25344","Timepoint 22",NA,15,37
"3671","User #25344","Timepoint 23",NA,15,37
"3672","User #25344","Timepoint 24",NA,15,37
"3673","User #25344","Timepoint 25",NA,15,37
"3674","User #25344","Timepoint 26",NA,15,37
"3675","User #25344","Timepoint 27",NA,15,37
"3676","User #25344","Timepoint 28",NA,15,37
"3677","User #25344","Timepoint 29",NA,15,37
"3678","User #25344","Timepoint 30",NA,15,37
"3679","User #25344","Timepoint 31",NA,15,37
"3680","User #25344","Timepoint 32",NA,15,37
"3681","User #25344","Timepoint 33",14.6324248313904,15,37
"3682","User #25344","Timepoint 34",10.4847759008408,15,37
"3683","User #25344","Timepoint 35",12.0283246040344,15,37
"3684","User #25344","Timepoint 36",11.7290365695953,15,37
"3685","User #25344","Timepoint 37",15.0258784294128,15,37
"3686","User #25344","Timepoint 38",10.8358609676361,15,37
"3687","User #25344","Timepoint 39",9.78089201450348,15,37
"3688","User #25344","Timepoint 40",11.3639231920242,15,37
"3689","User #25344","Timepoint 41",11.2065572738647,15,37
"3690","User #25344","Timepoint 42",11.0109062194824,15,37
"3691","User #25344","Timepoint 43",11.0537185668945,15,37
"3692","User #25344","Timepoint 44",10.8041704893112,15,37
"3693","User #25344","Timepoint 45",11.7946616411209,15,37
"3694","User #25344","Timepoint 46",11.0813553333282,15,37
"3695","User #25344","Timepoint 47",10.729744374752,15,37
"3696","User #25344","Timepoint 48",10.8504682779312,15,37
"3697","User #25344","Timepoint 49",9.20844569802284,15,37
"3698","User #25344","Timepoint 50",9.86985623836517,15,37
"3699","User #25344","Timepoint 51",9.38334977626801,15,37
"3700","User #25344","Timepoint 52",9.377725481987,15,37
"3701","User #25344","Timepoint 53",9.35900321602821,15,37
"3702","User #25344","Timepoint 54",9.61977332830429,15,37
"3703","User #25344","Timepoint 55",9.76493665575981,15,37
"3704","User #25344","Timepoint 56",9.47080254554749,15,37
"3705","User #25344","Timepoint 57",10.4003953337669,15,37
"3706","User #25344","Timepoint 58",10.3665565252304,15,37
"3707","User #25344","Timepoint 59",10.3315258920193,15,37
"3708","User #25344","Timepoint 60",10.1956368088722,15,37
"3709","User #25344","Timepoint 61",10.7548777461052,15,37
"3710","User #25344","Timepoint 62",10.4460626840591,15,37
"3711","User #25344","Timepoint 63",10.1754828095436,15,37
"3712","User #25344","Timepoint 64",10.1548056006432,15,37
"3713","User #25346","Timepoint 1",0,15,37
"3714","User #25346","Timepoint 2",0,15,37
"3715","User #25346","Timepoint 3",0,15,37
"3716","User #25346","Timepoint 4",0,15,37
"3717","User #25346","Timepoint 5",0,15,37
"3718","User #25346","Timepoint 6",0,15,37
"3719","User #25346","Timepoint 7",0,15,37
"3720","User #25346","Timepoint 8",0,15,37
"3721","User #25346","Timepoint 9",0,15,37
"3722","User #25346","Timepoint 10",0,15,37
"3723","User #25346","Timepoint 11",0,15,37
"3724","User #25346","Timepoint 12",0,15,37
"3725","User #25346","Timepoint 13",0,15,37
"3726","User #25346","Timepoint 14",0,15,37
"3727","User #25346","Timepoint 15",0,15,37
"3728","User #25346","Timepoint 16",0,15,37
"3729","User #25346","Timepoint 17",NA,15,37
"3730","User #25346","Timepoint 18",NA,15,37
"3731","User #25346","Timepoint 19",NA,15,37
"3732","User #25346","Timepoint 20",NA,15,37
"3733","User #25346","Timepoint 21",NA,15,37
"3734","User #25346","Timepoint 22",NA,15,37
"3735","User #25346","Timepoint 23",NA,15,37
"3736","User #25346","Timepoint 24",NA,15,37
"3737","User #25346","Timepoint 25",NA,15,37
"3738","User #25346","Timepoint 26",NA,15,37
"3739","User #25346","Timepoint 27",NA,15,37
"3740","User #25346","Timepoint 28",NA,15,37
"3741","User #25346","Timepoint 29",NA,15,37
"3742","User #25346","Timepoint 30",NA,15,37
"3743","User #25346","Timepoint 31",NA,15,37
"3744","User #25346","Timepoint 32",NA,15,37
"3745","User #25346","Timepoint 33",14.2145178318024,15,37
"3746","User #25346","Timepoint 34",12.7416700124741,15,37
"3747","User #25346","Timepoint 35",13.8451790809631,15,37
"3748","User #25346","Timepoint 36",13.8003751039505,15,37
"3749","User #25346","Timepoint 37",14.3097863197327,15,37
"3750","User #25346","Timepoint 38",13.2455945014954,15,37
"3751","User #25346","Timepoint 39",12.9695617556572,15,37
"3752","User #25346","Timepoint 40",13.2704170942307,15,37
"3753","User #25346","Timepoint 41",12.3053057193756,15,37
"3754","User #25346","Timepoint 42",12.5432240962982,15,37
"3755","User #25346","Timepoint 43",12.2858797311783,15,37
"3756","User #25346","Timepoint 44",12.4012483358383,15,37
"3757","User #25346","Timepoint 45",12.3713334798813,15,37
"3758","User #25346","Timepoint 46",12.6407005786896,15,37
"3759","User #25346","Timepoint 47",12.4812668561935,15,37
"3760","User #25346","Timepoint 48",12.2998104095459,15,37
"3761","User #25346","Timepoint 49",11.2515022158623,15,37
"3762","User #25346","Timepoint 50",11.8617521226406,15,37
"3763","User #25346","Timepoint 51",11.3499653339386,15,37
"3764","User #25346","Timepoint 52",11.3908015489578,15,37
"3765","User #25346","Timepoint 53",11.2234929800034,15,37
"3766","User #25346","Timepoint 54",11.6135657429695,15,37
"3767","User #25346","Timepoint 55",11.7584063410759,15,37
"3768","User #25346","Timepoint 56",11.5082466602325,15,37
"3769","User #25346","Timepoint 57",11.8084492087364,15,37
"3770","User #25346","Timepoint 58",12.0706765055656,15,37
"3771","User #25346","Timepoint 59",11.8270563185215,15,37
"3772","User #25346","Timepoint 60",11.8394358158112,15,37
"3773","User #25346","Timepoint 61",11.7876952290535,15,37
"3774","User #25346","Timepoint 62",12.0349826812744,15,37
"3775","User #25346","Timepoint 63",12.0062495470047,15,37
"3776","User #25346","Timepoint 64",11.8443800210953,15,37
"3777","User #25361","Timepoint 1",0,15,37
"3778","User #25361","Timepoint 2",0,15,37
"3779","User #25361","Timepoint 3",0,15,37
"3780","User #25361","Timepoint 4",0,15,37
"3781","User #25361","Timepoint 5",0,15,37
"3782","User #25361","Timepoint 6",0,15,37
"3783","User #25361","Timepoint 7",0,15,37
"3784","User #25361","Timepoint 8",0,15,37
"3785","User #25361","Timepoint 9",0,15,37
"3786","User #25361","Timepoint 10",0,15,37
"3787","User #25361","Timepoint 11",0,15,37
"3788","User #25361","Timepoint 12",0,15,37
"3789","User #25361","Timepoint 13",0,15,37
"3790","User #25361","Timepoint 14",0,15,37
"3791","User #25361","Timepoint 15",0,15,37
"3792","User #25361","Timepoint 16",0,15,37
"3793","User #25361","Timepoint 17",NA,15,37
"3794","User #25361","Timepoint 18",NA,15,37
"3795","User #25361","Timepoint 19",NA,15,37
"3796","User #25361","Timepoint 20",NA,15,37
"3797","User #25361","Timepoint 21",NA,15,37
"3798","User #25361","Timepoint 22",NA,15,37
"3799","User #25361","Timepoint 23",NA,15,37
"3800","User #25361","Timepoint 24",NA,15,37
"3801","User #25361","Timepoint 25",NA,15,37
"3802","User #25361","Timepoint 26",NA,15,37
"3803","User #25361","Timepoint 27",NA,15,37
"3804","User #25361","Timepoint 28",NA,15,37
"3805","User #25361","Timepoint 29",NA,15,37
"3806","User #25361","Timepoint 30",NA,15,37
"3807","User #25361","Timepoint 31",NA,15,37
"3808","User #25361","Timepoint 32",NA,15,37
"3809","User #25361","Timepoint 33",16.0552975535393,15,37
"3810","User #25361","Timepoint 34",15.5004346966743,15,37
"3811","User #25361","Timepoint 35",15.783746778965,15,37
"3812","User #25361","Timepoint 36",15.6738252043724,15,37
"3813","User #25361","Timepoint 37",16.2702483534813,15,37
"3814","User #25361","Timepoint 38",15.7759140133858,15,37
"3815","User #25361","Timepoint 39",15.5231335163116,15,37
"3816","User #25361","Timepoint 40",15.6532283425331,15,37
"3817","User #25361","Timepoint 41",16.8935572504997,15,37
"3818","User #25361","Timepoint 42",15.7145752906799,15,37
"3819","User #25361","Timepoint 43",16.3993926048279,15,37
"3820","User #25361","Timepoint 44",16.1946619153023,15,37
"3821","User #25361","Timepoint 45",16.9902076125145,15,37
"3822","User #25361","Timepoint 46",16.0280641913414,15,37
"3823","User #25361","Timepoint 47",15.7973672151566,15,37
"3824","User #25361","Timepoint 48",16.195084810257,15,37
"3825","User #25361","Timepoint 49",15.1832586526871,15,37
"3826","User #25361","Timepoint 50",13.9726486206055,15,37
"3827","User #25361","Timepoint 51",14.6332731246948,15,37
"3828","User #25361","Timepoint 52",14.2543699741364,15,37
"3829","User #25361","Timepoint 53",15.271895647049,15,37
"3830","User #25361","Timepoint 54",14.2530252933502,15,37
"3831","User #25361","Timepoint 55",14.0045583248138,15,37
"3832","User #25361","Timepoint 56",14.3546388149261,15,37
"3833","User #25361","Timepoint 57",13.830069899559,15,37
"3834","User #25361","Timepoint 58",13.5641065239906,15,37
"3835","User #25361","Timepoint 59",13.5751316547394,15,37
"3836","User #25361","Timepoint 60",13.6469547748566,15,37
"3837","User #25361","Timepoint 61",13.896611571312,15,37
"3838","User #25361","Timepoint 62",13.7089366912842,15,37
"3839","User #25361","Timepoint 63",13.5411913394928,15,37
"3840","User #25361","Timepoint 64",13.4960150718689,15,37
"3841","User #25300","Timepoint 1",0,15,37
"3842","User #25300","Timepoint 2",0,15,37
"3843","User #25300","Timepoint 3",0,15,37
"3844","User #25300","Timepoint 4",0,15,37
"3845","User #25300","Timepoint 5",0,15,37
"3846","User #25300","Timepoint 6",0,15,37
"3847","User #25300","Timepoint 7",0,15,37
"3848","User #25300","Timepoint 8",0,15,37
"3849","User #25300","Timepoint 9",0,15,37
"3850","User #25300","Timepoint 10",0,15,37
"3851","User #25300","Timepoint 11",0,15,37
"3852","User #25300","Timepoint 12",0,15,37
"3853","User #25300","Timepoint 13",0,15,37
"3854","User #25300","Timepoint 14",0,15,37
"3855","User #25300","Timepoint 15",0,15,37
"3856","User #25300","Timepoint 16",0,15,37
"3857","User #25300","Timepoint 17",NA,15,37
"3858","User #25300","Timepoint 18",NA,15,37
"3859","User #25300","Timepoint 19",NA,15,37
"3860","User #25300","Timepoint 20",NA,15,37
"3861","User #25300","Timepoint 21",NA,15,37
"3862","User #25300","Timepoint 22",NA,15,37
"3863","User #25300","Timepoint 23",NA,15,37
"3864","User #25300","Timepoint 24",NA,15,37
"3865","User #25300","Timepoint 25",NA,15,37
"3866","User #25300","Timepoint 26",NA,15,37
"3867","User #25300","Timepoint 27",NA,15,37
"3868","User #25300","Timepoint 28",NA,15,37
"3869","User #25300","Timepoint 29",NA,15,37
"3870","User #25300","Timepoint 30",NA,15,37
"3871","User #25300","Timepoint 31",NA,15,37
"3872","User #25300","Timepoint 32",NA,15,37
"3873","User #25300","Timepoint 33",11.6944177150726,15,37
"3874","User #25300","Timepoint 34",11.6720697879791,15,37
"3875","User #25300","Timepoint 35",11.6225482225418,15,37
"3876","User #25300","Timepoint 36",11.5430555343628,15,37
"3877","User #25300","Timepoint 37",11.8618069887161,15,37
"3878","User #25300","Timepoint 38",11.6529247760773,15,37
"3879","User #25300","Timepoint 39",11.6397793292999,15,37
"3880","User #25300","Timepoint 40",11.5970721244812,15,37
"3881","User #25300","Timepoint 41",11.5780560970306,15,37
"3882","User #25300","Timepoint 42",11.791143655777,15,37
"3883","User #25300","Timepoint 43",11.6208013296127,15,37
"3884","User #25300","Timepoint 44",11.4938287734985,15,37
"3885","User #25300","Timepoint 45",11.6624760627747,15,37
"3886","User #25300","Timepoint 46",11.6430006027222,15,37
"3887","User #25300","Timepoint 47",11.7281284332275,15,37
"3888","User #25300","Timepoint 48",11.6177809238434,15,37
"3889","User #25300","Timepoint 49",10.7373634874821,15,37
"3890","User #25300","Timepoint 50",11.105208337307,15,37
"3891","User #25300","Timepoint 51",10.8221597373486,15,37
"3892","User #25300","Timepoint 52",10.8002682924271,15,37
"3893","User #25300","Timepoint 53",10.7537833750248,15,37
"3894","User #25300","Timepoint 54",10.9357031583786,15,37
"3895","User #25300","Timepoint 55",11.0371931791306,15,37
"3896","User #25300","Timepoint 56",10.8419578671455,15,37
"3897","User #25300","Timepoint 57",10.9339287281036,15,37
"3898","User #25300","Timepoint 58",11.2029706835747,15,37
"3899","User #25300","Timepoint 59",10.9838173687458,15,37
"3900","User #25300","Timepoint 60",10.9099003076553,15,37
"3901","User #25300","Timepoint 61",11.0347608625889,15,37
"3902","User #25300","Timepoint 62",11.0594310760498,15,37
"3903","User #25300","Timepoint 63",11.1240615844727,15,37
"3904","User #25300","Timepoint 64",10.9875705242157,15,37
"3905","User #25393","Timepoint 1",0,15,37
"3906","User #25393","Timepoint 2",0,15,37
"3907","User #25393","Timepoint 3",0,15,37
"3908","User #25393","Timepoint 4",0,15,37
"3909","User #25393","Timepoint 5",0,15,37
"3910","User #25393","Timepoint 6",0,15,37
"3911","User #25393","Timepoint 7",0,15,37
"3912","User #25393","Timepoint 8",0,15,37
"3913","User #25393","Timepoint 9",0,15,37
"3914","User #25393","Timepoint 10",0,15,37
"3915","User #25393","Timepoint 11",0,15,37
"3916","User #25393","Timepoint 12",0,15,37
"3917","User #25393","Timepoint 13",0,15,37
"3918","User #25393","Timepoint 14",0,15,37
"3919","User #25393","Timepoint 15",0,15,37
"3920","User #25393","Timepoint 16",0,15,37
"3921","User #25393","Timepoint 17",NA,15,37
"3922","User #25393","Timepoint 18",NA,15,37
"3923","User #25393","Timepoint 19",NA,15,37
"3924","User #25393","Timepoint 20",NA,15,37
"3925","User #25393","Timepoint 21",NA,15,37
"3926","User #25393","Timepoint 22",NA,15,37
"3927","User #25393","Timepoint 23",NA,15,37
"3928","User #25393","Timepoint 24",NA,15,37
"3929","User #25393","Timepoint 25",NA,15,37
"3930","User #25393","Timepoint 26",NA,15,37
"3931","User #25393","Timepoint 27",NA,15,37
"3932","User #25393","Timepoint 28",NA,15,37
"3933","User #25393","Timepoint 29",NA,15,37
"3934","User #25393","Timepoint 30",NA,15,37
"3935","User #25393","Timepoint 31",NA,15,37
"3936","User #25393","Timepoint 32",NA,15,37
"3937","User #25393","Timepoint 33",11.7607607841492,15,37
"3938","User #25393","Timepoint 34",11.1134009957314,15,37
"3939","User #25393","Timepoint 35",11.3247168958187,15,37
"3940","User #25393","Timepoint 36",11.2742003202438,15,37
"3941","User #25393","Timepoint 37",11.9118356108665,15,37
"3942","User #25393","Timepoint 38",11.2096630930901,15,37
"3943","User #25393","Timepoint 39",11.1378639340401,15,37
"3944","User #25393","Timepoint 40",11.2845095396042,15,37
"3945","User #25393","Timepoint 41",11.9721716046333,15,37
"3946","User #25393","Timepoint 42",11.277967184782,15,37
"3947","User #25393","Timepoint 43",11.6528391242027,15,37
"3948","User #25393","Timepoint 44",11.7122285962105,15,37
"3949","User #25393","Timepoint 45",11.9292112588882,15,37
"3950","User #25393","Timepoint 46",11.5255593657494,15,37
"3951","User #25393","Timepoint 47",11.4162700772285,15,37
"3952","User #25393","Timepoint 48",11.4451914429665,15,37
"3953","User #25393","Timepoint 49",13.6801126003265,15,37
"3954","User #25393","Timepoint 50",11.8627645969391,15,37
"3955","User #25393","Timepoint 51",12.9313611388206,15,37
"3956","User #25393","Timepoint 52",12.4619125723839,15,37
"3957","User #25393","Timepoint 53",13.8063120245934,15,37
"3958","User #25393","Timepoint 54",12.4753748774529,15,37
"3959","User #25393","Timepoint 55",12.3439180254936,15,37
"3960","User #25393","Timepoint 56",12.6162936687469,15,37
"3961","User #25393","Timepoint 57",13.8347502946854,15,37
"3962","User #25393","Timepoint 58",11.8405195474625,15,37
"3963","User #25393","Timepoint 59",13.002238214016,15,37
"3964","User #25393","Timepoint 60",12.4057179093361,15,37
"3965","User #25393","Timepoint 61",13.8863068223,15,37
"3966","User #25393","Timepoint 62",12.2236149907112,15,37
"3967","User #25393","Timepoint 63",12.0149111151695,15,37
"3968","User #25393","Timepoint 64",12.5330241918564,15,37
"3969","User #25370","Timepoint 1",0,15,37
"3970","User #25370","Timepoint 2",0,15,37
"3971","User #25370","Timepoint 3",0,15,37
"3972","User #25370","Timepoint 4",0,15,37
"3973","User #25370","Timepoint 5",0,15,37
"3974","User #25370","Timepoint 6",0,15,37
"3975","User #25370","Timepoint 7",0,15,37
"3976","User #25370","Timepoint 8",0,15,37
"3977","User #25370","Timepoint 9",0,15,37
"3978","User #25370","Timepoint 10",0,15,37
"3979","User #25370","Timepoint 11",0,15,37
"3980","User #25370","Timepoint 12",0,15,37
"3981","User #25370","Timepoint 13",0,15,37
"3982","User #25370","Timepoint 14",0,15,37
"3983","User #25370","Timepoint 15",0,15,37
"3984","User #25370","Timepoint 16",0,15,37
"3985","User #25370","Timepoint 17",NA,15,37
"3986","User #25370","Timepoint 18",NA,15,37
"3987","User #25370","Timepoint 19",NA,15,37
"3988","User #25370","Timepoint 20",NA,15,37
"3989","User #25370","Timepoint 21",NA,15,37
"3990","User #25370","Timepoint 22",NA,15,37
"3991","User #25370","Timepoint 23",NA,15,37
"3992","User #25370","Timepoint 24",NA,15,37
"3993","User #25370","Timepoint 25",NA,15,37
"3994","User #25370","Timepoint 26",NA,15,37
"3995","User #25370","Timepoint 27",NA,15,37
"3996","User #25370","Timepoint 28",NA,15,37
"3997","User #25370","Timepoint 29",NA,15,37
"3998","User #25370","Timepoint 30",NA,15,37
"3999","User #25370","Timepoint 31",NA,15,37
"4000","User #25370","Timepoint 32",NA,15,37
"4001","User #25370","Timepoint 33",9.05462551116943,15,37
"4002","User #25370","Timepoint 34",8.66555166244507,15,37
"4003","User #25370","Timepoint 35",8.97460007667542,15,37
"4004","User #25370","Timepoint 36",8.85949468612671,15,37
"4005","User #25370","Timepoint 37",9.11310648918152,15,37
"4006","User #25370","Timepoint 38",8.79561758041382,15,37
"4007","User #25370","Timepoint 39",8.86452746391296,15,37
"4008","User #25370","Timepoint 40",8.76776528358459,15,37
"4009","User #25370","Timepoint 41",9.30499005317688,15,37
"4010","User #25370","Timepoint 42",8.92652702331543,15,37
"4011","User #25370","Timepoint 43",9.18467617034912,15,37
"4012","User #25370","Timepoint 44",9.03585839271545,15,37
"4013","User #25370","Timepoint 45",9.29131865501404,15,37
"4014","User #25370","Timepoint 46",9.02281618118286,15,37
"4015","User #25370","Timepoint 47",9.00263857841492,15,37
"4016","User #25370","Timepoint 48",9.02364373207092,15,37
"4017","User #25370","Timepoint 49",7.22805595397949,15,37
"4018","User #25370","Timepoint 50",7.8649634718895,15,37
"4019","User #25370","Timepoint 51",7.38238325715065,15,37
"4020","User #25370","Timepoint 52",7.43966794013977,15,37
"4021","User #25370","Timepoint 53",7.24631300568581,15,37
"4022","User #25370","Timepoint 54",7.645268201828,15,37
"4023","User #25370","Timepoint 55",7.82325795292854,15,37
"4024","User #25370","Timepoint 56",7.52540266513824,15,37
"4025","User #25370","Timepoint 57",7.32758915424347,15,37
"4026","User #25370","Timepoint 58",7.91996157169342,15,37
"4027","User #25370","Timepoint 59",7.46022364497185,15,37
"4028","User #25370","Timepoint 60",7.51749134063721,15,37
"4029","User #25370","Timepoint 61",7.33607044816017,15,37
"4030","User #25370","Timepoint 62",7.69834643602371,15,37
"4031","User #25370","Timepoint 63",7.87329590320587,15,37
"4032","User #25370","Timepoint 64",7.60330265760422,15,37
"4033","User #25359","Timepoint 1",0,15,37
"4034","User #25359","Timepoint 2",0,15,37
"4035","User #25359","Timepoint 3",0,15,37
"4036","User #25359","Timepoint 4",0,15,37
"4037","User #25359","Timepoint 5",0,15,37
"4038","User #25359","Timepoint 6",0,15,37
"4039","User #25359","Timepoint 7",0,15,37
"4040","User #25359","Timepoint 8",0,15,37
"4041","User #25359","Timepoint 9",0,15,37
"4042","User #25359","Timepoint 10",0,15,37
"4043","User #25359","Timepoint 11",0,15,37
"4044","User #25359","Timepoint 12",0,15,37
"4045","User #25359","Timepoint 13",0,15,37
"4046","User #25359","Timepoint 14",0,15,37
"4047","User #25359","Timepoint 15",0,15,37
"4048","User #25359","Timepoint 16",0,15,37
"4049","User #25359","Timepoint 17",NA,15,37
"4050","User #25359","Timepoint 18",NA,15,37
"4051","User #25359","Timepoint 19",NA,15,37
"4052","User #25359","Timepoint 20",NA,15,37
"4053","User #25359","Timepoint 21",NA,15,37
"4054","User #25359","Timepoint 22",NA,15,37
"4055","User #25359","Timepoint 23",NA,15,37
"4056","User #25359","Timepoint 24",NA,15,37
"4057","User #25359","Timepoint 25",NA,15,37
"4058","User #25359","Timepoint 26",NA,15,37
"4059","User #25359","Timepoint 27",NA,15,37
"4060","User #25359","Timepoint 28",NA,15,37
"4061","User #25359","Timepoint 29",NA,15,37
"4062","User #25359","Timepoint 30",NA,15,37
"4063","User #25359","Timepoint 31",NA,15,37
"4064","User #25359","Timepoint 32",NA,15,37
"4065","User #25359","Timepoint 33",8.79281568527222,15,37
"4066","User #25359","Timepoint 34",8.77636158466339,15,37
"4067","User #25359","Timepoint 35",8.76063585281372,15,37
"4068","User #25359","Timepoint 36",8.85866820812225,15,37
"4069","User #25359","Timepoint 37",8.79435634613037,15,37
"4070","User #25359","Timepoint 38",8.8323427438736,15,37
"4071","User #25359","Timepoint 39",8.80797046422958,15,37
"4072","User #25359","Timepoint 40",8.74578166007996,15,37
"4073","User #25359","Timepoint 41",8.71507596969604,15,37
"4074","User #25359","Timepoint 42",8.80901777744293,15,37
"4075","User #25359","Timepoint 43",8.7135813832283,15,37
"4076","User #25359","Timepoint 44",8.79123401641846,15,37
"4077","User #25359","Timepoint 45",8.72265607118607,15,37
"4078","User #25359","Timepoint 46",8.8174866437912,15,37
"4079","User #25359","Timepoint 47",8.79994225502014,15,37
"4080","User #25359","Timepoint 48",8.70951879024506,15,37
"4081","User #25359","Timepoint 49",9.151047706604,15,37
"4082","User #25359","Timepoint 50",9.54063868522644,15,37
"4083","User #25359","Timepoint 51",9.21212792396545,15,37
"4084","User #25359","Timepoint 52",9.3162145614624,15,37
"4085","User #25359","Timepoint 53",9.16013097763062,15,37
"4086","User #25359","Timepoint 54",9.44205927848816,15,37
"4087","User #25359","Timepoint 55",9.51644730567932,15,37
"4088","User #25359","Timepoint 56",9.29443550109863,15,37
"4089","User #25359","Timepoint 57",9.02489745616913,15,37
"4090","User #25359","Timepoint 58",9.49793767929077,15,37
"4091","User #25359","Timepoint 59",9.11650633811951,15,37
"4092","User #25359","Timepoint 60",9.20423913002014,15,37
"4093","User #25359","Timepoint 61",9.0440833568573,15,37
"4094","User #25359","Timepoint 62",9.35199642181396,15,37
"4095","User #25359","Timepoint 63",9.46827602386475,15,37
"4096","User #25359","Timepoint 64",9.23390603065491,15,37
"4097","User #25391","Timepoint 1",0,15,37
"4098","User #25391","Timepoint 2",0,15,37
"4099","User #25391","Timepoint 3",0,15,37
"4100","User #25391","Timepoint 4",0,15,37
"4101","User #25391","Timepoint 5",0,15,37
"4102","User #25391","Timepoint 6",0,15,37
"4103","User #25391","Timepoint 7",0,15,37
"4104","User #25391","Timepoint 8",0,15,37
"4105","User #25391","Timepoint 9",0,15,37
"4106","User #25391","Timepoint 10",0,15,37
"4107","User #25391","Timepoint 11",0,15,37
"4108","User #25391","Timepoint 12",0,15,37
"4109","User #25391","Timepoint 13",0,15,37
"4110","User #25391","Timepoint 14",0,15,37
"4111","User #25391","Timepoint 15",0,15,37
"4112","User #25391","Timepoint 16",0,15,37
"4113","User #25391","Timepoint 17",NA,15,37
"4114","User #25391","Timepoint 18",NA,15,37
"4115","User #25391","Timepoint 19",NA,15,37
"4116","User #25391","Timepoint 20",NA,15,37
"4117","User #25391","Timepoint 21",NA,15,37
"4118","User #25391","Timepoint 22",NA,15,37
"4119","User #25391","Timepoint 23",NA,15,37
"4120","User #25391","Timepoint 24",NA,15,37
"4121","User #25391","Timepoint 25",NA,15,37
"4122","User #25391","Timepoint 26",NA,15,37
"4123","User #25391","Timepoint 27",NA,15,37
"4124","User #25391","Timepoint 28",NA,15,37
"4125","User #25391","Timepoint 29",NA,15,37
"4126","User #25391","Timepoint 30",NA,15,37
"4127","User #25391","Timepoint 31",NA,15,37
"4128","User #25391","Timepoint 32",NA,15,37
"4129","User #25391","Timepoint 33",6.8011462688446,15,37
"4130","User #25391","Timepoint 34",6.39633959531784,15,37
"4131","User #25391","Timepoint 35",6.71525281667709,15,37
"4132","User #25391","Timepoint 36",6.70858377218246,15,37
"4133","User #25391","Timepoint 37",6.85653424263,15,37
"4134","User #25391","Timepoint 38",6.65418195724487,15,37
"4135","User #25391","Timepoint 39",6.51290446519852,15,37
"4136","User #25391","Timepoint 40",6.57486939430237,15,37
"4137","User #25391","Timepoint 41",6.55898749828339,15,37
"4138","User #25391","Timepoint 42",6.37620487809181,15,37
"4139","User #25391","Timepoint 43",6.50156319141388,15,37
"4140","User #25391","Timepoint 44",6.48946356773376,15,37
"4141","User #25391","Timepoint 45",6.57185709476471,15,37
"4142","User #25391","Timepoint 46",6.48976075649261,15,37
"4143","User #25391","Timepoint 47",6.42405200004578,15,37
"4144","User #25391","Timepoint 48",6.45704567432404,15,37
"4145","User #25391","Timepoint 49",6.27607443928719,15,37
"4146","User #25391","Timepoint 50",6.26623502373695,15,37
"4147","User #25391","Timepoint 51",6.26512029767036,15,37
"4148","User #25391","Timepoint 52",6.33171051740646,15,37
"4149","User #25391","Timepoint 53",6.27115678787231,15,37
"4150","User #25391","Timepoint 54",6.33115583658218,15,37
"4151","User #25391","Timepoint 55",6.2973764538765,15,37
"4152","User #25391","Timepoint 56",6.22964996099472,15,37
"4153","User #25391","Timepoint 57",6.66520780324936,15,37
"4154","User #25391","Timepoint 58",6.37729287147522,15,37
"4155","User #25391","Timepoint 59",6.56593728065491,15,37
"4156","User #25391","Timepoint 60",6.56530338525772,15,37
"4157","User #25391","Timepoint 61",6.74522739648819,15,37
"4158","User #25391","Timepoint 62",6.56976264715195,15,37
"4159","User #25391","Timepoint 63",6.46417337656021,15,37
"4160","User #25391","Timepoint 64",6.45982336997986,15,37
"4161","User #25342","Timepoint 1",0,15,37
"4162","User #25342","Timepoint 2",0,15,37
"4163","User #25342","Timepoint 3",0,15,37
"4164","User #25342","Timepoint 4",0,15,37
"4165","User #25342","Timepoint 5",0,15,37
"4166","User #25342","Timepoint 6",0,15,37
"4167","User #25342","Timepoint 7",0,15,37
"4168","User #25342","Timepoint 8",0,15,37
"4169","User #25342","Timepoint 9",0,15,37
"4170","User #25342","Timepoint 10",0,15,37
"4171","User #25342","Timepoint 11",0,15,37
"4172","User #25342","Timepoint 12",0,15,37
"4173","User #25342","Timepoint 13",0,15,37
"4174","User #25342","Timepoint 14",0,15,37
"4175","User #25342","Timepoint 15",0,15,37
"4176","User #25342","Timepoint 16",0,15,37
"4177","User #25342","Timepoint 17",NA,15,37
"4178","User #25342","Timepoint 18",NA,15,37
"4179","User #25342","Timepoint 19",NA,15,37
"4180","User #25342","Timepoint 20",NA,15,37
"4181","User #25342","Timepoint 21",NA,15,37
"4182","User #25342","Timepoint 22",NA,15,37
"4183","User #25342","Timepoint 23",NA,15,37
"4184","User #25342","Timepoint 24",NA,15,37
"4185","User #25342","Timepoint 25",NA,15,37
"4186","User #25342","Timepoint 26",NA,15,37
"4187","User #25342","Timepoint 27",NA,15,37
"4188","User #25342","Timepoint 28",NA,15,37
"4189","User #25342","Timepoint 29",NA,15,37
"4190","User #25342","Timepoint 30",NA,15,37
"4191","User #25342","Timepoint 31",NA,15,37
"4192","User #25342","Timepoint 32",NA,15,37
"4193","User #25342","Timepoint 33",10.3076395988464,15,37
"4194","User #25342","Timepoint 34",9.57966816425323,15,37
"4195","User #25342","Timepoint 35",10.223468542099,15,37
"4196","User #25342","Timepoint 36",10.0615255832672,15,37
"4197","User #25342","Timepoint 37",10.568945646286,15,37
"4198","User #25342","Timepoint 38",9.9487099647522,15,37
"4199","User #25342","Timepoint 39",9.82818520069122,15,37
"4200","User #25342","Timepoint 40",9.55357527732849,15,37
"4201","User #25342","Timepoint 41",9.26233327388763,15,37
"4202","User #25342","Timepoint 42",9.62107932567596,15,37
"4203","User #25342","Timepoint 43",9.36290276050568,15,37
"4204","User #25342","Timepoint 44",9.35304021835327,15,37
"4205","User #25342","Timepoint 45",9.35160088539124,15,37
"4206","User #25342","Timepoint 46",9.4804220199585,15,37
"4207","User #25342","Timepoint 47",9.58514332771301,15,37
"4208","User #25342","Timepoint 48",9.38976240158081,15,37
"4209","User #25342","Timepoint 49",9.54805588722229,15,37
"4210","User #25342","Timepoint 50",9.6888016462326,15,37
"4211","User #25342","Timepoint 51",9.58820343017578,15,37
"4212","User #25342","Timepoint 52",9.5291314125061,15,37
"4213","User #25342","Timepoint 53",9.70024871826172,15,37
"4214","User #25342","Timepoint 54",9.64758634567261,15,37
"4215","User #25342","Timepoint 55",9.67782390117645,15,37
"4216","User #25342","Timepoint 56",9.51812648773193,15,37
"4217","User #25342","Timepoint 57",9.49576377868652,15,37
"4218","User #25342","Timepoint 58",9.70523822307587,15,37
"4219","User #25342","Timepoint 59",9.59111440181732,15,37
"4220","User #25342","Timepoint 60",9.50487923622131,15,37
"4221","User #25342","Timepoint 61",9.63399648666382,15,37
"4222","User #25342","Timepoint 62",9.5904860496521,15,37
"4223","User #25342","Timepoint 63",9.66297793388367,15,37
"4224","User #25342","Timepoint 64",9.50232529640198,15,37
"4225","User #25299","Timepoint 1",0,15,37
"4226","User #25299","Timepoint 2",0,15,37
"4227","User #25299","Timepoint 3",0,15,37
"4228","User #25299","Timepoint 4",0,15,37
"4229","User #25299","Timepoint 5",0,15,37
"4230","User #25299","Timepoint 6",0,15,37
"4231","User #25299","Timepoint 7",0,15,37
"4232","User #25299","Timepoint 8",0,15,37
"4233","User #25299","Timepoint 9",0,15,37
"4234","User #25299","Timepoint 10",0,15,37
"4235","User #25299","Timepoint 11",0,15,37
"4236","User #25299","Timepoint 12",0,15,37
"4237","User #25299","Timepoint 13",0,15,37
"4238","User #25299","Timepoint 14",0,15,37
"4239","User #25299","Timepoint 15",0,15,37
"4240","User #25299","Timepoint 16",0,15,37
"4241","User #25299","Timepoint 17",NA,15,37
"4242","User #25299","Timepoint 18",NA,15,37
"4243","User #25299","Timepoint 19",NA,15,37
"4244","User #25299","Timepoint 20",NA,15,37
"4245","User #25299","Timepoint 21",NA,15,37
"4246","User #25299","Timepoint 22",NA,15,37
"4247","User #25299","Timepoint 23",NA,15,37
"4248","User #25299","Timepoint 24",NA,15,37
"4249","User #25299","Timepoint 25",NA,15,37
"4250","User #25299","Timepoint 26",NA,15,37
"4251","User #25299","Timepoint 27",NA,15,37
"4252","User #25299","Timepoint 28",NA,15,37
"4253","User #25299","Timepoint 29",NA,15,37
"4254","User #25299","Timepoint 30",NA,15,37
"4255","User #25299","Timepoint 31",NA,15,37
"4256","User #25299","Timepoint 32",NA,15,37
"4257","User #25299","Timepoint 33",7.90121686458588,15,37
"4258","User #25299","Timepoint 34",7.8649440407753,15,37
"4259","User #25299","Timepoint 35",7.85961055755615,15,37
"4260","User #25299","Timepoint 36",7.83156907558441,15,37
"4261","User #25299","Timepoint 37",7.99501395225525,15,37
"4262","User #25299","Timepoint 38",7.90068912506104,15,37
"4263","User #25299","Timepoint 39",7.87041842937469,15,37
"4264","User #25299","Timepoint 40",7.79521179199219,15,37
"4265","User #25299","Timepoint 41",7.68886625766754,15,37
"4266","User #25299","Timepoint 42",7.8534973859787,15,37
"4267","User #25299","Timepoint 43",7.73801851272583,15,37
"4268","User #25299","Timepoint 44",7.73839235305786,15,37
"4269","User #25299","Timepoint 45",7.72700047492981,15,37
"4270","User #25299","Timepoint 46",7.77240300178528,15,37
"4271","User #25299","Timepoint 47",7.81999158859253,15,37
"4272","User #25299","Timepoint 48",7.73454630374908,15,37
"4273","User #25299","Timepoint 49",8.2638173699379,15,37
"4274","User #25299","Timepoint 50",8.35533970594406,15,37
"4275","User #25299","Timepoint 51",8.27095097303391,15,37
"4276","User #25299","Timepoint 52",8.24610835313797,15,37
"4277","User #25299","Timepoint 53",8.38214802742004,15,37
"4278","User #25299","Timepoint 54",8.27808260917664,15,37
"4279","User #25299","Timepoint 55",8.31783920526505,15,37
"4280","User #25299","Timepoint 56",8.2315309047699,15,37
"4281","User #25299","Timepoint 57",8.06530421972275,15,37
"4282","User #25299","Timepoint 58",8.28382682800293,15,37
"4283","User #25299","Timepoint 59",8.11446812748909,15,37
"4284","User #25299","Timepoint 60",8.09744477272034,15,37
"4285","User #25299","Timepoint 61",8.1229100227356,15,37
"4286","User #25299","Timepoint 62",8.15428096055984,15,37
"4287","User #25299","Timepoint 63",8.24764293432236,15,37
"4288","User #25299","Timepoint 64",8.14315444231033,15,37
"4289","User #25297","Timepoint 1",0,15,37
"4290","User #25297","Timepoint 2",0,15,37
"4291","User #25297","Timepoint 3",0,15,37
"4292","User #25297","Timepoint 4",0,15,37
"4293","User #25297","Timepoint 5",0,15,37
"4294","User #25297","Timepoint 6",0,15,37
"4295","User #25297","Timepoint 7",0,15,37
"4296","User #25297","Timepoint 8",0,15,37
"4297","User #25297","Timepoint 9",0,15,37
"4298","User #25297","Timepoint 10",0,15,37
"4299","User #25297","Timepoint 11",0,15,37
"4300","User #25297","Timepoint 12",0,15,37
"4301","User #25297","Timepoint 13",0,15,37
"4302","User #25297","Timepoint 14",0,15,37
"4303","User #25297","Timepoint 15",0,15,37
"4304","User #25297","Timepoint 16",0,15,37
"4305","User #25297","Timepoint 17",NA,15,37
"4306","User #25297","Timepoint 18",NA,15,37
"4307","User #25297","Timepoint 19",NA,15,37
"4308","User #25297","Timepoint 20",NA,15,37
"4309","User #25297","Timepoint 21",NA,15,37
"4310","User #25297","Timepoint 22",NA,15,37
"4311","User #25297","Timepoint 23",NA,15,37
"4312","User #25297","Timepoint 24",NA,15,37
"4313","User #25297","Timepoint 25",NA,15,37
"4314","User #25297","Timepoint 26",NA,15,37
"4315","User #25297","Timepoint 27",NA,15,37
"4316","User #25297","Timepoint 28",NA,15,37
"4317","User #25297","Timepoint 29",NA,15,37
"4318","User #25297","Timepoint 30",NA,15,37
"4319","User #25297","Timepoint 31",NA,15,37
"4320","User #25297","Timepoint 32",NA,15,37
"4321","User #25297","Timepoint 33",9.31090313196182,15,37
"4322","User #25297","Timepoint 34",8.39424470067024,15,37
"4323","User #25297","Timepoint 35",9.2018700838089,15,37
"4324","User #25297","Timepoint 36",9.0914426445961,15,37
"4325","User #25297","Timepoint 37",9.7423443198204,15,37
"4326","User #25297","Timepoint 38",8.92787492275238,15,37
"4327","User #25297","Timepoint 39",8.57778996229172,15,37
"4328","User #25297","Timepoint 40",8.70995992422104,15,37
"4329","User #25297","Timepoint 41",8.41411888599396,15,37
"4330","User #25297","Timepoint 42",8.34195977449417,15,37
"4331","User #25297","Timepoint 43",8.38447752594948,15,37
"4332","User #25297","Timepoint 44",8.40643525123596,15,37
"4333","User #25297","Timepoint 45",8.42562037706375,15,37
"4334","User #25297","Timepoint 46",8.40488135814667,15,37
"4335","User #25297","Timepoint 47",8.32147109508514,15,37
"4336","User #25297","Timepoint 48",8.29817789793015,15,37
"4337","User #25297","Timepoint 49",8.42110031843185,15,37
"4338","User #25297","Timepoint 50",8.38207274675369,15,37
"4339","User #25297","Timepoint 51",8.35311633348465,15,37
"4340","User #25297","Timepoint 52",8.3525847196579,15,37
"4341","User #25297","Timepoint 53",8.51338297128677,15,37
"4342","User #25297","Timepoint 54",8.37015801668167,15,37
"4343","User #25297","Timepoint 55",8.31351584196091,15,37
"4344","User #25297","Timepoint 56",8.39855581521988,15,37
"4345","User #25297","Timepoint 57",8.27883139252663,15,37
"4346","User #25297","Timepoint 58",8.33441686630249,15,37
"4347","User #25297","Timepoint 59",8.25477734208107,15,37
"4348","User #25297","Timepoint 60",8.26883471012115,15,37
"4349","User #25297","Timepoint 61",8.32627841830254,15,37
"4350","User #25297","Timepoint 62",8.32201397418976,15,37
"4351","User #25297","Timepoint 63",8.27479681372643,15,37
"4352","User #25297","Timepoint 64",8.26722896099091,15,37
"4353","User #25381","Timepoint 1",0,15,37
"4354","User #25381","Timepoint 2",0,15,37
"4355","User #25381","Timepoint 3",0,15,37
"4356","User #25381","Timepoint 4",0,15,37
"4357","User #25381","Timepoint 5",0,15,37
"4358","User #25381","Timepoint 6",0,15,37
"4359","User #25381","Timepoint 7",0,15,37
"4360","User #25381","Timepoint 8",0,15,37
"4361","User #25381","Timepoint 9",0,15,37
"4362","User #25381","Timepoint 10",0,15,37
"4363","User #25381","Timepoint 11",0,15,37
"4364","User #25381","Timepoint 12",0,15,37
"4365","User #25381","Timepoint 13",0,15,37
"4366","User #25381","Timepoint 14",0,15,37
"4367","User #25381","Timepoint 15",0,15,37
"4368","User #25381","Timepoint 16",0,15,37
"4369","User #25381","Timepoint 17",NA,15,37
"4370","User #25381","Timepoint 18",NA,15,37
"4371","User #25381","Timepoint 19",NA,15,37
"4372","User #25381","Timepoint 20",NA,15,37
"4373","User #25381","Timepoint 21",NA,15,37
"4374","User #25381","Timepoint 22",NA,15,37
"4375","User #25381","Timepoint 23",NA,15,37
"4376","User #25381","Timepoint 24",NA,15,37
"4377","User #25381","Timepoint 25",NA,15,37
"4378","User #25381","Timepoint 26",NA,15,37
"4379","User #25381","Timepoint 27",NA,15,37
"4380","User #25381","Timepoint 28",NA,15,37
"4381","User #25381","Timepoint 29",NA,15,37
"4382","User #25381","Timepoint 30",NA,15,37
"4383","User #25381","Timepoint 31",NA,15,37
"4384","User #25381","Timepoint 32",NA,15,37
"4385","User #25381","Timepoint 33",7.47333842515945,15,37
"4386","User #25381","Timepoint 34",6.65196144580841,15,37
"4387","User #25381","Timepoint 35",7.27255845069885,15,37
"4388","User #25381","Timepoint 36",7.06156176328659,15,37
"4389","User #25381","Timepoint 37",7.81990361213684,15,37
"4390","User #25381","Timepoint 38",7.04989683628082,15,37
"4391","User #25381","Timepoint 39",6.69665920734406,15,37
"4392","User #25381","Timepoint 40",6.7074556350708,15,37
"4393","User #25381","Timepoint 41",6.26754984259605,15,37
"4394","User #25381","Timepoint 42",6.28889387845993,15,37
"4395","User #25381","Timepoint 43",6.26428353786469,15,37
"4396","User #25381","Timepoint 44",6.30508655309677,15,37
"4397","User #25381","Timepoint 45",6.4331516623497,15,37
"4398","User #25381","Timepoint 46",6.37708187103271,15,37
"4399","User #25381","Timepoint 47",6.33532389998436,15,37
"4400","User #25381","Timepoint 48",6.15263855457306,15,37
"4401","User #25381","Timepoint 49",6.45195627212524,15,37
"4402","User #25381","Timepoint 50",6.68524158000946,15,37
"4403","User #25381","Timepoint 51",6.50853538513184,15,37
"4404","User #25381","Timepoint 52",6.54505443572998,15,37
"4405","User #25381","Timepoint 53",6.62894344329834,15,37
"4406","User #25381","Timepoint 54",6.64755988121033,15,37
"4407","User #25381","Timepoint 55",6.70351707935333,15,37
"4408","User #25381","Timepoint 56",6.48193669319153,15,37
"4409","User #25381","Timepoint 57",6.50769603252411,15,37
"4410","User #25381","Timepoint 58",6.72300589084625,15,37
"4411","User #25381","Timepoint 59",6.55797135829926,15,37
"4412","User #25381","Timepoint 60",6.57124423980713,15,37
"4413","User #25381","Timepoint 61",6.68414878845215,15,37
"4414","User #25381","Timepoint 62",6.6873791217804,15,37
"4415","User #25381","Timepoint 63",6.72091770172119,15,37
"4416","User #25381","Timepoint 64",6.53111267089844,15,37
