"","ID","Timepoint","Prediction","Bootstrap","Jackknife"
"1","User #25368","Timepoint 1",0,57,29
"2","User #25368","Timepoint 2",0,57,29
"3","User #25368","Timepoint 3",0,57,29
"4","User #25368","Timepoint 4",0,57,29
"5","User #25368","Timepoint 5",0,57,29
"6","User #25368","Timepoint 6",0,57,29
"7","User #25368","Timepoint 7",0,57,29
"8","User #25368","Timepoint 8",0,57,29
"9","User #25368","Timepoint 9",0,57,29
"10","User #25368","Timepoint 10",0,57,29
"11","User #25368","Timepoint 11",0,57,29
"12","User #25368","Timepoint 12",0,57,29
"13","User #25368","Timepoint 13",0,57,29
"14","User #25368","Timepoint 14",0,57,29
"15","User #25368","Timepoint 15",0,57,29
"16","User #25368","Timepoint 16",0,57,29
"17","User #25368","Timepoint 17",NA,57,29
"18","User #25368","Timepoint 18",NA,57,29
"19","User #25368","Timepoint 19",NA,57,29
"20","User #25368","Timepoint 20",NA,57,29
"21","User #25368","Timepoint 21",NA,57,29
"22","User #25368","Timepoint 22",NA,57,29
"23","User #25368","Timepoint 23",NA,57,29
"24","User #25368","Timepoint 24",NA,57,29
"25","User #25368","Timepoint 25",11.2100396156311,57,29
"26","User #25368","Timepoint 26",9.54608058929443,57,29
"27","User #25368","Timepoint 27",8.80200147628784,57,29
"28","User #25368","Timepoint 28",10.7985877990723,57,29
"29","User #25368","Timepoint 29",10.8584127426147,57,29
"30","User #25368","Timepoint 30",10.3503222465515,57,29
"31","User #25368","Timepoint 31",12.8356080055237,57,29
"32","User #25368","Timepoint 32",10.1427245140076,57,29
"33","User #25368","Timepoint 33",10.5579719543457,57,29
"34","User #25368","Timepoint 34",9.23717832565308,57,29
"35","User #25368","Timepoint 35",8.51656079292297,57,29
"36","User #25368","Timepoint 36",10.1204934120178,57,29
"37","User #25368","Timepoint 37",10.2075448036194,57,29
"38","User #25368","Timepoint 38",9.78983211517334,57,29
"39","User #25368","Timepoint 39",11.7680258750916,57,29
"40","User #25368","Timepoint 40",9.75650358200073,57,29
"41","User #25368","Timepoint 41",9.7337703704834,57,29
"42","User #25368","Timepoint 42",8.96367835998535,57,29
"43","User #25368","Timepoint 43",8.16288781166077,57,29
"44","User #25368","Timepoint 44",9.27858018875122,57,29
"45","User #25368","Timepoint 45",9.52983522415161,57,29
"46","User #25368","Timepoint 46",9.10787010192871,57,29
"47","User #25368","Timepoint 47",10.1657490730286,57,29
"48","User #25368","Timepoint 48",9.42489862442017,57,29
"49","User #25368","Timepoint 49",7.5104159116745,57,29
"50","User #25368","Timepoint 50",7.40235924720764,57,29
"51","User #25368","Timepoint 51",7.13485240936279,57,29
"52","User #25368","Timepoint 52",7.09811255335808,57,29
"53","User #25368","Timepoint 53",7.09094628691673,57,29
"54","User #25368","Timepoint 54",6.91491365432739,57,29
"55","User #25368","Timepoint 55",7.1174544095993,57,29
"56","User #25368","Timepoint 56",7.65615820884705,57,29
"57","User #25368","Timepoint 57",7.79077440500259,57,29
"58","User #25368","Timepoint 58",7.65166789293289,57,29
"59","User #25368","Timepoint 59",7.40494668483734,57,29
"60","User #25368","Timepoint 60",7.37498193979263,57,29
"61","User #25368","Timepoint 61",7.28819161653519,57,29
"62","User #25368","Timepoint 62",7.14104652404785,57,29
"63","User #25368","Timepoint 63",7.46842697262764,57,29
"64","User #25368","Timepoint 64",7.82003104686737,57,29
"65","User #25292","Timepoint 1",0,57,29
"66","User #25292","Timepoint 2",0,57,29
"67","User #25292","Timepoint 3",0,57,29
"68","User #25292","Timepoint 4",0,57,29
"69","User #25292","Timepoint 5",0,57,29
"70","User #25292","Timepoint 6",0,57,29
"71","User #25292","Timepoint 7",0,57,29
"72","User #25292","Timepoint 8",0,57,29
"73","User #25292","Timepoint 9",0,57,29
"74","User #25292","Timepoint 10",0,57,29
"75","User #25292","Timepoint 11",0,57,29
"76","User #25292","Timepoint 12",0,57,29
"77","User #25292","Timepoint 13",0,57,29
"78","User #25292","Timepoint 14",0,57,29
"79","User #25292","Timepoint 15",0,57,29
"80","User #25292","Timepoint 16",0,57,29
"81","User #25292","Timepoint 17",NA,57,29
"82","User #25292","Timepoint 18",NA,57,29
"83","User #25292","Timepoint 19",NA,57,29
"84","User #25292","Timepoint 20",NA,57,29
"85","User #25292","Timepoint 21",NA,57,29
"86","User #25292","Timepoint 22",NA,57,29
"87","User #25292","Timepoint 23",NA,57,29
"88","User #25292","Timepoint 24",NA,57,29
"89","User #25292","Timepoint 25",7.06903314590454,57,29
"90","User #25292","Timepoint 26",6.97093367576599,57,29
"91","User #25292","Timepoint 27",6.90851473808289,57,29
"92","User #25292","Timepoint 28",6.8416622877121,57,29
"93","User #25292","Timepoint 29",6.64397633075714,57,29
"94","User #25292","Timepoint 30",6.70102709531784,57,29
"95","User #25292","Timepoint 31",7.10002589225769,57,29
"96","User #25292","Timepoint 32",6.96122300624847,57,29
"97","User #25292","Timepoint 33",7.20007640123367,57,29
"98","User #25292","Timepoint 34",7.00909042358398,57,29
"99","User #25292","Timepoint 35",6.89623147249222,57,29
"100","User #25292","Timepoint 36",6.93278425931931,57,29
"101","User #25292","Timepoint 37",6.79227942228317,57,29
"102","User #25292","Timepoint 38",6.78722596168518,57,29
"103","User #25292","Timepoint 39",7.27005058526993,57,29
"104","User #25292","Timepoint 40",7.05188685655594,57,29
"105","User #25292","Timepoint 41",6.32705071568489,57,29
"106","User #25292","Timepoint 42",6.28006252646446,57,29
"107","User #25292","Timepoint 43",6.17410445213318,57,29
"108","User #25292","Timepoint 44",6.10980367660522,57,29
"109","User #25292","Timepoint 45",6.01677152514458,57,29
"110","User #25292","Timepoint 46",5.97575661540031,57,29
"111","User #25292","Timepoint 47",6.13686296343803,57,29
"112","User #25292","Timepoint 48",6.37577545642853,57,29
"113","User #25292","Timepoint 49",6.37121838331223,57,29
"114","User #25292","Timepoint 50",6.31956654787064,57,29
"115","User #25292","Timepoint 51",6.16002750396729,57,29
"116","User #25292","Timepoint 52",6.13059625029564,57,29
"117","User #25292","Timepoint 53",6.07543733716011,57,29
"118","User #25292","Timepoint 54",6.0235407948494,57,29
"119","User #25292","Timepoint 55",6.133963316679,57,29
"120","User #25292","Timepoint 56",6.4321004152298,57,29
"121","User #25292","Timepoint 57",6.49195846915245,57,29
"122","User #25292","Timepoint 58",6.44167831540108,57,29
"123","User #25292","Timepoint 59",6.26644682884216,57,29
"124","User #25292","Timepoint 60",6.2351146042347,57,29
"125","User #25292","Timepoint 61",6.20208829641342,57,29
"126","User #25292","Timepoint 62",6.14593768119812,57,29
"127","User #25292","Timepoint 63",6.25249138474464,57,29
"128","User #25292","Timepoint 64",6.55601221323013,57,29
"129","User #25331","Timepoint 1",0,57,29
"130","User #25331","Timepoint 2",0,57,29
"131","User #25331","Timepoint 3",0,57,29
"132","User #25331","Timepoint 4",0,57,29
"133","User #25331","Timepoint 5",0,57,29
"134","User #25331","Timepoint 6",0,57,29
"135","User #25331","Timepoint 7",0,57,29
"136","User #25331","Timepoint 8",0,57,29
"137","User #25331","Timepoint 9",0,57,29
"138","User #25331","Timepoint 10",0,57,29
"139","User #25331","Timepoint 11",0,57,29
"140","User #25331","Timepoint 12",0,57,29
"141","User #25331","Timepoint 13",0,57,29
"142","User #25331","Timepoint 14",0,57,29
"143","User #25331","Timepoint 15",0,57,29
"144","User #25331","Timepoint 16",0,57,29
"145","User #25331","Timepoint 17",NA,57,29
"146","User #25331","Timepoint 18",NA,57,29
"147","User #25331","Timepoint 19",NA,57,29
"148","User #25331","Timepoint 20",NA,57,29
"149","User #25331","Timepoint 21",NA,57,29
"150","User #25331","Timepoint 22",NA,57,29
"151","User #25331","Timepoint 23",NA,57,29
"152","User #25331","Timepoint 24",NA,57,29
"153","User #25331","Timepoint 25",8.51511514186859,57,29
"154","User #25331","Timepoint 26",8.4332682788372,57,29
"155","User #25331","Timepoint 27",8.164017111063,57,29
"156","User #25331","Timepoint 28",8.1103398501873,57,29
"157","User #25331","Timepoint 29",8.05344185233116,57,29
"158","User #25331","Timepoint 30",7.99426859617233,57,29
"159","User #25331","Timepoint 31",8.16122671961784,57,29
"160","User #25331","Timepoint 32",8.62056082487106,57,29
"161","User #25331","Timepoint 33",8.88621127605438,57,29
"162","User #25331","Timepoint 34",8.74049609899521,57,29
"163","User #25331","Timepoint 35",8.30054780840874,57,29
"164","User #25331","Timepoint 36",8.39982128143311,57,29
"165","User #25331","Timepoint 37",8.38133564591408,57,29
"166","User #25331","Timepoint 38",8.35557854175568,57,29
"167","User #25331","Timepoint 39",8.4413138628006,57,29
"168","User #25331","Timepoint 40",8.89333164691925,57,29
"169","User #25331","Timepoint 41",8.81693667173386,57,29
"170","User #25331","Timepoint 42",8.69484043121338,57,29
"171","User #25331","Timepoint 43",8.3301263153553,57,29
"172","User #25331","Timepoint 44",8.36354917287827,57,29
"173","User #25331","Timepoint 45",8.25431144237518,57,29
"174","User #25331","Timepoint 46",8.27185487747192,57,29
"175","User #25331","Timepoint 47",8.37315252423286,57,29
"176","User #25331","Timepoint 48",8.8008621931076,57,29
"177","User #25331","Timepoint 49",8.18876004219055,57,29
"178","User #25331","Timepoint 50",8.11007982492447,57,29
"179","User #25331","Timepoint 51",7.89714565873146,57,29
"180","User #25331","Timepoint 52",7.82689383625984,57,29
"181","User #25331","Timepoint 53",7.65442258119583,57,29
"182","User #25331","Timepoint 54",7.64218246936798,57,29
"183","User #25331","Timepoint 55",7.79498851299286,57,29
"184","User #25331","Timepoint 56",8.26660817861557,57,29
"185","User #25331","Timepoint 57",7.79550692439079,57,29
"186","User #25331","Timepoint 58",7.73229083418846,57,29
"187","User #25331","Timepoint 59",7.61840215325356,57,29
"188","User #25331","Timepoint 60",7.50326088070869,57,29
"189","User #25331","Timepoint 61",7.30507484078407,57,29
"190","User #25331","Timepoint 62",7.26444011926651,57,29
"191","User #25331","Timepoint 63",7.46302878856659,57,29
"192","User #25331","Timepoint 64",7.92905068397522,57,29
"193","User #25396","Timepoint 1",0,57,29
"194","User #25396","Timepoint 2",0,57,29
"195","User #25396","Timepoint 3",0,57,29
"196","User #25396","Timepoint 4",0,57,29
"197","User #25396","Timepoint 5",0,57,29
"198","User #25396","Timepoint 6",0,57,29
"199","User #25396","Timepoint 7",0,57,29
"200","User #25396","Timepoint 8",0,57,29
"201","User #25396","Timepoint 9",0,57,29
"202","User #25396","Timepoint 10",0,57,29
"203","User #25396","Timepoint 11",0,57,29
"204","User #25396","Timepoint 12",0,57,29
"205","User #25396","Timepoint 13",0,57,29
"206","User #25396","Timepoint 14",0,57,29
"207","User #25396","Timepoint 15",0,57,29
"208","User #25396","Timepoint 16",0,57,29
"209","User #25396","Timepoint 17",NA,57,29
"210","User #25396","Timepoint 18",NA,57,29
"211","User #25396","Timepoint 19",NA,57,29
"212","User #25396","Timepoint 20",NA,57,29
"213","User #25396","Timepoint 21",NA,57,29
"214","User #25396","Timepoint 22",NA,57,29
"215","User #25396","Timepoint 23",NA,57,29
"216","User #25396","Timepoint 24",NA,57,29
"217","User #25396","Timepoint 25",10.0059638619423,57,29
"218","User #25396","Timepoint 26",9.91252732276917,57,29
"219","User #25396","Timepoint 27",9.72483587265015,57,29
"220","User #25396","Timepoint 28",9.4700391292572,57,29
"221","User #25396","Timepoint 29",9.58563190698624,57,29
"222","User #25396","Timepoint 30",9.33121484518051,57,29
"223","User #25396","Timepoint 31",9.56796419620514,57,29
"224","User #25396","Timepoint 32",10.1426832079887,57,29
"225","User #25396","Timepoint 33",9.406285405159,57,29
"226","User #25396","Timepoint 34",9.2839480638504,57,29
"227","User #25396","Timepoint 35",9.13675975799561,57,29
"228","User #25396","Timepoint 36",8.94835066795349,57,29
"229","User #25396","Timepoint 37",9.11078226566315,57,29
"230","User #25396","Timepoint 38",8.78019851446152,57,29
"231","User #25396","Timepoint 39",9.06144168972969,57,29
"232","User #25396","Timepoint 40",9.62334287166595,57,29
"233","User #25396","Timepoint 41",9.33477547764778,57,29
"234","User #25396","Timepoint 42",9.24503070116043,57,29
"235","User #25396","Timepoint 43",9.11904853582382,57,29
"236","User #25396","Timepoint 44",8.90225034952164,57,29
"237","User #25396","Timepoint 45",8.97661444544792,57,29
"238","User #25396","Timepoint 46",8.69399231672287,57,29
"239","User #25396","Timepoint 47",8.95102050900459,57,29
"240","User #25396","Timepoint 48",9.53338992595673,57,29
"241","User #25396","Timepoint 49",9.75021493434906,57,29
"242","User #25396","Timepoint 50",9.56567567586899,57,29
"243","User #25396","Timepoint 51",9.40445747971535,57,29
"244","User #25396","Timepoint 52",9.25355133414268,57,29
"245","User #25396","Timepoint 53",9.38851100206375,57,29
"246","User #25396","Timepoint 54",9.05536514520645,57,29
"247","User #25396","Timepoint 55",9.37551480531693,57,29
"248","User #25396","Timepoint 56",9.88254290819168,57,29
"249","User #25396","Timepoint 57",9.9243016242981,57,29
"250","User #25396","Timepoint 58",9.79803872108459,57,29
"251","User #25396","Timepoint 59",9.53651857376099,57,29
"252","User #25396","Timepoint 60",9.40718960762024,57,29
"253","User #25396","Timepoint 61",9.49690681695938,57,29
"254","User #25396","Timepoint 62",9.25307464599609,57,29
"255","User #25396","Timepoint 63",9.48212352395058,57,29
"256","User #25396","Timepoint 64",10.0491876602173,57,29
"257","User #25336","Timepoint 1",0,57,29
"258","User #25336","Timepoint 2",0,57,29
"259","User #25336","Timepoint 3",0,57,29
"260","User #25336","Timepoint 4",0,57,29
"261","User #25336","Timepoint 5",0,57,29
"262","User #25336","Timepoint 6",0,57,29
"263","User #25336","Timepoint 7",0,57,29
"264","User #25336","Timepoint 8",0,57,29
"265","User #25336","Timepoint 9",0,57,29
"266","User #25336","Timepoint 10",0,57,29
"267","User #25336","Timepoint 11",0,57,29
"268","User #25336","Timepoint 12",0,57,29
"269","User #25336","Timepoint 13",0,57,29
"270","User #25336","Timepoint 14",0,57,29
"271","User #25336","Timepoint 15",0,57,29
"272","User #25336","Timepoint 16",0,57,29
"273","User #25336","Timepoint 17",NA,57,29
"274","User #25336","Timepoint 18",NA,57,29
"275","User #25336","Timepoint 19",NA,57,29
"276","User #25336","Timepoint 20",NA,57,29
"277","User #25336","Timepoint 21",NA,57,29
"278","User #25336","Timepoint 22",NA,57,29
"279","User #25336","Timepoint 23",NA,57,29
"280","User #25336","Timepoint 24",NA,57,29
"281","User #25336","Timepoint 25",10.8190227746964,57,29
"282","User #25336","Timepoint 26",10.7638366222382,57,29
"283","User #25336","Timepoint 27",10.4730396270752,57,29
"284","User #25336","Timepoint 28",9.89652103185654,57,29
"285","User #25336","Timepoint 29",9.74722993373871,57,29
"286","User #25336","Timepoint 30",9.57434588670731,57,29
"287","User #25336","Timepoint 31",10.0813218653202,57,29
"288","User #25336","Timepoint 32",11.0968064069748,57,29
"289","User #25336","Timepoint 33",9.44215908646584,57,29
"290","User #25336","Timepoint 34",9.39379432797432,57,29
"291","User #25336","Timepoint 35",9.17382141947746,57,29
"292","User #25336","Timepoint 36",8.67301052808762,57,29
"293","User #25336","Timepoint 37",8.52185016870499,57,29
"294","User #25336","Timepoint 38",8.21947175264359,57,29
"295","User #25336","Timepoint 39",8.69114747643471,57,29
"296","User #25336","Timepoint 40",9.89062935113907,57,29
"297","User #25336","Timepoint 41",9.00937592983246,57,29
"298","User #25336","Timepoint 42",8.91002282500267,57,29
"299","User #25336","Timepoint 43",8.71458077430725,57,29
"300","User #25336","Timepoint 44",8.33607241511345,57,29
"301","User #25336","Timepoint 45",7.96887043118477,57,29
"302","User #25336","Timepoint 46",7.79783630371094,57,29
"303","User #25336","Timepoint 47",8.28274831175804,57,29
"304","User #25336","Timepoint 48",9.35546267032623,57,29
"305","User #25336","Timepoint 49",8.97310400009155,57,29
"306","User #25336","Timepoint 50",8.83352899551392,57,29
"307","User #25336","Timepoint 51",8.68099537491798,57,29
"308","User #25336","Timepoint 52",8.3170018196106,57,29
"309","User #25336","Timepoint 53",7.91851937770844,57,29
"310","User #25336","Timepoint 54",7.74413847923279,57,29
"311","User #25336","Timepoint 55",8.2840687930584,57,29
"312","User #25336","Timepoint 56",9.28525161743164,57,29
"313","User #25336","Timepoint 57",10.436825722456,57,29
"314","User #25336","Timepoint 58",10.3846086859703,57,29
"315","User #25336","Timepoint 59",10.2026242017746,57,29
"316","User #25336","Timepoint 60",9.60621774196625,57,29
"317","User #25336","Timepoint 61",9.21576309204102,57,29
"318","User #25336","Timepoint 62",9.19036513566971,57,29
"319","User #25336","Timepoint 63",9.73286920785904,57,29
"320","User #25336","Timepoint 64",10.596296787262,57,29
"321","User #25383","Timepoint 1",0,57,29
"322","User #25383","Timepoint 2",0,57,29
"323","User #25383","Timepoint 3",0,57,29
"324","User #25383","Timepoint 4",0,57,29
"325","User #25383","Timepoint 5",0,57,29
"326","User #25383","Timepoint 6",0,57,29
"327","User #25383","Timepoint 7",0,57,29
"328","User #25383","Timepoint 8",0,57,29
"329","User #25383","Timepoint 9",0,57,29
"330","User #25383","Timepoint 10",0,57,29
"331","User #25383","Timepoint 11",0,57,29
"332","User #25383","Timepoint 12",0,57,29
"333","User #25383","Timepoint 13",0,57,29
"334","User #25383","Timepoint 14",0,57,29
"335","User #25383","Timepoint 15",0,57,29
"336","User #25383","Timepoint 16",0,57,29
"337","User #25383","Timepoint 17",NA,57,29
"338","User #25383","Timepoint 18",NA,57,29
"339","User #25383","Timepoint 19",NA,57,29
"340","User #25383","Timepoint 20",NA,57,29
"341","User #25383","Timepoint 21",NA,57,29
"342","User #25383","Timepoint 22",NA,57,29
"343","User #25383","Timepoint 23",NA,57,29
"344","User #25383","Timepoint 24",NA,57,29
"345","User #25383","Timepoint 25",7.72188460826874,57,29
"346","User #25383","Timepoint 26",7.60030061006546,57,29
"347","User #25383","Timepoint 27",7.36445075273514,57,29
"348","User #25383","Timepoint 28",7.18998914957047,57,29
"349","User #25383","Timepoint 29",7.31844300031662,57,29
"350","User #25383","Timepoint 30",7.01234662532806,57,29
"351","User #25383","Timepoint 31",7.27423590421677,57,29
"352","User #25383","Timepoint 32",7.95335280895233,57,29
"353","User #25383","Timepoint 33",8.12551379203796,57,29
"354","User #25383","Timepoint 34",7.96946805715561,57,29
"355","User #25383","Timepoint 35",7.50118744373322,57,29
"356","User #25383","Timepoint 36",7.49564546346664,57,29
"357","User #25383","Timepoint 37",7.61911273002625,57,29
"358","User #25383","Timepoint 38",7.32534110546112,57,29
"359","User #25383","Timepoint 39",7.57819277048111,57,29
"360","User #25383","Timepoint 40",8.23745095729828,57,29
"361","User #25383","Timepoint 41",7.53002566099167,57,29
"362","User #25383","Timepoint 42",7.37760037183762,57,29
"363","User #25383","Timepoint 43",7.18703693151474,57,29
"364","User #25383","Timepoint 44",7.06811708211899,57,29
"365","User #25383","Timepoint 45",7.06176614761353,57,29
"366","User #25383","Timepoint 46",6.79189586639404,57,29
"367","User #25383","Timepoint 47",7.16327649354935,57,29
"368","User #25383","Timepoint 48",7.68760848045349,57,29
"369","User #25383","Timepoint 49",7.45831000804901,57,29
"370","User #25383","Timepoint 50",7.39145702123642,57,29
"371","User #25383","Timepoint 51",7.22987288236618,57,29
"372","User #25383","Timepoint 52",6.98595976829529,57,29
"373","User #25383","Timepoint 53",7.05587995052338,57,29
"374","User #25383","Timepoint 54",6.74346804618835,57,29
"375","User #25383","Timepoint 55",7.07359200716019,57,29
"376","User #25383","Timepoint 56",7.72225224971771,57,29
"377","User #25383","Timepoint 57",7.71780961751938,57,29
"378","User #25383","Timepoint 58",7.62378889322281,57,29
"379","User #25383","Timepoint 59",7.35460543632507,57,29
"380","User #25383","Timepoint 60",7.19549536705017,57,29
"381","User #25383","Timepoint 61",7.29201090335846,57,29
"382","User #25383","Timepoint 62",6.97108745574951,57,29
"383","User #25383","Timepoint 63",7.29117369651794,57,29
"384","User #25383","Timepoint 64",7.94025790691376,57,29
"385","User #25386","Timepoint 1",0,57,29
"386","User #25386","Timepoint 2",0,57,29
"387","User #25386","Timepoint 3",0,57,29
"388","User #25386","Timepoint 4",0,57,29
"389","User #25386","Timepoint 5",0,57,29
"390","User #25386","Timepoint 6",0,57,29
"391","User #25386","Timepoint 7",0,57,29
"392","User #25386","Timepoint 8",0,57,29
"393","User #25386","Timepoint 9",0,57,29
"394","User #25386","Timepoint 10",0,57,29
"395","User #25386","Timepoint 11",0,57,29
"396","User #25386","Timepoint 12",0,57,29
"397","User #25386","Timepoint 13",0,57,29
"398","User #25386","Timepoint 14",0,57,29
"399","User #25386","Timepoint 15",0,57,29
"400","User #25386","Timepoint 16",0,57,29
"401","User #25386","Timepoint 17",NA,57,29
"402","User #25386","Timepoint 18",NA,57,29
"403","User #25386","Timepoint 19",NA,57,29
"404","User #25386","Timepoint 20",NA,57,29
"405","User #25386","Timepoint 21",NA,57,29
"406","User #25386","Timepoint 22",NA,57,29
"407","User #25386","Timepoint 23",NA,57,29
"408","User #25386","Timepoint 24",NA,57,29
"409","User #25386","Timepoint 25",8.15837931632996,57,29
"410","User #25386","Timepoint 26",7.99934327602386,57,29
"411","User #25386","Timepoint 27",7.750248670578,57,29
"412","User #25386","Timepoint 28",7.79165887832642,57,29
"413","User #25386","Timepoint 29",7.78644526004791,57,29
"414","User #25386","Timepoint 30",7.60254216194153,57,29
"415","User #25386","Timepoint 31",7.81705760955811,57,29
"416","User #25386","Timepoint 32",8.1736626625061,57,29
"417","User #25386","Timepoint 33",8.08338069915771,57,29
"418","User #25386","Timepoint 34",7.98674273490906,57,29
"419","User #25386","Timepoint 35",7.74638295173645,57,29
"420","User #25386","Timepoint 36",7.72871816158295,57,29
"421","User #25386","Timepoint 37",7.69815957546234,57,29
"422","User #25386","Timepoint 38",7.52785205841064,57,29
"423","User #25386","Timepoint 39",7.74309122562408,57,29
"424","User #25386","Timepoint 40",8.12833070755005,57,29
"425","User #25386","Timepoint 41",7.78946661949158,57,29
"426","User #25386","Timepoint 42",7.69588160514832,57,29
"427","User #25386","Timepoint 43",7.56841778755188,57,29
"428","User #25386","Timepoint 44",7.48786377906799,57,29
"429","User #25386","Timepoint 45",7.40718030929565,57,29
"430","User #25386","Timepoint 46",7.27596735954285,57,29
"431","User #25386","Timepoint 47",7.49534904956818,57,29
"432","User #25386","Timepoint 48",7.86003017425537,57,29
"433","User #25386","Timepoint 49",7.89481008052826,57,29
"434","User #25386","Timepoint 50",7.74968898296356,57,29
"435","User #25386","Timepoint 51",7.54482293128967,57,29
"436","User #25386","Timepoint 52",7.60058915615082,57,29
"437","User #25386","Timepoint 53",7.4713431596756,57,29
"438","User #25386","Timepoint 54",7.36983752250671,57,29
"439","User #25386","Timepoint 55",7.56658780574799,57,29
"440","User #25386","Timepoint 56",7.90307140350342,57,29
"441","User #25386","Timepoint 57",8.45944118499756,57,29
"442","User #25386","Timepoint 58",8.17823123931885,57,29
"443","User #25386","Timepoint 59",7.75135183334351,57,29
"444","User #25386","Timepoint 60",8.09056973457336,57,29
"445","User #25386","Timepoint 61",7.97172272205353,57,29
"446","User #25386","Timepoint 62",7.87111139297485,57,29
"447","User #25386","Timepoint 63",8.08979988098145,57,29
"448","User #25386","Timepoint 64",8.3030743598938,57,29
"449","User #25349","Timepoint 1",0,57,29
"450","User #25349","Timepoint 2",0,57,29
"451","User #25349","Timepoint 3",0,57,29
"452","User #25349","Timepoint 4",0,57,29
"453","User #25349","Timepoint 5",0,57,29
"454","User #25349","Timepoint 6",0,57,29
"455","User #25349","Timepoint 7",0,57,29
"456","User #25349","Timepoint 8",0,57,29
"457","User #25349","Timepoint 9",0,57,29
"458","User #25349","Timepoint 10",0,57,29
"459","User #25349","Timepoint 11",0,57,29
"460","User #25349","Timepoint 12",0,57,29
"461","User #25349","Timepoint 13",0,57,29
"462","User #25349","Timepoint 14",0,57,29
"463","User #25349","Timepoint 15",0,57,29
"464","User #25349","Timepoint 16",0,57,29
"465","User #25349","Timepoint 17",NA,57,29
"466","User #25349","Timepoint 18",NA,57,29
"467","User #25349","Timepoint 19",NA,57,29
"468","User #25349","Timepoint 20",NA,57,29
"469","User #25349","Timepoint 21",NA,57,29
"470","User #25349","Timepoint 22",NA,57,29
"471","User #25349","Timepoint 23",NA,57,29
"472","User #25349","Timepoint 24",NA,57,29
"473","User #25349","Timepoint 25",9.58127057552338,57,29
"474","User #25349","Timepoint 26",9.33388590812683,57,29
"475","User #25349","Timepoint 27",8.5900074839592,57,29
"476","User #25349","Timepoint 28",8.81264984607697,57,29
"477","User #25349","Timepoint 29",8.9222651720047,57,29
"478","User #25349","Timepoint 30",8.66478306055069,57,29
"479","User #25349","Timepoint 31",8.96946209669113,57,29
"480","User #25349","Timepoint 32",9.63606029748917,57,29
"481","User #25349","Timepoint 33",8.17963406443596,57,29
"482","User #25349","Timepoint 34",8.09283551573753,57,29
"483","User #25349","Timepoint 35",7.77345758676529,57,29
"484","User #25349","Timepoint 36",7.59070765972137,57,29
"485","User #25349","Timepoint 37",7.65943211317062,57,29
"486","User #25349","Timepoint 38",7.35268861055374,57,29
"487","User #25349","Timepoint 39",7.66313275694847,57,29
"488","User #25349","Timepoint 40",8.46568471193314,57,29
"489","User #25349","Timepoint 41",7.47510838508606,57,29
"490","User #25349","Timepoint 42",7.39908257126808,57,29
"491","User #25349","Timepoint 43",7.2511068880558,57,29
"492","User #25349","Timepoint 44",7.03190210461617,57,29
"493","User #25349","Timepoint 45",6.88271978497505,57,29
"494","User #25349","Timepoint 46",6.69930937886238,57,29
"495","User #25349","Timepoint 47",7.02230450510979,57,29
"496","User #25349","Timepoint 48",7.73711746931076,57,29
"497","User #25349","Timepoint 49",7.61895179748535,57,29
"498","User #25349","Timepoint 50",7.54456925392151,57,29
"499","User #25349","Timepoint 51",7.36325001716614,57,29
"500","User #25349","Timepoint 52",7.15106767416,57,29
"501","User #25349","Timepoint 53",7.0064223408699,57,29
"502","User #25349","Timepoint 54",6.83075368404388,57,29
"503","User #25349","Timepoint 55",7.11569094657898,57,29
"504","User #25349","Timepoint 56",7.87072324752808,57,29
"505","User #25349","Timepoint 57",8.07658410072327,57,29
"506","User #25349","Timepoint 58",7.96783244609833,57,29
"507","User #25349","Timepoint 59",7.62938052415848,57,29
"508","User #25349","Timepoint 60",7.50973701477051,57,29
"509","User #25349","Timepoint 61",7.4916524887085,57,29
"510","User #25349","Timepoint 62",7.23345482349396,57,29
"511","User #25349","Timepoint 63",7.5712802708149,57,29
"512","User #25349","Timepoint 64",8.28888702392578,57,29
"513","User #25322","Timepoint 1",0,57,29
"514","User #25322","Timepoint 2",0,57,29
"515","User #25322","Timepoint 3",0,57,29
"516","User #25322","Timepoint 4",0,57,29
"517","User #25322","Timepoint 5",0,57,29
"518","User #25322","Timepoint 6",0,57,29
"519","User #25322","Timepoint 7",0,57,29
"520","User #25322","Timepoint 8",0,57,29
"521","User #25322","Timepoint 9",0,57,29
"522","User #25322","Timepoint 10",0,57,29
"523","User #25322","Timepoint 11",0,57,29
"524","User #25322","Timepoint 12",0,57,29
"525","User #25322","Timepoint 13",0,57,29
"526","User #25322","Timepoint 14",0,57,29
"527","User #25322","Timepoint 15",0,57,29
"528","User #25322","Timepoint 16",0,57,29
"529","User #25322","Timepoint 17",NA,57,29
"530","User #25322","Timepoint 18",NA,57,29
"531","User #25322","Timepoint 19",NA,57,29
"532","User #25322","Timepoint 20",NA,57,29
"533","User #25322","Timepoint 21",NA,57,29
"534","User #25322","Timepoint 22",NA,57,29
"535","User #25322","Timepoint 23",NA,57,29
"536","User #25322","Timepoint 24",NA,57,29
"537","User #25322","Timepoint 25",11.2100396156311,57,29
"538","User #25322","Timepoint 26",9.54608058929443,57,29
"539","User #25322","Timepoint 27",8.80200147628784,57,29
"540","User #25322","Timepoint 28",10.7985877990723,57,29
"541","User #25322","Timepoint 29",10.8584127426147,57,29
"542","User #25322","Timepoint 30",10.3503222465515,57,29
"543","User #25322","Timepoint 31",12.8356080055237,57,29
"544","User #25322","Timepoint 32",10.1427245140076,57,29
"545","User #25322","Timepoint 33",10.5579719543457,57,29
"546","User #25322","Timepoint 34",9.23717832565308,57,29
"547","User #25322","Timepoint 35",8.51656079292297,57,29
"548","User #25322","Timepoint 36",10.1204934120178,57,29
"549","User #25322","Timepoint 37",10.2075448036194,57,29
"550","User #25322","Timepoint 38",9.78983211517334,57,29
"551","User #25322","Timepoint 39",11.7680258750916,57,29
"552","User #25322","Timepoint 40",9.75650358200073,57,29
"553","User #25322","Timepoint 41",9.7337703704834,57,29
"554","User #25322","Timepoint 42",8.96367835998535,57,29
"555","User #25322","Timepoint 43",8.16288781166077,57,29
"556","User #25322","Timepoint 44",9.27858018875122,57,29
"557","User #25322","Timepoint 45",9.52983522415161,57,29
"558","User #25322","Timepoint 46",9.10787010192871,57,29
"559","User #25322","Timepoint 47",10.1657490730286,57,29
"560","User #25322","Timepoint 48",9.42489862442017,57,29
"561","User #25322","Timepoint 49",7.5104159116745,57,29
"562","User #25322","Timepoint 50",7.40235924720764,57,29
"563","User #25322","Timepoint 51",7.13485240936279,57,29
"564","User #25322","Timepoint 52",7.09811255335808,57,29
"565","User #25322","Timepoint 53",7.09094628691673,57,29
"566","User #25322","Timepoint 54",6.91491365432739,57,29
"567","User #25322","Timepoint 55",7.1174544095993,57,29
"568","User #25322","Timepoint 56",7.65615820884705,57,29
"569","User #25322","Timepoint 57",7.79077440500259,57,29
"570","User #25322","Timepoint 58",7.65166789293289,57,29
"571","User #25322","Timepoint 59",7.40494668483734,57,29
"572","User #25322","Timepoint 60",7.37498193979263,57,29
"573","User #25322","Timepoint 61",7.28819161653519,57,29
"574","User #25322","Timepoint 62",7.14104652404785,57,29
"575","User #25322","Timepoint 63",7.46842697262764,57,29
"576","User #25322","Timepoint 64",7.82003104686737,57,29
"577","User #25312","Timepoint 1",0,57,29
"578","User #25312","Timepoint 2",0,57,29
"579","User #25312","Timepoint 3",0,57,29
"580","User #25312","Timepoint 4",0,57,29
"581","User #25312","Timepoint 5",0,57,29
"582","User #25312","Timepoint 6",0,57,29
"583","User #25312","Timepoint 7",0,57,29
"584","User #25312","Timepoint 8",0,57,29
"585","User #25312","Timepoint 9",0,57,29
"586","User #25312","Timepoint 10",0,57,29
"587","User #25312","Timepoint 11",0,57,29
"588","User #25312","Timepoint 12",0,57,29
"589","User #25312","Timepoint 13",0,57,29
"590","User #25312","Timepoint 14",0,57,29
"591","User #25312","Timepoint 15",0,57,29
"592","User #25312","Timepoint 16",0,57,29
"593","User #25312","Timepoint 17",NA,57,29
"594","User #25312","Timepoint 18",NA,57,29
"595","User #25312","Timepoint 19",NA,57,29
"596","User #25312","Timepoint 20",NA,57,29
"597","User #25312","Timepoint 21",NA,57,29
"598","User #25312","Timepoint 22",NA,57,29
"599","User #25312","Timepoint 23",NA,57,29
"600","User #25312","Timepoint 24",NA,57,29
"601","User #25312","Timepoint 25",9.57717680931091,57,29
"602","User #25312","Timepoint 26",9.33680313825607,57,29
"603","User #25312","Timepoint 27",8.66415044665337,57,29
"604","User #25312","Timepoint 28",8.83436745405197,57,29
"605","User #25312","Timepoint 29",8.77000758051872,57,29
"606","User #25312","Timepoint 30",8.47954446077347,57,29
"607","User #25312","Timepoint 31",9.01128247380257,57,29
"608","User #25312","Timepoint 32",9.66659361124039,57,29
"609","User #25312","Timepoint 33",8.3256704211235,57,29
"610","User #25312","Timepoint 34",8.19120538234711,57,29
"611","User #25312","Timepoint 35",7.94390973448753,57,29
"612","User #25312","Timepoint 36",7.77090457081795,57,29
"613","User #25312","Timepoint 37",7.46962893009186,57,29
"614","User #25312","Timepoint 38",7.31216636300087,57,29
"615","User #25312","Timepoint 39",7.74138069152832,57,29
"616","User #25312","Timepoint 40",8.55395644903183,57,29
"617","User #25312","Timepoint 41",8.51963490247726,57,29
"618","User #25312","Timepoint 42",8.33242851495743,57,29
"619","User #25312","Timepoint 43",8.03422266244888,57,29
"620","User #25312","Timepoint 44",7.95690423250198,57,29
"621","User #25312","Timepoint 45",7.58244532346725,57,29
"622","User #25312","Timepoint 46",7.46264123916626,57,29
"623","User #25312","Timepoint 47",7.96287214756012,57,29
"624","User #25312","Timepoint 48",8.6289284825325,57,29
"625","User #25312","Timepoint 49",8.34096705913544,57,29
"626","User #25312","Timepoint 50",8.19106751680374,57,29
"627","User #25312","Timepoint 51",7.95322719216347,57,29
"628","User #25312","Timepoint 52",7.79678225517273,57,29
"629","User #25312","Timepoint 53",7.42751556634903,57,29
"630","User #25312","Timepoint 54",7.3128028512001,57,29
"631","User #25312","Timepoint 55",7.74844616651535,57,29
"632","User #25312","Timepoint 56",8.5214427113533,57,29
"633","User #25312","Timepoint 57",8.4307427406311,57,29
"634","User #25312","Timepoint 58",8.26610365509987,57,29
"635","User #25312","Timepoint 59",7.97062668204308,57,29
"636","User #25312","Timepoint 60",7.87564215064049,57,29
"637","User #25312","Timepoint 61",7.5344925224781,57,29
"638","User #25312","Timepoint 62",7.40180283784866,57,29
"639","User #25312","Timepoint 63",7.85727921128273,57,29
"640","User #25312","Timepoint 64",8.59109967947006,57,29
"641","User #25330","Timepoint 1",0,57,29
"642","User #25330","Timepoint 2",0,57,29
"643","User #25330","Timepoint 3",0,57,29
"644","User #25330","Timepoint 4",0,57,29
"645","User #25330","Timepoint 5",0,57,29
"646","User #25330","Timepoint 6",0,57,29
"647","User #25330","Timepoint 7",0,57,29
"648","User #25330","Timepoint 8",0,57,29
"649","User #25330","Timepoint 9",0,57,29
"650","User #25330","Timepoint 10",0,57,29
"651","User #25330","Timepoint 11",0,57,29
"652","User #25330","Timepoint 12",0,57,29
"653","User #25330","Timepoint 13",0,57,29
"654","User #25330","Timepoint 14",0,57,29
"655","User #25330","Timepoint 15",0,57,29
"656","User #25330","Timepoint 16",0,57,29
"657","User #25330","Timepoint 17",NA,57,29
"658","User #25330","Timepoint 18",NA,57,29
"659","User #25330","Timepoint 19",NA,57,29
"660","User #25330","Timepoint 20",NA,57,29
"661","User #25330","Timepoint 21",NA,57,29
"662","User #25330","Timepoint 22",NA,57,29
"663","User #25330","Timepoint 23",NA,57,29
"664","User #25330","Timepoint 24",NA,57,29
"665","User #25330","Timepoint 25",11.2100396156311,57,29
"666","User #25330","Timepoint 26",9.54608058929443,57,29
"667","User #25330","Timepoint 27",8.80200147628784,57,29
"668","User #25330","Timepoint 28",10.7985877990723,57,29
"669","User #25330","Timepoint 29",10.8584127426147,57,29
"670","User #25330","Timepoint 30",10.3503222465515,57,29
"671","User #25330","Timepoint 31",12.8356080055237,57,29
"672","User #25330","Timepoint 32",10.1427245140076,57,29
"673","User #25330","Timepoint 33",10.5579719543457,57,29
"674","User #25330","Timepoint 34",9.23717832565308,57,29
"675","User #25330","Timepoint 35",8.51656079292297,57,29
"676","User #25330","Timepoint 36",10.1204934120178,57,29
"677","User #25330","Timepoint 37",10.2075448036194,57,29
"678","User #25330","Timepoint 38",9.78983211517334,57,29
"679","User #25330","Timepoint 39",11.7680258750916,57,29
"680","User #25330","Timepoint 40",9.75650358200073,57,29
"681","User #25330","Timepoint 41",9.7337703704834,57,29
"682","User #25330","Timepoint 42",8.96367835998535,57,29
"683","User #25330","Timepoint 43",8.16288781166077,57,29
"684","User #25330","Timepoint 44",9.27858018875122,57,29
"685","User #25330","Timepoint 45",9.52983522415161,57,29
"686","User #25330","Timepoint 46",9.10787010192871,57,29
"687","User #25330","Timepoint 47",10.1657490730286,57,29
"688","User #25330","Timepoint 48",9.42489862442017,57,29
"689","User #25330","Timepoint 49",7.5104159116745,57,29
"690","User #25330","Timepoint 50",7.40235924720764,57,29
"691","User #25330","Timepoint 51",7.13485240936279,57,29
"692","User #25330","Timepoint 52",7.09811255335808,57,29
"693","User #25330","Timepoint 53",7.09094628691673,57,29
"694","User #25330","Timepoint 54",6.91491365432739,57,29
"695","User #25330","Timepoint 55",7.1174544095993,57,29
"696","User #25330","Timepoint 56",7.65615820884705,57,29
"697","User #25330","Timepoint 57",7.79077440500259,57,29
"698","User #25330","Timepoint 58",7.65166789293289,57,29
"699","User #25330","Timepoint 59",7.40494668483734,57,29
"700","User #25330","Timepoint 60",7.37498193979263,57,29
"701","User #25330","Timepoint 61",7.28819161653519,57,29
"702","User #25330","Timepoint 62",7.14104652404785,57,29
"703","User #25330","Timepoint 63",7.46842697262764,57,29
"704","User #25330","Timepoint 64",7.82003104686737,57,29
"705","User #25322","Timepoint 1",0,57,29
"706","User #25322","Timepoint 2",0,57,29
"707","User #25322","Timepoint 3",0,57,29
"708","User #25322","Timepoint 4",0,57,29
"709","User #25322","Timepoint 5",0,57,29
"710","User #25322","Timepoint 6",0,57,29
"711","User #25322","Timepoint 7",0,57,29
"712","User #25322","Timepoint 8",0,57,29
"713","User #25322","Timepoint 9",0,57,29
"714","User #25322","Timepoint 10",0,57,29
"715","User #25322","Timepoint 11",0,57,29
"716","User #25322","Timepoint 12",0,57,29
"717","User #25322","Timepoint 13",0,57,29
"718","User #25322","Timepoint 14",0,57,29
"719","User #25322","Timepoint 15",0,57,29
"720","User #25322","Timepoint 16",0,57,29
"721","User #25322","Timepoint 17",NA,57,29
"722","User #25322","Timepoint 18",NA,57,29
"723","User #25322","Timepoint 19",NA,57,29
"724","User #25322","Timepoint 20",NA,57,29
"725","User #25322","Timepoint 21",NA,57,29
"726","User #25322","Timepoint 22",NA,57,29
"727","User #25322","Timepoint 23",NA,57,29
"728","User #25322","Timepoint 24",NA,57,29
"729","User #25322","Timepoint 25",8.7997899055481,57,29
"730","User #25322","Timepoint 26",8.63638854026794,57,29
"731","User #25322","Timepoint 27",8.242042273283,57,29
"732","User #25322","Timepoint 28",8.3169481754303,57,29
"733","User #25322","Timepoint 29",8.35609769821167,57,29
"734","User #25322","Timepoint 30",8.22974389791489,57,29
"735","User #25322","Timepoint 31",8.40055814385414,57,29
"736","User #25322","Timepoint 32",8.86161422729492,57,29
"737","User #25322","Timepoint 33",8.80832707881927,57,29
"738","User #25322","Timepoint 34",8.66774266958237,57,29
"739","User #25322","Timepoint 35",8.27231457829475,57,29
"740","User #25322","Timepoint 36",8.28467345237732,57,29
"741","User #25322","Timepoint 37",8.43235409259796,57,29
"742","User #25322","Timepoint 38",8.23510950803757,57,29
"743","User #25322","Timepoint 39",8.34994754195213,57,29
"744","User #25322","Timepoint 40",8.96341240406036,57,29
"745","User #25322","Timepoint 41",8.48272210359573,57,29
"746","User #25322","Timepoint 42",8.2857066988945,57,29
"747","User #25322","Timepoint 43",7.98970779776573,57,29
"748","User #25322","Timepoint 44",8.03590005636215,57,29
"749","User #25322","Timepoint 45",8.00174689292908,57,29
"750","User #25322","Timepoint 46",7.84675544500351,57,29
"751","User #25322","Timepoint 47",8.06851080060005,57,29
"752","User #25322","Timepoint 48",8.5236302614212,57,29
"753","User #25322","Timepoint 49",8.7730610370636,57,29
"754","User #25322","Timepoint 50",8.35506248474121,57,29
"755","User #25322","Timepoint 51",7.74545407295227,57,29
"756","User #25322","Timepoint 52",8.33792781829834,57,29
"757","User #25322","Timepoint 53",8.38131833076477,57,29
"758","User #25322","Timepoint 54",8.266845703125,57,29
"759","User #25322","Timepoint 55",8.48938536643982,57,29
"760","User #25322","Timepoint 56",8.63611268997192,57,29
"761","User #25322","Timepoint 57",8.74850106239319,57,29
"762","User #25322","Timepoint 58",8.28031468391418,57,29
"763","User #25322","Timepoint 59",7.86852729320526,57,29
"764","User #25322","Timepoint 60",8.31664037704468,57,29
"765","User #25322","Timepoint 61",8.41451525688171,57,29
"766","User #25322","Timepoint 62",8.2446813583374,57,29
"767","User #25322","Timepoint 63",8.71080422401428,57,29
"768","User #25322","Timepoint 64",8.62320470809937,57,29
"769","User #25332","Timepoint 1",0,57,29
"770","User #25332","Timepoint 2",0,57,29
"771","User #25332","Timepoint 3",0,57,29
"772","User #25332","Timepoint 4",0,57,29
"773","User #25332","Timepoint 5",0,57,29
"774","User #25332","Timepoint 6",0,57,29
"775","User #25332","Timepoint 7",0,57,29
"776","User #25332","Timepoint 8",0,57,29
"777","User #25332","Timepoint 9",0,57,29
"778","User #25332","Timepoint 10",0,57,29
"779","User #25332","Timepoint 11",0,57,29
"780","User #25332","Timepoint 12",0,57,29
"781","User #25332","Timepoint 13",0,57,29
"782","User #25332","Timepoint 14",0,57,29
"783","User #25332","Timepoint 15",0,57,29
"784","User #25332","Timepoint 16",0,57,29
"785","User #25332","Timepoint 17",NA,57,29
"786","User #25332","Timepoint 18",NA,57,29
"787","User #25332","Timepoint 19",NA,57,29
"788","User #25332","Timepoint 20",NA,57,29
"789","User #25332","Timepoint 21",NA,57,29
"790","User #25332","Timepoint 22",NA,57,29
"791","User #25332","Timepoint 23",NA,57,29
"792","User #25332","Timepoint 24",NA,57,29
"793","User #25332","Timepoint 25",11.437408208847,57,29
"794","User #25332","Timepoint 26",11.3506616353989,57,29
"795","User #25332","Timepoint 27",11.1729012727737,57,29
"796","User #25332","Timepoint 28",10.9036178588867,57,29
"797","User #25332","Timepoint 29",11.0156759023666,57,29
"798","User #25332","Timepoint 30",10.6774200201035,57,29
"799","User #25332","Timepoint 31",11.1611063480377,57,29
"800","User #25332","Timepoint 32",11.6690158843994,57,29
"801","User #25332","Timepoint 33",10.9123471975327,57,29
"802","User #25332","Timepoint 34",10.8571155071259,57,29
"803","User #25332","Timepoint 35",10.8623540401459,57,29
"804","User #25332","Timepoint 36",10.4790871143341,57,29
"805","User #25332","Timepoint 37",10.3980910181999,57,29
"806","User #25332","Timepoint 38",10.1684844493866,57,29
"807","User #25332","Timepoint 39",10.6768912672997,57,29
"808","User #25332","Timepoint 40",11.1021589040756,57,29
"809","User #25332","Timepoint 41",11.6799031496048,57,29
"810","User #25332","Timepoint 42",11.520131111145,57,29
"811","User #25332","Timepoint 43",11.2379680871964,57,29
"812","User #25332","Timepoint 44",11.1368037462234,57,29
"813","User #25332","Timepoint 45",11.2454661130905,57,29
"814","User #25332","Timepoint 46",10.903990149498,57,29
"815","User #25332","Timepoint 47",11.4592710733414,57,29
"816","User #25332","Timepoint 48",11.8340239524841,57,29
"817","User #25332","Timepoint 49",11.3339943885803,57,29
"818","User #25332","Timepoint 50",11.1428676843643,57,29
"819","User #25332","Timepoint 51",11.1406618356705,57,29
"820","User #25332","Timepoint 52",10.8191795945168,57,29
"821","User #25332","Timepoint 53",10.8489660620689,57,29
"822","User #25332","Timepoint 54",10.5305690765381,57,29
"823","User #25332","Timepoint 55",11.1614654064178,57,29
"824","User #25332","Timepoint 56",11.4574632644653,57,29
"825","User #25332","Timepoint 57",12.2176012992859,57,29
"826","User #25332","Timepoint 58",11.8573763370514,57,29
"827","User #25332","Timepoint 59",11.8180952072144,57,29
"828","User #25332","Timepoint 60",11.6645219326019,57,29
"829","User #25332","Timepoint 61",11.6935695409775,57,29
"830","User #25332","Timepoint 62",11.3658801317215,57,29
"831","User #25332","Timepoint 63",12.2998178005219,57,29
"832","User #25332","Timepoint 64",12.1637961864471,57,29
"833","User #25348","Timepoint 1",0,57,29
"834","User #25348","Timepoint 2",0,57,29
"835","User #25348","Timepoint 3",0,57,29
"836","User #25348","Timepoint 4",0,57,29
"837","User #25348","Timepoint 5",0,57,29
"838","User #25348","Timepoint 6",0,57,29
"839","User #25348","Timepoint 7",0,57,29
"840","User #25348","Timepoint 8",0,57,29
"841","User #25348","Timepoint 9",0,57,29
"842","User #25348","Timepoint 10",0,57,29
"843","User #25348","Timepoint 11",0,57,29
"844","User #25348","Timepoint 12",0,57,29
"845","User #25348","Timepoint 13",0,57,29
"846","User #25348","Timepoint 14",0,57,29
"847","User #25348","Timepoint 15",0,57,29
"848","User #25348","Timepoint 16",0,57,29
"849","User #25348","Timepoint 17",NA,57,29
"850","User #25348","Timepoint 18",NA,57,29
"851","User #25348","Timepoint 19",NA,57,29
"852","User #25348","Timepoint 20",NA,57,29
"853","User #25348","Timepoint 21",NA,57,29
"854","User #25348","Timepoint 22",NA,57,29
"855","User #25348","Timepoint 23",NA,57,29
"856","User #25348","Timepoint 24",NA,57,29
"857","User #25348","Timepoint 25",8.59908920526505,57,29
"858","User #25348","Timepoint 26",8.56142580509186,57,29
"859","User #25348","Timepoint 27",8.47013807296753,57,29
"860","User #25348","Timepoint 28",8.33252063393593,57,29
"861","User #25348","Timepoint 29",8.35868093371391,57,29
"862","User #25348","Timepoint 30",8.26703208684921,57,29
"863","User #25348","Timepoint 31",8.41933193802834,57,29
"864","User #25348","Timepoint 32",8.69507437944412,57,29
"865","User #25348","Timepoint 33",8.19936156272888,57,29
"866","User #25348","Timepoint 34",8.16381290555,57,29
"867","User #25348","Timepoint 35",8.0921066403389,57,29
"868","User #25348","Timepoint 36",7.99113112688065,57,29
"869","User #25348","Timepoint 37",7.91834500432014,57,29
"870","User #25348","Timepoint 38",7.86382079124451,57,29
"871","User #25348","Timepoint 39",7.98055097460747,57,29
"872","User #25348","Timepoint 40",8.29056918621063,57,29
"873","User #25348","Timepoint 41",8.17097994685173,57,29
"874","User #25348","Timepoint 42",8.1395828127861,57,29
"875","User #25348","Timepoint 43",8.11528825759888,57,29
"876","User #25348","Timepoint 44",7.97851982712746,57,29
"877","User #25348","Timepoint 45",7.90286767482758,57,29
"878","User #25348","Timepoint 46",7.83438587188721,57,29
"879","User #25348","Timepoint 47",7.99217692017555,57,29
"880","User #25348","Timepoint 48",8.26981604099274,57,29
"881","User #25348","Timepoint 49",8.10712236166,57,29
"882","User #25348","Timepoint 50",8.07043072581291,57,29
"883","User #25348","Timepoint 51",8.02437353134155,57,29
"884","User #25348","Timepoint 52",7.92354822158813,57,29
"885","User #25348","Timepoint 53",7.82631492614746,57,29
"886","User #25348","Timepoint 54",7.77680832147598,57,29
"887","User #25348","Timepoint 55",7.91067066788673,57,29
"888","User #25348","Timepoint 56",8.19858837127686,57,29
"889","User #25348","Timepoint 57",8.64393734931946,57,29
"890","User #25348","Timepoint 58",8.61663746833801,57,29
"891","User #25348","Timepoint 59",8.54106444120407,57,29
"892","User #25348","Timepoint 60",8.38217914104462,57,29
"893","User #25348","Timepoint 61",8.37246507406235,57,29
"894","User #25348","Timepoint 62",8.29651117324829,57,29
"895","User #25348","Timepoint 63",8.46144780516624,57,29
"896","User #25348","Timepoint 64",8.71722745895386,57,29
"897","User #25304","Timepoint 1",0,57,29
"898","User #25304","Timepoint 2",0,57,29
"899","User #25304","Timepoint 3",0,57,29
"900","User #25304","Timepoint 4",0,57,29
"901","User #25304","Timepoint 5",0,57,29
"902","User #25304","Timepoint 6",0,57,29
"903","User #25304","Timepoint 7",0,57,29
"904","User #25304","Timepoint 8",0,57,29
"905","User #25304","Timepoint 9",0,57,29
"906","User #25304","Timepoint 10",0,57,29
"907","User #25304","Timepoint 11",0,57,29
"908","User #25304","Timepoint 12",0,57,29
"909","User #25304","Timepoint 13",0,57,29
"910","User #25304","Timepoint 14",0,57,29
"911","User #25304","Timepoint 15",0,57,29
"912","User #25304","Timepoint 16",0,57,29
"913","User #25304","Timepoint 17",NA,57,29
"914","User #25304","Timepoint 18",NA,57,29
"915","User #25304","Timepoint 19",NA,57,29
"916","User #25304","Timepoint 20",NA,57,29
"917","User #25304","Timepoint 21",NA,57,29
"918","User #25304","Timepoint 22",NA,57,29
"919","User #25304","Timepoint 23",NA,57,29
"920","User #25304","Timepoint 24",NA,57,29
"921","User #25304","Timepoint 25",14.5154941082001,57,29
"922","User #25304","Timepoint 26",13.9542856216431,57,29
"923","User #25304","Timepoint 27",13.2164578437805,57,29
"924","User #25304","Timepoint 28",13.343071937561,57,29
"925","User #25304","Timepoint 29",13.7713183164597,57,29
"926","User #25304","Timepoint 30",13.1526656150818,57,29
"927","User #25304","Timepoint 31",14.4207440018654,57,29
"928","User #25304","Timepoint 32",14.5293375253677,57,29
"929","User #25304","Timepoint 33",12.455041706562,57,29
"930","User #25304","Timepoint 34",12.2515643239021,57,29
"931","User #25304","Timepoint 35",11.6036885976791,57,29
"932","User #25304","Timepoint 36",11.4122266769409,57,29
"933","User #25304","Timepoint 37",11.5720809698105,57,29
"934","User #25304","Timepoint 38",11.1250377297401,57,29
"935","User #25304","Timepoint 39",11.7258718013763,57,29
"936","User #25304","Timepoint 40",12.7072831392288,57,29
"937","User #25304","Timepoint 41",12.1098204255104,57,29
"938","User #25304","Timepoint 42",11.9500015377998,57,29
"939","User #25304","Timepoint 43",11.4626098573208,57,29
"940","User #25304","Timepoint 44",11.1491040587425,57,29
"941","User #25304","Timepoint 45",11.1968302130699,57,29
"942","User #25304","Timepoint 46",10.7620974779129,57,29
"943","User #25304","Timepoint 47",11.3829692304134,57,29
"944","User #25304","Timepoint 48",12.3609800338745,57,29
"945","User #25304","Timepoint 49",10.5319475531578,57,29
"946","User #25304","Timepoint 50",10.3983140587807,57,29
"947","User #25304","Timepoint 51",10.0906642079353,57,29
"948","User #25304","Timepoint 52",9.77048224210739,57,29
"949","User #25304","Timepoint 53",9.45965772867203,57,29
"950","User #25304","Timepoint 54",9.28070563077927,57,29
"951","User #25304","Timepoint 55",9.69471126794815,57,29
"952","User #25304","Timepoint 56",10.8272796869278,57,29
"953","User #25304","Timepoint 57",11.0628944635391,57,29
"954","User #25304","Timepoint 58",10.8644754290581,57,29
"955","User #25304","Timepoint 59",10.4784008562565,57,29
"956","User #25304","Timepoint 60",10.2113784253597,57,29
"957","User #25304","Timepoint 61",10.1367968022823,57,29
"958","User #25304","Timepoint 62",9.72571438550949,57,29
"959","User #25304","Timepoint 63",10.3040143847466,57,29
"960","User #25304","Timepoint 64",11.3773165345192,57,29
"961","User #25311","Timepoint 1",0,57,29
"962","User #25311","Timepoint 2",0,57,29
"963","User #25311","Timepoint 3",0,57,29
"964","User #25311","Timepoint 4",0,57,29
"965","User #25311","Timepoint 5",0,57,29
"966","User #25311","Timepoint 6",0,57,29
"967","User #25311","Timepoint 7",0,57,29
"968","User #25311","Timepoint 8",0,57,29
"969","User #25311","Timepoint 9",0,57,29
"970","User #25311","Timepoint 10",0,57,29
"971","User #25311","Timepoint 11",0,57,29
"972","User #25311","Timepoint 12",0,57,29
"973","User #25311","Timepoint 13",0,57,29
"974","User #25311","Timepoint 14",0,57,29
"975","User #25311","Timepoint 15",0,57,29
"976","User #25311","Timepoint 16",0,57,29
"977","User #25311","Timepoint 17",NA,57,29
"978","User #25311","Timepoint 18",NA,57,29
"979","User #25311","Timepoint 19",NA,57,29
"980","User #25311","Timepoint 20",NA,57,29
"981","User #25311","Timepoint 21",NA,57,29
"982","User #25311","Timepoint 22",NA,57,29
"983","User #25311","Timepoint 23",NA,57,29
"984","User #25311","Timepoint 24",NA,57,29
"985","User #25311","Timepoint 25",10.8931438922882,57,29
"986","User #25311","Timepoint 26",10.7390267848969,57,29
"987","User #25311","Timepoint 27",10.432950258255,57,29
"988","User #25311","Timepoint 28",10.4850142002106,57,29
"989","User #25311","Timepoint 29",10.4041061401367,57,29
"990","User #25311","Timepoint 30",10.3308281898499,57,29
"991","User #25311","Timepoint 31",10.8093855381012,57,29
"992","User #25311","Timepoint 32",10.7578239440918,57,29
"993","User #25311","Timepoint 33",10.1517736911774,57,29
"994","User #25311","Timepoint 34",10.101470708847,57,29
"995","User #25311","Timepoint 35",9.90976285934448,57,29
"996","User #25311","Timepoint 36",9.81093263626099,57,29
"997","User #25311","Timepoint 37",9.69574677944183,57,29
"998","User #25311","Timepoint 38",9.57992553710938,57,29
"999","User #25311","Timepoint 39",10.0312530994415,57,29
"1000","User #25311","Timepoint 40",10.0965864658356,57,29
"1001","User #25311","Timepoint 41",9.50300908088684,57,29
"1002","User #25311","Timepoint 42",9.45296907424927,57,29
"1003","User #25311","Timepoint 43",9.35835778713226,57,29
"1004","User #25311","Timepoint 44",9.25425159931183,57,29
"1005","User #25311","Timepoint 45",9.09743356704712,57,29
"1006","User #25311","Timepoint 46",9.04367673397064,57,29
"1007","User #25311","Timepoint 47",9.24101459980011,57,29
"1008","User #25311","Timepoint 48",9.59136080741882,57,29
"1009","User #25311","Timepoint 49",10.0035936832428,57,29
"1010","User #25311","Timepoint 50",9.92755842208862,57,29
"1011","User #25311","Timepoint 51",9.71978521347046,57,29
"1012","User #25311","Timepoint 52",9.70395541191101,57,29
"1013","User #25311","Timepoint 53",9.48973619937897,57,29
"1014","User #25311","Timepoint 54",9.47740983963013,57,29
"1015","User #25311","Timepoint 55",9.7608528137207,57,29
"1016","User #25311","Timepoint 56",9.94062066078186,57,29
"1017","User #25311","Timepoint 57",10.2208495140076,57,29
"1018","User #25311","Timepoint 58",10.1186220645905,57,29
"1019","User #25311","Timepoint 59",9.96112740039825,57,29
"1020","User #25311","Timepoint 60",9.88801527023315,57,29
"1021","User #25311","Timepoint 61",9.73909831047058,57,29
"1022","User #25311","Timepoint 62",9.66839241981506,57,29
"1023","User #25311","Timepoint 63",10.0668017864227,57,29
"1024","User #25311","Timepoint 64",10.1644690036774,57,29
"1025","User #25368","Timepoint 1",0,57,29
"1026","User #25368","Timepoint 2",0,57,29
"1027","User #25368","Timepoint 3",0,57,29
"1028","User #25368","Timepoint 4",0,57,29
"1029","User #25368","Timepoint 5",0,57,29
"1030","User #25368","Timepoint 6",0,57,29
"1031","User #25368","Timepoint 7",0,57,29
"1032","User #25368","Timepoint 8",0,57,29
"1033","User #25368","Timepoint 9",0,57,29
"1034","User #25368","Timepoint 10",0,57,29
"1035","User #25368","Timepoint 11",0,57,29
"1036","User #25368","Timepoint 12",0,57,29
"1037","User #25368","Timepoint 13",0,57,29
"1038","User #25368","Timepoint 14",0,57,29
"1039","User #25368","Timepoint 15",0,57,29
"1040","User #25368","Timepoint 16",0,57,29
"1041","User #25368","Timepoint 17",NA,57,29
"1042","User #25368","Timepoint 18",NA,57,29
"1043","User #25368","Timepoint 19",NA,57,29
"1044","User #25368","Timepoint 20",NA,57,29
"1045","User #25368","Timepoint 21",NA,57,29
"1046","User #25368","Timepoint 22",NA,57,29
"1047","User #25368","Timepoint 23",NA,57,29
"1048","User #25368","Timepoint 24",NA,57,29
"1049","User #25368","Timepoint 25",9.58127057552338,57,29
"1050","User #25368","Timepoint 26",9.33388590812683,57,29
"1051","User #25368","Timepoint 27",8.5900074839592,57,29
"1052","User #25368","Timepoint 28",8.81264984607697,57,29
"1053","User #25368","Timepoint 29",8.9222651720047,57,29
"1054","User #25368","Timepoint 30",8.66478306055069,57,29
"1055","User #25368","Timepoint 31",8.96946209669113,57,29
"1056","User #25368","Timepoint 32",9.63606029748917,57,29
"1057","User #25368","Timepoint 33",8.17963406443596,57,29
"1058","User #25368","Timepoint 34",8.09283551573753,57,29
"1059","User #25368","Timepoint 35",7.77345758676529,57,29
"1060","User #25368","Timepoint 36",7.59070765972137,57,29
"1061","User #25368","Timepoint 37",7.65943211317062,57,29
"1062","User #25368","Timepoint 38",7.35268861055374,57,29
"1063","User #25368","Timepoint 39",7.66313275694847,57,29
"1064","User #25368","Timepoint 40",8.46568471193314,57,29
"1065","User #25368","Timepoint 41",7.47510838508606,57,29
"1066","User #25368","Timepoint 42",7.39908257126808,57,29
"1067","User #25368","Timepoint 43",7.2511068880558,57,29
"1068","User #25368","Timepoint 44",7.03190210461617,57,29
"1069","User #25368","Timepoint 45",6.88271978497505,57,29
"1070","User #25368","Timepoint 46",6.69930937886238,57,29
"1071","User #25368","Timepoint 47",7.02230450510979,57,29
"1072","User #25368","Timepoint 48",7.73711746931076,57,29
"1073","User #25368","Timepoint 49",7.61895179748535,57,29
"1074","User #25368","Timepoint 50",7.54456925392151,57,29
"1075","User #25368","Timepoint 51",7.36325001716614,57,29
"1076","User #25368","Timepoint 52",7.15106767416,57,29
"1077","User #25368","Timepoint 53",7.0064223408699,57,29
"1078","User #25368","Timepoint 54",6.83075368404388,57,29
"1079","User #25368","Timepoint 55",7.11569094657898,57,29
"1080","User #25368","Timepoint 56",7.87072324752808,57,29
"1081","User #25368","Timepoint 57",8.07658410072327,57,29
"1082","User #25368","Timepoint 58",7.96783244609833,57,29
"1083","User #25368","Timepoint 59",7.62938052415848,57,29
"1084","User #25368","Timepoint 60",7.50973701477051,57,29
"1085","User #25368","Timepoint 61",7.4916524887085,57,29
"1086","User #25368","Timepoint 62",7.23345482349396,57,29
"1087","User #25368","Timepoint 63",7.5712802708149,57,29
"1088","User #25368","Timepoint 64",8.28888702392578,57,29
"1089","User #25333","Timepoint 1",0,57,29
"1090","User #25333","Timepoint 2",0,57,29
"1091","User #25333","Timepoint 3",0,57,29
"1092","User #25333","Timepoint 4",0,57,29
"1093","User #25333","Timepoint 5",0,57,29
"1094","User #25333","Timepoint 6",0,57,29
"1095","User #25333","Timepoint 7",0,57,29
"1096","User #25333","Timepoint 8",0,57,29
"1097","User #25333","Timepoint 9",0,57,29
"1098","User #25333","Timepoint 10",0,57,29
"1099","User #25333","Timepoint 11",0,57,29
"1100","User #25333","Timepoint 12",0,57,29
"1101","User #25333","Timepoint 13",0,57,29
"1102","User #25333","Timepoint 14",0,57,29
"1103","User #25333","Timepoint 15",0,57,29
"1104","User #25333","Timepoint 16",0,57,29
"1105","User #25333","Timepoint 17",NA,57,29
"1106","User #25333","Timepoint 18",NA,57,29
"1107","User #25333","Timepoint 19",NA,57,29
"1108","User #25333","Timepoint 20",NA,57,29
"1109","User #25333","Timepoint 21",NA,57,29
"1110","User #25333","Timepoint 22",NA,57,29
"1111","User #25333","Timepoint 23",NA,57,29
"1112","User #25333","Timepoint 24",NA,57,29
"1113","User #25333","Timepoint 25",7.7094092965126,57,29
"1114","User #25333","Timepoint 26",7.48020219802856,57,29
"1115","User #25333","Timepoint 27",7.11152166128159,57,29
"1116","User #25333","Timepoint 28",7.35791027545929,57,29
"1117","User #25333","Timepoint 29",7.32550293207169,57,29
"1118","User #25333","Timepoint 30",7.24466955661774,57,29
"1119","User #25333","Timepoint 31",7.62664920091629,57,29
"1120","User #25333","Timepoint 32",7.53935563564301,57,29
"1121","User #25333","Timepoint 33",7.5463781952858,57,29
"1122","User #25333","Timepoint 34",7.43033975362778,57,29
"1123","User #25333","Timepoint 35",7.12145709991455,57,29
"1124","User #25333","Timepoint 36",7.22363388538361,57,29
"1125","User #25333","Timepoint 37",7.01685738563538,57,29
"1126","User #25333","Timepoint 38",7.05231332778931,57,29
"1127","User #25333","Timepoint 39",7.34171330928802,57,29
"1128","User #25333","Timepoint 40",7.31457078456879,57,29
"1129","User #25333","Timepoint 41",6.43487694859505,57,29
"1130","User #25333","Timepoint 42",6.40750688314438,57,29
"1131","User #25333","Timepoint 43",6.27468764781952,57,29
"1132","User #25333","Timepoint 44",6.21253827214241,57,29
"1133","User #25333","Timepoint 45",6.08021354675293,57,29
"1134","User #25333","Timepoint 46",6.05533391237259,57,29
"1135","User #25333","Timepoint 47",6.21041056513786,57,29
"1136","User #25333","Timepoint 48",6.444107234478,57,29
"1137","User #25333","Timepoint 49",6.76716125011444,57,29
"1138","User #25333","Timepoint 50",6.73271286487579,57,29
"1139","User #25333","Timepoint 51",6.5812349319458,57,29
"1140","User #25333","Timepoint 52",6.49028360843658,57,29
"1141","User #25333","Timepoint 53",6.30800318717957,57,29
"1142","User #25333","Timepoint 54",6.28040373325348,57,29
"1143","User #25333","Timepoint 55",6.45999133586884,57,29
"1144","User #25333","Timepoint 56",6.80597448348999,57,29
"1145","User #25333","Timepoint 57",7.19894337654114,57,29
"1146","User #25333","Timepoint 58",7.15175342559814,57,29
"1147","User #25333","Timepoint 59",6.9155410528183,57,29
"1148","User #25333","Timepoint 60",6.87957644462585,57,29
"1149","User #25333","Timepoint 61",6.66466629505157,57,29
"1150","User #25333","Timepoint 62",6.66709446907043,57,29
"1151","User #25333","Timepoint 63",6.88154101371765,57,29
"1152","User #25333","Timepoint 64",7.13772487640381,57,29
"1153","User #25368","Timepoint 1",0,57,29
"1154","User #25368","Timepoint 2",0,57,29
"1155","User #25368","Timepoint 3",0,57,29
"1156","User #25368","Timepoint 4",0,57,29
"1157","User #25368","Timepoint 5",0,57,29
"1158","User #25368","Timepoint 6",0,57,29
"1159","User #25368","Timepoint 7",0,57,29
"1160","User #25368","Timepoint 8",0,57,29
"1161","User #25368","Timepoint 9",0,57,29
"1162","User #25368","Timepoint 10",0,57,29
"1163","User #25368","Timepoint 11",0,57,29
"1164","User #25368","Timepoint 12",0,57,29
"1165","User #25368","Timepoint 13",0,57,29
"1166","User #25368","Timepoint 14",0,57,29
"1167","User #25368","Timepoint 15",0,57,29
"1168","User #25368","Timepoint 16",0,57,29
"1169","User #25368","Timepoint 17",NA,57,29
"1170","User #25368","Timepoint 18",NA,57,29
"1171","User #25368","Timepoint 19",NA,57,29
"1172","User #25368","Timepoint 20",NA,57,29
"1173","User #25368","Timepoint 21",NA,57,29
"1174","User #25368","Timepoint 22",NA,57,29
"1175","User #25368","Timepoint 23",NA,57,29
"1176","User #25368","Timepoint 24",NA,57,29
"1177","User #25368","Timepoint 25",7.29956102371216,57,29
"1178","User #25368","Timepoint 26",7.24402332305908,57,29
"1179","User #25368","Timepoint 27",7.18841159343719,57,29
"1180","User #25368","Timepoint 28",7.08290922641754,57,29
"1181","User #25368","Timepoint 29",6.92654395103455,57,29
"1182","User #25368","Timepoint 30",6.87434655427933,57,29
"1183","User #25368","Timepoint 31",7.04142618179321,57,29
"1184","User #25368","Timepoint 32",7.43198776245117,57,29
"1185","User #25368","Timepoint 33",7.29591643810272,57,29
"1186","User #25368","Timepoint 34",7.23976755142212,57,29
"1187","User #25368","Timepoint 35",7.18472969532013,57,29
"1188","User #25368","Timepoint 36",7.08032691478729,57,29
"1189","User #25368","Timepoint 37",6.92339015007019,57,29
"1190","User #25368","Timepoint 38",6.87166577577591,57,29
"1191","User #25368","Timepoint 39",7.03929758071899,57,29
"1192","User #25368","Timepoint 40",7.428555727005,57,29
"1193","User #25368","Timepoint 41",7.30087161064148,57,29
"1194","User #25368","Timepoint 42",7.24492359161377,57,29
"1195","User #25368","Timepoint 43",7.19013607501984,57,29
"1196","User #25368","Timepoint 44",7.08356761932373,57,29
"1197","User #25368","Timepoint 45",6.92760038375854,57,29
"1198","User #25368","Timepoint 46",6.87413251399994,57,29
"1199","User #25368","Timepoint 47",7.04312002658844,57,29
"1200","User #25368","Timepoint 48",7.43291640281677,57,29
"1201","User #25368","Timepoint 49",7.29667806625366,57,29
"1202","User #25368","Timepoint 50",7.24059343338013,57,29
"1203","User #25368","Timepoint 51",7.18635523319244,57,29
"1204","User #25368","Timepoint 52",7.08105885982513,57,29
"1205","User #25368","Timepoint 53",6.92331755161285,57,29
"1206","User #25368","Timepoint 54",6.87140834331512,57,29
"1207","User #25368","Timepoint 55",7.04001104831696,57,29
"1208","User #25368","Timepoint 56",7.42885875701904,57,29
"1209","User #25368","Timepoint 57",7.29866695404053,57,29
"1210","User #25368","Timepoint 58",7.24280428886414,57,29
"1211","User #25368","Timepoint 59",7.18790805339813,57,29
"1212","User #25368","Timepoint 60",7.08257126808167,57,29
"1213","User #25368","Timepoint 61",6.92410051822662,57,29
"1214","User #25368","Timepoint 62",6.87294268608093,57,29
"1215","User #25368","Timepoint 63",7.04119765758514,57,29
"1216","User #25368","Timepoint 64",7.43002247810364,57,29
"1217","User #25391","Timepoint 1",0,57,29
"1218","User #25391","Timepoint 2",0,57,29
"1219","User #25391","Timepoint 3",0,57,29
"1220","User #25391","Timepoint 4",0,57,29
"1221","User #25391","Timepoint 5",0,57,29
"1222","User #25391","Timepoint 6",0,57,29
"1223","User #25391","Timepoint 7",0,57,29
"1224","User #25391","Timepoint 8",0,57,29
"1225","User #25391","Timepoint 9",0,57,29
"1226","User #25391","Timepoint 10",0,57,29
"1227","User #25391","Timepoint 11",0,57,29
"1228","User #25391","Timepoint 12",0,57,29
"1229","User #25391","Timepoint 13",0,57,29
"1230","User #25391","Timepoint 14",0,57,29
"1231","User #25391","Timepoint 15",0,57,29
"1232","User #25391","Timepoint 16",0,57,29
"1233","User #25391","Timepoint 17",NA,57,29
"1234","User #25391","Timepoint 18",NA,57,29
"1235","User #25391","Timepoint 19",NA,57,29
"1236","User #25391","Timepoint 20",NA,57,29
"1237","User #25391","Timepoint 21",NA,57,29
"1238","User #25391","Timepoint 22",NA,57,29
"1239","User #25391","Timepoint 23",NA,57,29
"1240","User #25391","Timepoint 24",NA,57,29
"1241","User #25391","Timepoint 25",7.72188460826874,57,29
"1242","User #25391","Timepoint 26",7.60030061006546,57,29
"1243","User #25391","Timepoint 27",7.36445075273514,57,29
"1244","User #25391","Timepoint 28",7.18998914957047,57,29
"1245","User #25391","Timepoint 29",7.31844300031662,57,29
"1246","User #25391","Timepoint 30",7.01234662532806,57,29
"1247","User #25391","Timepoint 31",7.27423590421677,57,29
"1248","User #25391","Timepoint 32",7.95335280895233,57,29
"1249","User #25391","Timepoint 33",8.12551379203796,57,29
"1250","User #25391","Timepoint 34",7.96946805715561,57,29
"1251","User #25391","Timepoint 35",7.50118744373322,57,29
"1252","User #25391","Timepoint 36",7.49564546346664,57,29
"1253","User #25391","Timepoint 37",7.61911273002625,57,29
"1254","User #25391","Timepoint 38",7.32534110546112,57,29
"1255","User #25391","Timepoint 39",7.57819277048111,57,29
"1256","User #25391","Timepoint 40",8.23745095729828,57,29
"1257","User #25391","Timepoint 41",7.53002566099167,57,29
"1258","User #25391","Timepoint 42",7.37760037183762,57,29
"1259","User #25391","Timepoint 43",7.18703693151474,57,29
"1260","User #25391","Timepoint 44",7.06811708211899,57,29
"1261","User #25391","Timepoint 45",7.06176614761353,57,29
"1262","User #25391","Timepoint 46",6.79189586639404,57,29
"1263","User #25391","Timepoint 47",7.16327649354935,57,29
"1264","User #25391","Timepoint 48",7.68760848045349,57,29
"1265","User #25391","Timepoint 49",7.45831000804901,57,29
"1266","User #25391","Timepoint 50",7.39145702123642,57,29
"1267","User #25391","Timepoint 51",7.22987288236618,57,29
"1268","User #25391","Timepoint 52",6.98595976829529,57,29
"1269","User #25391","Timepoint 53",7.05587995052338,57,29
"1270","User #25391","Timepoint 54",6.74346804618835,57,29
"1271","User #25391","Timepoint 55",7.07359200716019,57,29
"1272","User #25391","Timepoint 56",7.72225224971771,57,29
"1273","User #25391","Timepoint 57",7.71780961751938,57,29
"1274","User #25391","Timepoint 58",7.62378889322281,57,29
"1275","User #25391","Timepoint 59",7.35460543632507,57,29
"1276","User #25391","Timepoint 60",7.19549536705017,57,29
"1277","User #25391","Timepoint 61",7.29201090335846,57,29
"1278","User #25391","Timepoint 62",6.97108745574951,57,29
"1279","User #25391","Timepoint 63",7.29117369651794,57,29
"1280","User #25391","Timepoint 64",7.94025790691376,57,29
"1281","User #25318","Timepoint 1",0,57,29
"1282","User #25318","Timepoint 2",0,57,29
"1283","User #25318","Timepoint 3",0,57,29
"1284","User #25318","Timepoint 4",0,57,29
"1285","User #25318","Timepoint 5",0,57,29
"1286","User #25318","Timepoint 6",0,57,29
"1287","User #25318","Timepoint 7",0,57,29
"1288","User #25318","Timepoint 8",0,57,29
"1289","User #25318","Timepoint 9",0,57,29
"1290","User #25318","Timepoint 10",0,57,29
"1291","User #25318","Timepoint 11",0,57,29
"1292","User #25318","Timepoint 12",0,57,29
"1293","User #25318","Timepoint 13",0,57,29
"1294","User #25318","Timepoint 14",0,57,29
"1295","User #25318","Timepoint 15",0,57,29
"1296","User #25318","Timepoint 16",0,57,29
"1297","User #25318","Timepoint 17",NA,57,29
"1298","User #25318","Timepoint 18",NA,57,29
"1299","User #25318","Timepoint 19",NA,57,29
"1300","User #25318","Timepoint 20",NA,57,29
"1301","User #25318","Timepoint 21",NA,57,29
"1302","User #25318","Timepoint 22",NA,57,29
"1303","User #25318","Timepoint 23",NA,57,29
"1304","User #25318","Timepoint 24",NA,57,29
"1305","User #25318","Timepoint 25",7.54154193401337,57,29
"1306","User #25318","Timepoint 26",7.45331823825836,57,29
"1307","User #25318","Timepoint 27",7.31133687496185,57,29
"1308","User #25318","Timepoint 28",7.34548151493073,57,29
"1309","User #25318","Timepoint 29",7.21493601799011,57,29
"1310","User #25318","Timepoint 30",7.26833951473236,57,29
"1311","User #25318","Timepoint 31",7.4815821647644,57,29
"1312","User #25318","Timepoint 32",7.41276717185974,57,29
"1313","User #25318","Timepoint 33",6.87194240093231,57,29
"1314","User #25318","Timepoint 34",6.85239553451538,57,29
"1315","User #25318","Timepoint 35",6.79076433181763,57,29
"1316","User #25318","Timepoint 36",6.71746325492859,57,29
"1317","User #25318","Timepoint 37",6.68851065635681,57,29
"1318","User #25318","Timepoint 38",6.63919502496719,57,29
"1319","User #25318","Timepoint 39",6.71903616189957,57,29
"1320","User #25318","Timepoint 40",6.93337571620941,57,29
"1321","User #25318","Timepoint 41",7.23192191123962,57,29
"1322","User #25318","Timepoint 42",7.15447354316711,57,29
"1323","User #25318","Timepoint 43",7.07396495342255,57,29
"1324","User #25318","Timepoint 44",7.06669664382935,57,29
"1325","User #25318","Timepoint 45",6.93881404399872,57,29
"1326","User #25318","Timepoint 46",6.93961226940155,57,29
"1327","User #25318","Timepoint 47",7.18335616588593,57,29
"1328","User #25318","Timepoint 48",7.13493776321411,57,29
"1329","User #25318","Timepoint 49",6.96635746955872,57,29
"1330","User #25318","Timepoint 50",6.92252463102341,57,29
"1331","User #25318","Timepoint 51",6.87668764591217,57,29
"1332","User #25318","Timepoint 52",6.82270610332489,57,29
"1333","User #25318","Timepoint 53",6.73683553934097,57,29
"1334","User #25318","Timepoint 54",6.70490884780884,57,29
"1335","User #25318","Timepoint 55",6.8772434592247,57,29
"1336","User #25318","Timepoint 56",6.95952987670898,57,29
"1337","User #25318","Timepoint 57",7.19863629341125,57,29
"1338","User #25318","Timepoint 58",7.13491857051849,57,29
"1339","User #25318","Timepoint 59",7.03591799736023,57,29
"1340","User #25318","Timepoint 60",7.03070592880249,57,29
"1341","User #25318","Timepoint 61",6.92838829755783,57,29
"1342","User #25318","Timepoint 62",6.92938101291656,57,29
"1343","User #25318","Timepoint 63",7.09333670139313,57,29
"1344","User #25318","Timepoint 64",7.13645923137665,57,29
"1345","User #25344","Timepoint 1",0,57,29
"1346","User #25344","Timepoint 2",0,57,29
"1347","User #25344","Timepoint 3",0,57,29
"1348","User #25344","Timepoint 4",0,57,29
"1349","User #25344","Timepoint 5",0,57,29
"1350","User #25344","Timepoint 6",0,57,29
"1351","User #25344","Timepoint 7",0,57,29
"1352","User #25344","Timepoint 8",0,57,29
"1353","User #25344","Timepoint 9",0,57,29
"1354","User #25344","Timepoint 10",0,57,29
"1355","User #25344","Timepoint 11",0,57,29
"1356","User #25344","Timepoint 12",0,57,29
"1357","User #25344","Timepoint 13",0,57,29
"1358","User #25344","Timepoint 14",0,57,29
"1359","User #25344","Timepoint 15",0,57,29
"1360","User #25344","Timepoint 16",0,57,29
"1361","User #25344","Timepoint 17",NA,57,29
"1362","User #25344","Timepoint 18",NA,57,29
"1363","User #25344","Timepoint 19",NA,57,29
"1364","User #25344","Timepoint 20",NA,57,29
"1365","User #25344","Timepoint 21",NA,57,29
"1366","User #25344","Timepoint 22",NA,57,29
"1367","User #25344","Timepoint 23",NA,57,29
"1368","User #25344","Timepoint 24",NA,57,29
"1369","User #25344","Timepoint 25",7.66758233308792,57,29
"1370","User #25344","Timepoint 26",7.52478271722794,57,29
"1371","User #25344","Timepoint 27",7.18834266066551,57,29
"1372","User #25344","Timepoint 28",7.21956551074982,57,29
"1373","User #25344","Timepoint 29",7.15106472373009,57,29
"1374","User #25344","Timepoint 30",7.04833179712296,57,29
"1375","User #25344","Timepoint 31",7.23475232720375,57,29
"1376","User #25344","Timepoint 32",7.70756602287292,57,29
"1377","User #25344","Timepoint 33",6.87450468540192,57,29
"1378","User #25344","Timepoint 34",6.80152907967567,57,29
"1379","User #25344","Timepoint 35",6.66706323623657,57,29
"1380","User #25344","Timepoint 36",6.54608860611916,57,29
"1381","User #25344","Timepoint 37",6.39291226863861,57,29
"1382","User #25344","Timepoint 38",6.31335318088531,57,29
"1383","User #25344","Timepoint 39",6.50352150201797,57,29
"1384","User #25344","Timepoint 40",7.01637119054794,57,29
"1385","User #25344","Timepoint 41",6.85037225484848,57,29
"1386","User #25344","Timepoint 42",6.78036451339722,57,29
"1387","User #25344","Timepoint 43",6.64846494793892,57,29
"1388","User #25344","Timepoint 44",6.53179779648781,57,29
"1389","User #25344","Timepoint 45",6.35544791817665,57,29
"1390","User #25344","Timepoint 46",6.29291981458664,57,29
"1391","User #25344","Timepoint 47",6.47816643118858,57,29
"1392","User #25344","Timepoint 48",6.98422998189926,57,29
"1393","User #25344","Timepoint 49",6.82958573102951,57,29
"1394","User #25344","Timepoint 50",6.751708984375,57,29
"1395","User #25344","Timepoint 51",6.62758886814117,57,29
"1396","User #25344","Timepoint 52",6.50644570589066,57,29
"1397","User #25344","Timepoint 53",6.34907230734825,57,29
"1398","User #25344","Timepoint 54",6.27085670828819,57,29
"1399","User #25344","Timepoint 55",6.47092044353485,57,29
"1400","User #25344","Timepoint 56",6.97103798389435,57,29
"1401","User #25344","Timepoint 57",6.76420986652374,57,29
"1402","User #25344","Timepoint 58",6.6854427754879,57,29
"1403","User #25344","Timepoint 59",6.57717123627663,57,29
"1404","User #25344","Timepoint 60",6.46025449037552,57,29
"1405","User #25344","Timepoint 61",6.28163024783134,57,29
"1406","User #25344","Timepoint 62",6.21307790279388,57,29
"1407","User #25344","Timepoint 63",6.42162770032883,57,29
"1408","User #25344","Timepoint 64",6.90523892641068,57,29
"1409","User #25381","Timepoint 1",0,57,29
"1410","User #25381","Timepoint 2",0,57,29
"1411","User #25381","Timepoint 3",0,57,29
"1412","User #25381","Timepoint 4",0,57,29
"1413","User #25381","Timepoint 5",0,57,29
"1414","User #25381","Timepoint 6",0,57,29
"1415","User #25381","Timepoint 7",0,57,29
"1416","User #25381","Timepoint 8",0,57,29
"1417","User #25381","Timepoint 9",0,57,29
"1418","User #25381","Timepoint 10",0,57,29
"1419","User #25381","Timepoint 11",0,57,29
"1420","User #25381","Timepoint 12",0,57,29
"1421","User #25381","Timepoint 13",0,57,29
"1422","User #25381","Timepoint 14",0,57,29
"1423","User #25381","Timepoint 15",0,57,29
"1424","User #25381","Timepoint 16",0,57,29
"1425","User #25381","Timepoint 17",NA,57,29
"1426","User #25381","Timepoint 18",NA,57,29
"1427","User #25381","Timepoint 19",NA,57,29
"1428","User #25381","Timepoint 20",NA,57,29
"1429","User #25381","Timepoint 21",NA,57,29
"1430","User #25381","Timepoint 22",NA,57,29
"1431","User #25381","Timepoint 23",NA,57,29
"1432","User #25381","Timepoint 24",NA,57,29
"1433","User #25381","Timepoint 25",7.7385151386261,57,29
"1434","User #25381","Timepoint 26",7.51256853342056,57,29
"1435","User #25381","Timepoint 27",7.19793483614922,57,29
"1436","User #25381","Timepoint 28",7.297722697258,57,29
"1437","User #25381","Timepoint 29",7.17498064041138,57,29
"1438","User #25381","Timepoint 30",7.09561616182327,57,29
"1439","User #25381","Timepoint 31",7.43404015898705,57,29
"1440","User #25381","Timepoint 32",7.66949146986008,57,29
"1441","User #25381","Timepoint 33",7.96237170696259,57,29
"1442","User #25381","Timepoint 34",7.73725628852844,57,29
"1443","User #25381","Timepoint 35",7.36124739050865,57,29
"1444","User #25381","Timepoint 36",7.48175024986267,57,29
"1445","User #25381","Timepoint 37",7.47152239084244,57,29
"1446","User #25381","Timepoint 38",7.32718199491501,57,29
"1447","User #25381","Timepoint 39",7.63207107782364,57,29
"1448","User #25381","Timepoint 40",7.94457137584686,57,29
"1449","User #25381","Timepoint 41",8.69138032197952,57,29
"1450","User #25381","Timepoint 42",8.25544238090515,57,29
"1451","User #25381","Timepoint 43",7.70689189434052,57,29
"1452","User #25381","Timepoint 44",8.1811860203743,57,29
"1453","User #25381","Timepoint 45",8.00119489431381,57,29
"1454","User #25381","Timepoint 46",8.00019204616547,57,29
"1455","User #25381","Timepoint 47",8.47708463668823,57,29
"1456","User #25381","Timepoint 48",8.3876758813858,57,29
"1457","User #25381","Timepoint 49",7.34171390533447,57,29
"1458","User #25381","Timepoint 50",7.22265362739563,57,29
"1459","User #25381","Timepoint 51",7.02627927064896,57,29
"1460","User #25381","Timepoint 52",6.97132140398026,57,29
"1461","User #25381","Timepoint 53",6.8271692097187,57,29
"1462","User #25381","Timepoint 54",6.72890305519104,57,29
"1463","User #25381","Timepoint 55",7.0496691763401,57,29
"1464","User #25381","Timepoint 56",7.38939493894577,57,29
"1465","User #25381","Timepoint 57",7.40623116493225,57,29
"1466","User #25381","Timepoint 58",7.22996786236763,57,29
"1467","User #25381","Timepoint 59",6.95906221866608,57,29
"1468","User #25381","Timepoint 60",6.98886513710022,57,29
"1469","User #25381","Timepoint 61",6.96753442287445,57,29
"1470","User #25381","Timepoint 62",6.78407698869705,57,29
"1471","User #25381","Timepoint 63",7.12916806340218,57,29
"1472","User #25381","Timepoint 64",7.48044729232788,57,29
"1473","User #25311","Timepoint 1",0,57,29
"1474","User #25311","Timepoint 2",0,57,29
"1475","User #25311","Timepoint 3",0,57,29
"1476","User #25311","Timepoint 4",0,57,29
"1477","User #25311","Timepoint 5",0,57,29
"1478","User #25311","Timepoint 6",0,57,29
"1479","User #25311","Timepoint 7",0,57,29
"1480","User #25311","Timepoint 8",0,57,29
"1481","User #25311","Timepoint 9",0,57,29
"1482","User #25311","Timepoint 10",0,57,29
"1483","User #25311","Timepoint 11",0,57,29
"1484","User #25311","Timepoint 12",0,57,29
"1485","User #25311","Timepoint 13",0,57,29
"1486","User #25311","Timepoint 14",0,57,29
"1487","User #25311","Timepoint 15",0,57,29
"1488","User #25311","Timepoint 16",0,57,29
"1489","User #25311","Timepoint 17",NA,57,29
"1490","User #25311","Timepoint 18",NA,57,29
"1491","User #25311","Timepoint 19",NA,57,29
"1492","User #25311","Timepoint 20",NA,57,29
"1493","User #25311","Timepoint 21",NA,57,29
"1494","User #25311","Timepoint 22",NA,57,29
"1495","User #25311","Timepoint 23",NA,57,29
"1496","User #25311","Timepoint 24",NA,57,29
"1497","User #25311","Timepoint 25",9.78536748886108,57,29
"1498","User #25311","Timepoint 26",9.42346501350403,57,29
"1499","User #25311","Timepoint 27",8.93906557559967,57,29
"1500","User #25311","Timepoint 28",9.41491317749023,57,29
"1501","User #25311","Timepoint 29",9.49477910995483,57,29
"1502","User #25311","Timepoint 30",9.23145055770874,57,29
"1503","User #25311","Timepoint 31",9.71576523780823,57,29
"1504","User #25311","Timepoint 32",9.72082018852234,57,29
"1505","User #25311","Timepoint 33",10.1851346492767,57,29
"1506","User #25311","Timepoint 34",9.63962030410767,57,29
"1507","User #25311","Timepoint 35",9.0827317237854,57,29
"1508","User #25311","Timepoint 36",9.84034538269043,57,29
"1509","User #25311","Timepoint 37",9.87753057479858,57,29
"1510","User #25311","Timepoint 38",9.62218165397644,57,29
"1511","User #25311","Timepoint 39",10.4093027114868,57,29
"1512","User #25311","Timepoint 40",9.97595453262329,57,29
"1513","User #25311","Timepoint 41",9.42503142356873,57,29
"1514","User #25311","Timepoint 42",9.16965961456299,57,29
"1515","User #25311","Timepoint 43",8.75027430057526,57,29
"1516","User #25311","Timepoint 44",9.06458044052124,57,29
"1517","User #25311","Timepoint 45",8.94820642471313,57,29
"1518","User #25311","Timepoint 46",8.90267467498779,57,29
"1519","User #25311","Timepoint 47",9.15713429450989,57,29
"1520","User #25311","Timepoint 48",9.3103175163269,57,29
"1521","User #25311","Timepoint 49",9.00864717364311,57,29
"1522","User #25311","Timepoint 50",8.87536269426346,57,29
"1523","User #25311","Timepoint 51",8.70828610658646,57,29
"1524","User #25311","Timepoint 52",8.68188214302063,57,29
"1525","User #25311","Timepoint 53",8.51255995035172,57,29
"1526","User #25311","Timepoint 54",8.42677828669548,57,29
"1527","User #25311","Timepoint 55",8.68471992015839,57,29
"1528","User #25311","Timepoint 56",9.09133327007294,57,29
"1529","User #25311","Timepoint 57",8.8297952413559,57,29
"1530","User #25311","Timepoint 58",8.74095571041107,57,29
"1531","User #25311","Timepoint 59",8.61887273192406,57,29
"1532","User #25311","Timepoint 60",8.5177583694458,57,29
"1533","User #25311","Timepoint 61",8.35513305664062,57,29
"1534","User #25311","Timepoint 62",8.27253368496895,57,29
"1535","User #25311","Timepoint 63",8.49261981248856,57,29
"1536","User #25311","Timepoint 64",8.96727216243744,57,29
"1537","User #25323","Timepoint 1",0,57,29
"1538","User #25323","Timepoint 2",0,57,29
"1539","User #25323","Timepoint 3",0,57,29
"1540","User #25323","Timepoint 4",0,57,29
"1541","User #25323","Timepoint 5",0,57,29
"1542","User #25323","Timepoint 6",0,57,29
"1543","User #25323","Timepoint 7",0,57,29
"1544","User #25323","Timepoint 8",0,57,29
"1545","User #25323","Timepoint 9",0,57,29
"1546","User #25323","Timepoint 10",0,57,29
"1547","User #25323","Timepoint 11",0,57,29
"1548","User #25323","Timepoint 12",0,57,29
"1549","User #25323","Timepoint 13",0,57,29
"1550","User #25323","Timepoint 14",0,57,29
"1551","User #25323","Timepoint 15",0,57,29
"1552","User #25323","Timepoint 16",0,57,29
"1553","User #25323","Timepoint 17",NA,57,29
"1554","User #25323","Timepoint 18",NA,57,29
"1555","User #25323","Timepoint 19",NA,57,29
"1556","User #25323","Timepoint 20",NA,57,29
"1557","User #25323","Timepoint 21",NA,57,29
"1558","User #25323","Timepoint 22",NA,57,29
"1559","User #25323","Timepoint 23",NA,57,29
"1560","User #25323","Timepoint 24",NA,57,29
"1561","User #25323","Timepoint 25",14.9423472285271,57,29
"1562","User #25323","Timepoint 26",14.8680211305618,57,29
"1563","User #25323","Timepoint 27",14.7300035953522,57,29
"1564","User #25323","Timepoint 28",14.5721651315689,57,29
"1565","User #25323","Timepoint 29",14.2079654037952,57,29
"1566","User #25323","Timepoint 30",14.2990790009499,57,29
"1567","User #25323","Timepoint 31",14.7222272753716,57,29
"1568","User #25323","Timepoint 32",14.8063529729843,57,29
"1569","User #25323","Timepoint 33",14.2787317633629,57,29
"1570","User #25323","Timepoint 34",14.1882653236389,57,29
"1571","User #25323","Timepoint 35",14.0485879480839,57,29
"1572","User #25323","Timepoint 36",13.9163170456886,57,29
"1573","User #25323","Timepoint 37",13.7205448448658,57,29
"1574","User #25323","Timepoint 38",13.6412043571472,57,29
"1575","User #25323","Timepoint 39",13.9670586287975,57,29
"1576","User #25323","Timepoint 40",14.3088899254799,57,29
"1577","User #25323","Timepoint 41",15.4918680787086,57,29
"1578","User #25323","Timepoint 42",15.3482572436333,57,29
"1579","User #25323","Timepoint 43",14.9150292277336,57,29
"1580","User #25323","Timepoint 44",14.9968911409378,57,29
"1581","User #25323","Timepoint 45",14.7362385392189,57,29
"1582","User #25323","Timepoint 46",14.7156952023506,57,29
"1583","User #25323","Timepoint 47",15.1677243113518,57,29
"1584","User #25323","Timepoint 48",15.2558399438858,57,29
"1585","User #25323","Timepoint 49",16.0467565059662,57,29
"1586","User #25323","Timepoint 50",15.4994353055954,57,29
"1587","User #25323","Timepoint 51",15.3886032104492,57,29
"1588","User #25323","Timepoint 52",15.6004136800766,57,29
"1589","User #25323","Timepoint 53",14.944944024086,57,29
"1590","User #25323","Timepoint 54",15.0231554508209,57,29
"1591","User #25323","Timepoint 55",16.6585108041763,57,29
"1592","User #25323","Timepoint 56",15.3503788709641,57,29
"1593","User #25323","Timepoint 57",15.7336729764938,57,29
"1594","User #25323","Timepoint 58",15.4870649576187,57,29
"1595","User #25323","Timepoint 59",15.39388859272,57,29
"1596","User #25323","Timepoint 60",15.3390434980392,57,29
"1597","User #25323","Timepoint 61",14.4050450325012,57,29
"1598","User #25323","Timepoint 62",14.7744778394699,57,29
"1599","User #25323","Timepoint 63",15.8838706016541,57,29
"1600","User #25323","Timepoint 64",15.0334444046021,57,29
"1601","User #25397","Timepoint 1",0,57,29
"1602","User #25397","Timepoint 2",0,57,29
"1603","User #25397","Timepoint 3",0,57,29
"1604","User #25397","Timepoint 4",0,57,29
"1605","User #25397","Timepoint 5",0,57,29
"1606","User #25397","Timepoint 6",0,57,29
"1607","User #25397","Timepoint 7",0,57,29
"1608","User #25397","Timepoint 8",0,57,29
"1609","User #25397","Timepoint 9",0,57,29
"1610","User #25397","Timepoint 10",0,57,29
"1611","User #25397","Timepoint 11",0,57,29
"1612","User #25397","Timepoint 12",0,57,29
"1613","User #25397","Timepoint 13",0,57,29
"1614","User #25397","Timepoint 14",0,57,29
"1615","User #25397","Timepoint 15",0,57,29
"1616","User #25397","Timepoint 16",0,57,29
"1617","User #25397","Timepoint 17",NA,57,29
"1618","User #25397","Timepoint 18",NA,57,29
"1619","User #25397","Timepoint 19",NA,57,29
"1620","User #25397","Timepoint 20",NA,57,29
"1621","User #25397","Timepoint 21",NA,57,29
"1622","User #25397","Timepoint 22",NA,57,29
"1623","User #25397","Timepoint 23",NA,57,29
"1624","User #25397","Timepoint 24",NA,57,29
"1625","User #25397","Timepoint 25",11.0670962333679,57,29
"1626","User #25397","Timepoint 26",10.8451783657074,57,29
"1627","User #25397","Timepoint 27",10.3684015274048,57,29
"1628","User #25397","Timepoint 28",10.3675880432129,57,29
"1629","User #25397","Timepoint 29",10.4411053657532,57,29
"1630","User #25397","Timepoint 30",10.1113295555115,57,29
"1631","User #25397","Timepoint 31",10.5076525211334,57,29
"1632","User #25397","Timepoint 32",11.3091225624084,57,29
"1633","User #25397","Timepoint 33",11.7128496170044,57,29
"1634","User #25397","Timepoint 34",11.4890623092651,57,29
"1635","User #25397","Timepoint 35",10.7346262931824,57,29
"1636","User #25397","Timepoint 36",10.8919315338135,57,29
"1637","User #25397","Timepoint 37",11.0447978973389,57,29
"1638","User #25397","Timepoint 38",10.7348103523254,57,29
"1639","User #25397","Timepoint 39",10.9889571666718,57,29
"1640","User #25397","Timepoint 40",11.9091143608093,57,29
"1641","User #25397","Timepoint 41",10.4038434028625,57,29
"1642","User #25397","Timepoint 42",10.2943980693817,57,29
"1643","User #25397","Timepoint 43",9.96918535232544,57,29
"1644","User #25397","Timepoint 44",9.80494785308838,57,29
"1645","User #25397","Timepoint 45",9.6511332988739,57,29
"1646","User #25397","Timepoint 46",9.47988033294678,57,29
"1647","User #25397","Timepoint 47",9.76275944709778,57,29
"1648","User #25397","Timepoint 48",10.629563331604,57,29
"1649","User #25397","Timepoint 49",10.1281411647797,57,29
"1650","User #25397","Timepoint 50",10.0426337718964,57,29
"1651","User #25397","Timepoint 51",9.80158662796021,57,29
"1652","User #25397","Timepoint 52",9.58843779563904,57,29
"1653","User #25397","Timepoint 53",9.38157916069031,57,29
"1654","User #25397","Timepoint 54",9.21642875671387,57,29
"1655","User #25397","Timepoint 55",9.55882120132446,57,29
"1656","User #25397","Timepoint 56",10.3717169761658,57,29
"1657","User #25397","Timepoint 57",10.6971850395203,57,29
"1658","User #25397","Timepoint 58",10.4959025382996,57,29
"1659","User #25397","Timepoint 59",10.1274099349976,57,29
"1660","User #25397","Timepoint 60",10.0764284133911,57,29
"1661","User #25397","Timepoint 61",9.92080116271973,57,29
"1662","User #25397","Timepoint 62",9.69501447677612,57,29
"1663","User #25397","Timepoint 63",10.2397196292877,57,29
"1664","User #25397","Timepoint 64",10.7986636161804,57,29
"1665","User #25348","Timepoint 1",0,57,29
"1666","User #25348","Timepoint 2",0,57,29
"1667","User #25348","Timepoint 3",0,57,29
"1668","User #25348","Timepoint 4",0,57,29
"1669","User #25348","Timepoint 5",0,57,29
"1670","User #25348","Timepoint 6",0,57,29
"1671","User #25348","Timepoint 7",0,57,29
"1672","User #25348","Timepoint 8",0,57,29
"1673","User #25348","Timepoint 9",0,57,29
"1674","User #25348","Timepoint 10",0,57,29
"1675","User #25348","Timepoint 11",0,57,29
"1676","User #25348","Timepoint 12",0,57,29
"1677","User #25348","Timepoint 13",0,57,29
"1678","User #25348","Timepoint 14",0,57,29
"1679","User #25348","Timepoint 15",0,57,29
"1680","User #25348","Timepoint 16",0,57,29
"1681","User #25348","Timepoint 17",NA,57,29
"1682","User #25348","Timepoint 18",NA,57,29
"1683","User #25348","Timepoint 19",NA,57,29
"1684","User #25348","Timepoint 20",NA,57,29
"1685","User #25348","Timepoint 21",NA,57,29
"1686","User #25348","Timepoint 22",NA,57,29
"1687","User #25348","Timepoint 23",NA,57,29
"1688","User #25348","Timepoint 24",NA,57,29
"1689","User #25348","Timepoint 25",6.98295193910599,57,29
"1690","User #25348","Timepoint 26",6.76448780298233,57,29
"1691","User #25348","Timepoint 27",6.37594577670097,57,29
"1692","User #25348","Timepoint 28",6.6586948633194,57,29
"1693","User #25348","Timepoint 29",6.73873645067215,57,29
"1694","User #25348","Timepoint 30",6.60625427961349,57,29
"1695","User #25348","Timepoint 31",6.84020066261292,57,29
"1696","User #25348","Timepoint 32",6.94315618276596,57,29
"1697","User #25348","Timepoint 33",6.52687001228333,57,29
"1698","User #25348","Timepoint 34",6.40649953484535,57,29
"1699","User #25348","Timepoint 35",6.20207023620605,57,29
"1700","User #25348","Timepoint 36",6.2928569316864,57,29
"1701","User #25348","Timepoint 37",6.18775314092636,57,29
"1702","User #25348","Timepoint 38",6.14293217658997,57,29
"1703","User #25348","Timepoint 39",6.38521620631218,57,29
"1704","User #25348","Timepoint 40",6.4882218837738,57,29
"1705","User #25348","Timepoint 41",6.74706900119781,57,29
"1706","User #25348","Timepoint 42",6.58016282320023,57,29
"1707","User #25348","Timepoint 43",6.2959001660347,57,29
"1708","User #25348","Timepoint 44",6.45397740602493,57,29
"1709","User #25348","Timepoint 45",6.4767302274704,57,29
"1710","User #25348","Timepoint 46",6.3293399810791,57,29
"1711","User #25348","Timepoint 47",6.63369864225388,57,29
"1712","User #25348","Timepoint 48",6.7104327082634,57,29
"1713","User #25348","Timepoint 49",6.60475206375122,57,29
"1714","User #25348","Timepoint 50",6.46235010027885,57,29
"1715","User #25348","Timepoint 51",6.23754996061325,57,29
"1716","User #25348","Timepoint 52",6.33994328975677,57,29
"1717","User #25348","Timepoint 53",6.33118471503258,57,29
"1718","User #25348","Timepoint 54",6.1969205737114,57,29
"1719","User #25348","Timepoint 55",6.45838168263435,57,29
"1720","User #25348","Timepoint 56",6.58737832307816,57,29
"1721","User #25348","Timepoint 57",6.62114357948303,57,29
"1722","User #25348","Timepoint 58",6.53625756502151,57,29
"1723","User #25348","Timepoint 59",6.26313349604607,57,29
"1724","User #25348","Timepoint 60",6.3294118642807,57,29
"1725","User #25348","Timepoint 61",6.45073416829109,57,29
"1726","User #25348","Timepoint 62",6.2632719874382,57,29
"1727","User #25348","Timepoint 63",6.41814479231834,57,29
"1728","User #25348","Timepoint 64",6.72476983070374,57,29
"1729","User #25358","Timepoint 1",0,57,29
"1730","User #25358","Timepoint 2",0,57,29
"1731","User #25358","Timepoint 3",0,57,29
"1732","User #25358","Timepoint 4",0,57,29
"1733","User #25358","Timepoint 5",0,57,29
"1734","User #25358","Timepoint 6",0,57,29
"1735","User #25358","Timepoint 7",0,57,29
"1736","User #25358","Timepoint 8",0,57,29
"1737","User #25358","Timepoint 9",0,57,29
"1738","User #25358","Timepoint 10",0,57,29
"1739","User #25358","Timepoint 11",0,57,29
"1740","User #25358","Timepoint 12",0,57,29
"1741","User #25358","Timepoint 13",0,57,29
"1742","User #25358","Timepoint 14",0,57,29
"1743","User #25358","Timepoint 15",0,57,29
"1744","User #25358","Timepoint 16",0,57,29
"1745","User #25358","Timepoint 17",NA,57,29
"1746","User #25358","Timepoint 18",NA,57,29
"1747","User #25358","Timepoint 19",NA,57,29
"1748","User #25358","Timepoint 20",NA,57,29
"1749","User #25358","Timepoint 21",NA,57,29
"1750","User #25358","Timepoint 22",NA,57,29
"1751","User #25358","Timepoint 23",NA,57,29
"1752","User #25358","Timepoint 24",NA,57,29
"1753","User #25358","Timepoint 25",14.1370906233788,57,29
"1754","User #25358","Timepoint 26",14.0405999422073,57,29
"1755","User #25358","Timepoint 27",13.7973421812057,57,29
"1756","User #25358","Timepoint 28",13.829178571701,57,29
"1757","User #25358","Timepoint 29",13.7214381694794,57,29
"1758","User #25358","Timepoint 30",13.7216616868973,57,29
"1759","User #25358","Timepoint 31",13.9430914521217,57,29
"1760","User #25358","Timepoint 32",14.0413266420364,57,29
"1761","User #25358","Timepoint 33",13.5671889781952,57,29
"1762","User #25358","Timepoint 34",13.4788918197155,57,29
"1763","User #25358","Timepoint 35",13.3100442588329,57,29
"1764","User #25358","Timepoint 36",13.3000959455967,57,29
"1765","User #25358","Timepoint 37",13.2880831360817,57,29
"1766","User #25358","Timepoint 38",13.1860256195068,57,29
"1767","User #25358","Timepoint 39",13.3779399991035,57,29
"1768","User #25358","Timepoint 40",13.6058557033539,57,29
"1769","User #25358","Timepoint 41",13.4131209254265,57,29
"1770","User #25358","Timepoint 42",13.3381077647209,57,29
"1771","User #25358","Timepoint 43",13.2012294530869,57,29
"1772","User #25358","Timepoint 44",13.1772916316986,57,29
"1773","User #25358","Timepoint 45",13.1252144873142,57,29
"1774","User #25358","Timepoint 46",13.042652964592,57,29
"1775","User #25358","Timepoint 47",13.2343857586384,57,29
"1776","User #25358","Timepoint 48",13.4537817835808,57,29
"1777","User #25358","Timepoint 49",12.815029501915,57,29
"1778","User #25358","Timepoint 50",12.7093646526337,57,29
"1779","User #25358","Timepoint 51",12.5126140117645,57,29
"1780","User #25358","Timepoint 52",12.4935594797134,57,29
"1781","User #25358","Timepoint 53",12.4481077194214,57,29
"1782","User #25358","Timepoint 54",12.3198940753937,57,29
"1783","User #25358","Timepoint 55",12.5876140594482,57,29
"1784","User #25358","Timepoint 56",12.874529838562,57,29
"1785","User #25358","Timepoint 57",12.8715496063232,57,29
"1786","User #25358","Timepoint 58",12.7709631919861,57,29
"1787","User #25358","Timepoint 59",12.5486385822296,57,29
"1788","User #25358","Timepoint 60",12.5490605831146,57,29
"1789","User #25358","Timepoint 61",12.4955775737762,57,29
"1790","User #25358","Timepoint 62",12.3720417022705,57,29
"1791","User #25358","Timepoint 63",12.6508724689484,57,29
"1792","User #25358","Timepoint 64",12.9171187877655,57,29
"1793","User #25383","Timepoint 1",0,57,29
"1794","User #25383","Timepoint 2",0,57,29
"1795","User #25383","Timepoint 3",0,57,29
"1796","User #25383","Timepoint 4",0,57,29
"1797","User #25383","Timepoint 5",0,57,29
"1798","User #25383","Timepoint 6",0,57,29
"1799","User #25383","Timepoint 7",0,57,29
"1800","User #25383","Timepoint 8",0,57,29
"1801","User #25383","Timepoint 9",0,57,29
"1802","User #25383","Timepoint 10",0,57,29
"1803","User #25383","Timepoint 11",0,57,29
"1804","User #25383","Timepoint 12",0,57,29
"1805","User #25383","Timepoint 13",0,57,29
"1806","User #25383","Timepoint 14",0,57,29
"1807","User #25383","Timepoint 15",0,57,29
"1808","User #25383","Timepoint 16",0,57,29
"1809","User #25383","Timepoint 17",NA,57,29
"1810","User #25383","Timepoint 18",NA,57,29
"1811","User #25383","Timepoint 19",NA,57,29
"1812","User #25383","Timepoint 20",NA,57,29
"1813","User #25383","Timepoint 21",NA,57,29
"1814","User #25383","Timepoint 22",NA,57,29
"1815","User #25383","Timepoint 23",NA,57,29
"1816","User #25383","Timepoint 24",NA,57,29
"1817","User #25383","Timepoint 25",7.72188460826874,57,29
"1818","User #25383","Timepoint 26",7.60030061006546,57,29
"1819","User #25383","Timepoint 27",7.36445075273514,57,29
"1820","User #25383","Timepoint 28",7.18998914957047,57,29
"1821","User #25383","Timepoint 29",7.31844300031662,57,29
"1822","User #25383","Timepoint 30",7.01234662532806,57,29
"1823","User #25383","Timepoint 31",7.27423590421677,57,29
"1824","User #25383","Timepoint 32",7.95335280895233,57,29
"1825","User #25383","Timepoint 33",8.12551379203796,57,29
"1826","User #25383","Timepoint 34",7.96946805715561,57,29
"1827","User #25383","Timepoint 35",7.50118744373322,57,29
"1828","User #25383","Timepoint 36",7.49564546346664,57,29
"1829","User #25383","Timepoint 37",7.61911273002625,57,29
"1830","User #25383","Timepoint 38",7.32534110546112,57,29
"1831","User #25383","Timepoint 39",7.57819277048111,57,29
"1832","User #25383","Timepoint 40",8.23745095729828,57,29
"1833","User #25383","Timepoint 41",7.53002566099167,57,29
"1834","User #25383","Timepoint 42",7.37760037183762,57,29
"1835","User #25383","Timepoint 43",7.18703693151474,57,29
"1836","User #25383","Timepoint 44",7.06811708211899,57,29
"1837","User #25383","Timepoint 45",7.06176614761353,57,29
"1838","User #25383","Timepoint 46",6.79189586639404,57,29
"1839","User #25383","Timepoint 47",7.16327649354935,57,29
"1840","User #25383","Timepoint 48",7.68760848045349,57,29
"1841","User #25383","Timepoint 49",7.45831000804901,57,29
"1842","User #25383","Timepoint 50",7.39145702123642,57,29
"1843","User #25383","Timepoint 51",7.22987288236618,57,29
"1844","User #25383","Timepoint 52",6.98595976829529,57,29
"1845","User #25383","Timepoint 53",7.05587995052338,57,29
"1846","User #25383","Timepoint 54",6.74346804618835,57,29
"1847","User #25383","Timepoint 55",7.07359200716019,57,29
"1848","User #25383","Timepoint 56",7.72225224971771,57,29
"1849","User #25383","Timepoint 57",7.71780961751938,57,29
"1850","User #25383","Timepoint 58",7.62378889322281,57,29
"1851","User #25383","Timepoint 59",7.35460543632507,57,29
"1852","User #25383","Timepoint 60",7.19549536705017,57,29
"1853","User #25383","Timepoint 61",7.29201090335846,57,29
"1854","User #25383","Timepoint 62",6.97108745574951,57,29
"1855","User #25383","Timepoint 63",7.29117369651794,57,29
"1856","User #25383","Timepoint 64",7.94025790691376,57,29
"1857","User #25299","Timepoint 1",0,57,29
"1858","User #25299","Timepoint 2",0,57,29
"1859","User #25299","Timepoint 3",0,57,29
"1860","User #25299","Timepoint 4",0,57,29
"1861","User #25299","Timepoint 5",0,57,29
"1862","User #25299","Timepoint 6",0,57,29
"1863","User #25299","Timepoint 7",0,57,29
"1864","User #25299","Timepoint 8",0,57,29
"1865","User #25299","Timepoint 9",0,57,29
"1866","User #25299","Timepoint 10",0,57,29
"1867","User #25299","Timepoint 11",0,57,29
"1868","User #25299","Timepoint 12",0,57,29
"1869","User #25299","Timepoint 13",0,57,29
"1870","User #25299","Timepoint 14",0,57,29
"1871","User #25299","Timepoint 15",0,57,29
"1872","User #25299","Timepoint 16",0,57,29
"1873","User #25299","Timepoint 17",NA,57,29
"1874","User #25299","Timepoint 18",NA,57,29
"1875","User #25299","Timepoint 19",NA,57,29
"1876","User #25299","Timepoint 20",NA,57,29
"1877","User #25299","Timepoint 21",NA,57,29
"1878","User #25299","Timepoint 22",NA,57,29
"1879","User #25299","Timepoint 23",NA,57,29
"1880","User #25299","Timepoint 24",NA,57,29
"1881","User #25299","Timepoint 25",12.0622339248657,57,29
"1882","User #25299","Timepoint 26",11.951181769371,57,29
"1883","User #25299","Timepoint 27",11.8040271997452,57,29
"1884","User #25299","Timepoint 28",11.7068288326263,57,29
"1885","User #25299","Timepoint 29",11.7349348068237,57,29
"1886","User #25299","Timepoint 30",11.5522017478943,57,29
"1887","User #25299","Timepoint 31",11.8299877643585,57,29
"1888","User #25299","Timepoint 32",12.170006275177,57,29
"1889","User #25299","Timepoint 33",12.0749723911285,57,29
"1890","User #25299","Timepoint 34",11.9115905761719,57,29
"1891","User #25299","Timepoint 35",11.6232306957245,57,29
"1892","User #25299","Timepoint 36",11.6792470216751,57,29
"1893","User #25299","Timepoint 37",11.7236876487732,57,29
"1894","User #25299","Timepoint 38",11.5794849395752,57,29
"1895","User #25299","Timepoint 39",11.727774143219,57,29
"1896","User #25299","Timepoint 40",12.1545655727386,57,29
"1897","User #25299","Timepoint 41",11.6071628332138,57,29
"1898","User #25299","Timepoint 42",11.5487108230591,57,29
"1899","User #25299","Timepoint 43",11.429811000824,57,29
"1900","User #25299","Timepoint 44",11.3178032636642,57,29
"1901","User #25299","Timepoint 45",11.2421814203262,57,29
"1902","User #25299","Timepoint 46",11.1374669075012,57,29
"1903","User #25299","Timepoint 47",11.3220647573471,57,29
"1904","User #25299","Timepoint 48",11.7251629829407,57,29
"1905","User #25299","Timepoint 49",11.1113385260105,57,29
"1906","User #25299","Timepoint 50",10.978914141655,57,29
"1907","User #25299","Timepoint 51",10.7657913267612,57,29
"1908","User #25299","Timepoint 52",10.7421162128448,57,29
"1909","User #25299","Timepoint 53",10.6066484153271,57,29
"1910","User #25299","Timepoint 54",10.5276393294334,57,29
"1911","User #25299","Timepoint 55",10.7473749816418,57,29
"1912","User #25299","Timepoint 56",11.1947178244591,57,29
"1913","User #25299","Timepoint 57",11.3205351829529,57,29
"1914","User #25299","Timepoint 58",11.1895182132721,57,29
"1915","User #25299","Timepoint 59",10.9628322124481,57,29
"1916","User #25299","Timepoint 60",10.9105312228203,57,29
"1917","User #25299","Timepoint 61",10.8330514431,57,29
"1918","User #25299","Timepoint 62",10.6892945766449,57,29
"1919","User #25299","Timepoint 63",10.9860231876373,57,29
"1920","User #25299","Timepoint 64",11.3874911665916,57,29
"1921","User #25370","Timepoint 1",0,57,29
"1922","User #25370","Timepoint 2",0,57,29
"1923","User #25370","Timepoint 3",0,57,29
"1924","User #25370","Timepoint 4",0,57,29
"1925","User #25370","Timepoint 5",0,57,29
"1926","User #25370","Timepoint 6",0,57,29
"1927","User #25370","Timepoint 7",0,57,29
"1928","User #25370","Timepoint 8",0,57,29
"1929","User #25370","Timepoint 9",0,57,29
"1930","User #25370","Timepoint 10",0,57,29
"1931","User #25370","Timepoint 11",0,57,29
"1932","User #25370","Timepoint 12",0,57,29
"1933","User #25370","Timepoint 13",0,57,29
"1934","User #25370","Timepoint 14",0,57,29
"1935","User #25370","Timepoint 15",0,57,29
"1936","User #25370","Timepoint 16",0,57,29
"1937","User #25370","Timepoint 17",NA,57,29
"1938","User #25370","Timepoint 18",NA,57,29
"1939","User #25370","Timepoint 19",NA,57,29
"1940","User #25370","Timepoint 20",NA,57,29
"1941","User #25370","Timepoint 21",NA,57,29
"1942","User #25370","Timepoint 22",NA,57,29
"1943","User #25370","Timepoint 23",NA,57,29
"1944","User #25370","Timepoint 24",NA,57,29
"1945","User #25370","Timepoint 25",6.98295176029205,57,29
"1946","User #25370","Timepoint 26",6.76448780298233,57,29
"1947","User #25370","Timepoint 27",6.37594586610794,57,29
"1948","User #25370","Timepoint 28",6.6586948633194,57,29
"1949","User #25370","Timepoint 29",6.73873645067215,57,29
"1950","User #25370","Timepoint 30",6.60625427961349,57,29
"1951","User #25370","Timepoint 31",6.84020066261292,57,29
"1952","User #25370","Timepoint 32",6.9431563615799,57,29
"1953","User #25370","Timepoint 33",6.52687001228333,57,29
"1954","User #25370","Timepoint 34",6.40649944543839,57,29
"1955","User #25370","Timepoint 35",6.20207023620605,57,29
"1956","User #25370","Timepoint 36",6.2928569316864,57,29
"1957","User #25370","Timepoint 37",6.18775305151939,57,29
"1958","User #25370","Timepoint 38",6.14293217658997,57,29
"1959","User #25370","Timepoint 39",6.38521620631218,57,29
"1960","User #25370","Timepoint 40",6.48822206258774,57,29
"1961","User #25370","Timepoint 41",6.74706953763962,57,29
"1962","User #25370","Timepoint 42",6.58016300201416,57,29
"1963","User #25370","Timepoint 43",6.29590025544167,57,29
"1964","User #25370","Timepoint 44",6.45397758483887,57,29
"1965","User #25370","Timepoint 45",6.47673040628433,57,29
"1966","User #25370","Timepoint 46",6.3293399810791,57,29
"1967","User #25370","Timepoint 47",6.63369864225388,57,29
"1968","User #25370","Timepoint 48",6.71043288707733,57,29
"1969","User #25370","Timepoint 49",6.60475206375122,57,29
"1970","User #25370","Timepoint 50",6.46234992146492,57,29
"1971","User #25370","Timepoint 51",6.23754996061325,57,29
"1972","User #25370","Timepoint 52",6.33994311094284,57,29
"1973","User #25370","Timepoint 53",6.33118462562561,57,29
"1974","User #25370","Timepoint 54",6.1969205737114,57,29
"1975","User #25370","Timepoint 55",6.45838159322739,57,29
"1976","User #25370","Timepoint 56",6.58737832307816,57,29
"1977","User #25370","Timepoint 57",6.62114357948303,57,29
"1978","User #25370","Timepoint 58",6.53625756502151,57,29
"1979","User #25370","Timepoint 59",6.2631334066391,57,29
"1980","User #25370","Timepoint 60",6.32941204309464,57,29
"1981","User #25370","Timepoint 61",6.45073425769806,57,29
"1982","User #25370","Timepoint 62",6.26327216625214,57,29
"1983","User #25370","Timepoint 63",6.41814479231834,57,29
"1984","User #25370","Timepoint 64",6.72476983070374,57,29
"1985","User #25366","Timepoint 1",0,57,29
"1986","User #25366","Timepoint 2",0,57,29
"1987","User #25366","Timepoint 3",0,57,29
"1988","User #25366","Timepoint 4",0,57,29
"1989","User #25366","Timepoint 5",0,57,29
"1990","User #25366","Timepoint 6",0,57,29
"1991","User #25366","Timepoint 7",0,57,29
"1992","User #25366","Timepoint 8",0,57,29
"1993","User #25366","Timepoint 9",0,57,29
"1994","User #25366","Timepoint 10",0,57,29
"1995","User #25366","Timepoint 11",0,57,29
"1996","User #25366","Timepoint 12",0,57,29
"1997","User #25366","Timepoint 13",0,57,29
"1998","User #25366","Timepoint 14",0,57,29
"1999","User #25366","Timepoint 15",0,57,29
"2000","User #25366","Timepoint 16",0,57,29
"2001","User #25366","Timepoint 17",NA,57,29
"2002","User #25366","Timepoint 18",NA,57,29
"2003","User #25366","Timepoint 19",NA,57,29
"2004","User #25366","Timepoint 20",NA,57,29
"2005","User #25366","Timepoint 21",NA,57,29
"2006","User #25366","Timepoint 22",NA,57,29
"2007","User #25366","Timepoint 23",NA,57,29
"2008","User #25366","Timepoint 24",NA,57,29
"2009","User #25366","Timepoint 25",10.7655274271965,57,29
"2010","User #25366","Timepoint 26",10.6945711970329,57,29
"2011","User #25366","Timepoint 27",10.2620070576668,57,29
"2012","User #25366","Timepoint 28",9.98505154252052,57,29
"2013","User #25366","Timepoint 29",9.97363418340683,57,29
"2014","User #25366","Timepoint 30",9.71365249156952,57,29
"2015","User #25366","Timepoint 31",10.0983638763428,57,29
"2016","User #25366","Timepoint 32",11.040350317955,57,29
"2017","User #25366","Timepoint 33",10.5836892127991,57,29
"2018","User #25366","Timepoint 34",10.5286384820938,57,29
"2019","User #25366","Timepoint 35",10.0186743736267,57,29
"2020","User #25366","Timepoint 36",9.75815677642822,57,29
"2021","User #25366","Timepoint 37",9.89934235811234,57,29
"2022","User #25366","Timepoint 38",9.55257618427277,57,29
"2023","User #25366","Timepoint 39",9.76529788970947,57,29
"2024","User #25366","Timepoint 40",10.9831978082657,57,29
"2025","User #25366","Timepoint 41",10.2505127191544,57,29
"2026","User #25366","Timepoint 42",10.1567303538322,57,29
"2027","User #25366","Timepoint 43",9.78660535812378,57,29
"2028","User #25366","Timepoint 44",9.48884475231171,57,29
"2029","User #25366","Timepoint 45",9.53087791800499,57,29
"2030","User #25366","Timepoint 46",9.21361523866653,57,29
"2031","User #25366","Timepoint 47",9.52249923348427,57,29
"2032","User #25366","Timepoint 48",10.6090194582939,57,29
"2033","User #25366","Timepoint 49",13.1358294487,57,29
"2034","User #25366","Timepoint 50",12.7239112854004,57,29
"2035","User #25366","Timepoint 51",12.1602611541748,57,29
"2036","User #25366","Timepoint 52",12.0153336524963,57,29
"2037","User #25366","Timepoint 53",12.7835183143616,57,29
"2038","User #25366","Timepoint 54",12.0701451301575,57,29
"2039","User #25366","Timepoint 55",12.8700528144836,57,29
"2040","User #25366","Timepoint 56",13.3393754959106,57,29
"2041","User #25366","Timepoint 57",11.3782768249512,57,29
"2042","User #25366","Timepoint 58",11.1107907295227,57,29
"2043","User #25366","Timepoint 59",10.6891756057739,57,29
"2044","User #25366","Timepoint 60",10.5072455406189,57,29
"2045","User #25366","Timepoint 61",10.6876902580261,57,29
"2046","User #25366","Timepoint 62",10.4090437889099,57,29
"2047","User #25366","Timepoint 63",10.9269394874573,57,29
"2048","User #25366","Timepoint 64",11.484806060791,57,29
"2049","User #25297","Timepoint 1",0,57,29
"2050","User #25297","Timepoint 2",0,57,29
"2051","User #25297","Timepoint 3",0,57,29
"2052","User #25297","Timepoint 4",0,57,29
"2053","User #25297","Timepoint 5",0,57,29
"2054","User #25297","Timepoint 6",0,57,29
"2055","User #25297","Timepoint 7",0,57,29
"2056","User #25297","Timepoint 8",0,57,29
"2057","User #25297","Timepoint 9",0,57,29
"2058","User #25297","Timepoint 10",0,57,29
"2059","User #25297","Timepoint 11",0,57,29
"2060","User #25297","Timepoint 12",0,57,29
"2061","User #25297","Timepoint 13",0,57,29
"2062","User #25297","Timepoint 14",0,57,29
"2063","User #25297","Timepoint 15",0,57,29
"2064","User #25297","Timepoint 16",0,57,29
"2065","User #25297","Timepoint 17",NA,57,29
"2066","User #25297","Timepoint 18",NA,57,29
"2067","User #25297","Timepoint 19",NA,57,29
"2068","User #25297","Timepoint 20",NA,57,29
"2069","User #25297","Timepoint 21",NA,57,29
"2070","User #25297","Timepoint 22",NA,57,29
"2071","User #25297","Timepoint 23",NA,57,29
"2072","User #25297","Timepoint 24",NA,57,29
"2073","User #25297","Timepoint 25",10.9645974040031,57,29
"2074","User #25297","Timepoint 26",10.8781866431236,57,29
"2075","User #25297","Timepoint 27",10.7109677195549,57,29
"2076","User #25297","Timepoint 28",10.6750647425652,57,29
"2077","User #25297","Timepoint 29",10.6687467098236,57,29
"2078","User #25297","Timepoint 30",10.5643765926361,57,29
"2079","User #25297","Timepoint 31",10.7805370688438,57,29
"2080","User #25297","Timepoint 32",10.9552356004715,57,29
"2081","User #25297","Timepoint 33",10.6485081911087,57,29
"2082","User #25297","Timepoint 34",10.5641412734985,57,29
"2083","User #25297","Timepoint 35",10.4186691641808,57,29
"2084","User #25297","Timepoint 36",10.3906390070915,57,29
"2085","User #25297","Timepoint 37",10.3107653260231,57,29
"2086","User #25297","Timepoint 38",10.2590777277946,57,29
"2087","User #25297","Timepoint 39",10.41008913517,57,29
"2088","User #25297","Timepoint 40",10.6483011245728,57,29
"2089","User #25297","Timepoint 41",10.516894698143,57,29
"2090","User #25297","Timepoint 42",10.4497835040092,57,29
"2091","User #25297","Timepoint 43",10.3177546262741,57,29
"2092","User #25297","Timepoint 44",10.2846660017967,57,29
"2093","User #25297","Timepoint 45",10.1788514256477,57,29
"2094","User #25297","Timepoint 46",10.1261451244354,57,29
"2095","User #25297","Timepoint 47",10.2976460158825,57,29
"2096","User #25297","Timepoint 48",10.5210927128792,57,29
"2097","User #25297","Timepoint 49",10.5381365418434,57,29
"2098","User #25297","Timepoint 50",10.4823956787586,57,29
"2099","User #25297","Timepoint 51",10.2913327217102,57,29
"2100","User #25297","Timepoint 52",10.2873893380165,57,29
"2101","User #25297","Timepoint 53",10.1712327897549,57,29
"2102","User #25297","Timepoint 54",10.1750026345253,57,29
"2103","User #25297","Timepoint 55",10.2756905257702,57,29
"2104","User #25297","Timepoint 56",10.5329870581627,57,29
"2105","User #25297","Timepoint 57",11.3662860989571,57,29
"2106","User #25297","Timepoint 58",11.282482624054,57,29
"2107","User #25297","Timepoint 59",11.067251086235,57,29
"2108","User #25297","Timepoint 60",11.0506880879402,57,29
"2109","User #25297","Timepoint 61",10.9705041646957,57,29
"2110","User #25297","Timepoint 62",10.9363991618156,57,29
"2111","User #25297","Timepoint 63",11.1941666007042,57,29
"2112","User #25297","Timepoint 64",11.2693401575089,57,29
"2113","User #25313","Timepoint 1",0,57,29
"2114","User #25313","Timepoint 2",0,57,29
"2115","User #25313","Timepoint 3",0,57,29
"2116","User #25313","Timepoint 4",0,57,29
"2117","User #25313","Timepoint 5",0,57,29
"2118","User #25313","Timepoint 6",0,57,29
"2119","User #25313","Timepoint 7",0,57,29
"2120","User #25313","Timepoint 8",0,57,29
"2121","User #25313","Timepoint 9",0,57,29
"2122","User #25313","Timepoint 10",0,57,29
"2123","User #25313","Timepoint 11",0,57,29
"2124","User #25313","Timepoint 12",0,57,29
"2125","User #25313","Timepoint 13",0,57,29
"2126","User #25313","Timepoint 14",0,57,29
"2127","User #25313","Timepoint 15",0,57,29
"2128","User #25313","Timepoint 16",0,57,29
"2129","User #25313","Timepoint 17",NA,57,29
"2130","User #25313","Timepoint 18",NA,57,29
"2131","User #25313","Timepoint 19",NA,57,29
"2132","User #25313","Timepoint 20",NA,57,29
"2133","User #25313","Timepoint 21",NA,57,29
"2134","User #25313","Timepoint 22",NA,57,29
"2135","User #25313","Timepoint 23",NA,57,29
"2136","User #25313","Timepoint 24",NA,57,29
"2137","User #25313","Timepoint 25",10.2683537006378,57,29
"2138","User #25313","Timepoint 26",10.1065972447395,57,29
"2139","User #25313","Timepoint 27",9.81067132949829,57,29
"2140","User #25313","Timepoint 28",9.66643571853638,57,29
"2141","User #25313","Timepoint 29",9.51901412010193,57,29
"2142","User #25313","Timepoint 30",9.46476930379868,57,29
"2143","User #25313","Timepoint 31",9.93064194917679,57,29
"2144","User #25313","Timepoint 32",10.2772357463837,57,29
"2145","User #25313","Timepoint 33",9.3475553393364,57,29
"2146","User #25313","Timepoint 34",9.26231932640076,57,29
"2147","User #25313","Timepoint 35",9.01879844069481,57,29
"2148","User #25313","Timepoint 36",8.80915558338165,57,29
"2149","User #25313","Timepoint 37",8.71248197555542,57,29
"2150","User #25313","Timepoint 38",8.57832378149033,57,29
"2151","User #25313","Timepoint 39",8.88465860486031,57,29
"2152","User #25313","Timepoint 40",9.52409726381302,57,29
"2153","User #25313","Timepoint 41",8.58306542038918,57,29
"2154","User #25313","Timepoint 42",8.49332621693611,57,29
"2155","User #25313","Timepoint 43",8.34488344192505,57,29
"2156","User #25313","Timepoint 44",8.14879938960075,57,29
"2157","User #25313","Timepoint 45",7.90685626864433,57,29
"2158","User #25313","Timepoint 46",7.8215272128582,57,29
"2159","User #25313","Timepoint 47",8.09208643436432,57,29
"2160","User #25313","Timepoint 48",8.78833776712418,57,29
"2161","User #25313","Timepoint 49",9.77002328634262,57,29
"2162","User #25313","Timepoint 50",9.62240016460419,57,29
"2163","User #25313","Timepoint 51",9.41906440258026,57,29
"2164","User #25313","Timepoint 52",9.22563999891281,57,29
"2165","User #25313","Timepoint 53",9.01995730400085,57,29
"2166","User #25313","Timepoint 54",8.9577362537384,57,29
"2167","User #25313","Timepoint 55",9.38895252346992,57,29
"2168","User #25313","Timepoint 56",9.79723018407822,57,29
"2169","User #25313","Timepoint 57",8.54949781298637,57,29
"2170","User #25313","Timepoint 58",8.46917116641998,57,29
"2171","User #25313","Timepoint 59",8.34261786937714,57,29
"2172","User #25313","Timepoint 60",8.12839838862419,57,29
"2173","User #25313","Timepoint 61",7.85553750395775,57,29
"2174","User #25313","Timepoint 62",7.78896200656891,57,29
"2175","User #25313","Timepoint 63",8.06971713900566,57,29
"2176","User #25313","Timepoint 64",8.73973977565765,57,29
"2177","User #25348","Timepoint 1",0,57,29
"2178","User #25348","Timepoint 2",0,57,29
"2179","User #25348","Timepoint 3",0,57,29
"2180","User #25348","Timepoint 4",0,57,29
"2181","User #25348","Timepoint 5",0,57,29
"2182","User #25348","Timepoint 6",0,57,29
"2183","User #25348","Timepoint 7",0,57,29
"2184","User #25348","Timepoint 8",0,57,29
"2185","User #25348","Timepoint 9",0,57,29
"2186","User #25348","Timepoint 10",0,57,29
"2187","User #25348","Timepoint 11",0,57,29
"2188","User #25348","Timepoint 12",0,57,29
"2189","User #25348","Timepoint 13",0,57,29
"2190","User #25348","Timepoint 14",0,57,29
"2191","User #25348","Timepoint 15",0,57,29
"2192","User #25348","Timepoint 16",0,57,29
"2193","User #25348","Timepoint 17",NA,57,29
"2194","User #25348","Timepoint 18",NA,57,29
"2195","User #25348","Timepoint 19",NA,57,29
"2196","User #25348","Timepoint 20",NA,57,29
"2197","User #25348","Timepoint 21",NA,57,29
"2198","User #25348","Timepoint 22",NA,57,29
"2199","User #25348","Timepoint 23",NA,57,29
"2200","User #25348","Timepoint 24",NA,57,29
"2201","User #25348","Timepoint 25",9.66377687454224,57,29
"2202","User #25348","Timepoint 26",9.39702653884888,57,29
"2203","User #25348","Timepoint 27",9.13344997167587,57,29
"2204","User #25348","Timepoint 28",9.22734087705612,57,29
"2205","User #25348","Timepoint 29",9.40583938360214,57,29
"2206","User #25348","Timepoint 30",9.24018901586533,57,29
"2207","User #25348","Timepoint 31",9.58997070789337,57,29
"2208","User #25348","Timepoint 32",9.60165029764175,57,29
"2209","User #25348","Timepoint 33",9.16373711824417,57,29
"2210","User #25348","Timepoint 34",9.01871222257614,57,29
"2211","User #25348","Timepoint 35",8.72502106428146,57,29
"2212","User #25348","Timepoint 36",8.76773238182068,57,29
"2213","User #25348","Timepoint 37",8.88965791463852,57,29
"2214","User #25348","Timepoint 38",8.75887912511826,57,29
"2215","User #25348","Timepoint 39",8.89010977745056,57,29
"2216","User #25348","Timepoint 40",9.18138659000397,57,29
"2217","User #25348","Timepoint 41",8.58095675706863,57,29
"2218","User #25348","Timepoint 42",8.52373164892197,57,29
"2219","User #25348","Timepoint 43",8.34298902750015,57,29
"2220","User #25348","Timepoint 44",8.29195964336395,57,29
"2221","User #25348","Timepoint 45",8.25229495763779,57,29
"2222","User #25348","Timepoint 46",8.21080672740936,57,29
"2223","User #25348","Timepoint 47",8.28438499569893,57,29
"2224","User #25348","Timepoint 48",8.62006944417953,57,29
"2225","User #25348","Timepoint 49",8.33850258588791,57,29
"2226","User #25348","Timepoint 50",8.28998196125031,57,29
"2227","User #25348","Timepoint 51",8.18550992012024,57,29
"2228","User #25348","Timepoint 52",8.10719603300095,57,29
"2229","User #25348","Timepoint 53",8.04605078697205,57,29
"2230","User #25348","Timepoint 54",7.97585541009903,57,29
"2231","User #25348","Timepoint 55",8.1267883181572,57,29
"2232","User #25348","Timepoint 56",8.40363091230392,57,29
"2233","User #25348","Timepoint 57",8.92782735824585,57,29
"2234","User #25348","Timepoint 58",8.86544811725616,57,29
"2235","User #25348","Timepoint 59",8.66638278961182,57,29
"2236","User #25348","Timepoint 60",8.6153616309166,57,29
"2237","User #25348","Timepoint 61",8.56794840097427,57,29
"2238","User #25348","Timepoint 62",8.52624237537384,57,29
"2239","User #25348","Timepoint 63",8.66913849115372,57,29
"2240","User #25348","Timepoint 64",8.91407763957977,57,29
"2241","User #25359","Timepoint 1",0,57,29
"2242","User #25359","Timepoint 2",0,57,29
"2243","User #25359","Timepoint 3",0,57,29
"2244","User #25359","Timepoint 4",0,57,29
"2245","User #25359","Timepoint 5",0,57,29
"2246","User #25359","Timepoint 6",0,57,29
"2247","User #25359","Timepoint 7",0,57,29
"2248","User #25359","Timepoint 8",0,57,29
"2249","User #25359","Timepoint 9",0,57,29
"2250","User #25359","Timepoint 10",0,57,29
"2251","User #25359","Timepoint 11",0,57,29
"2252","User #25359","Timepoint 12",0,57,29
"2253","User #25359","Timepoint 13",0,57,29
"2254","User #25359","Timepoint 14",0,57,29
"2255","User #25359","Timepoint 15",0,57,29
"2256","User #25359","Timepoint 16",0,57,29
"2257","User #25359","Timepoint 17",NA,57,29
"2258","User #25359","Timepoint 18",NA,57,29
"2259","User #25359","Timepoint 19",NA,57,29
"2260","User #25359","Timepoint 20",NA,57,29
"2261","User #25359","Timepoint 21",NA,57,29
"2262","User #25359","Timepoint 22",NA,57,29
"2263","User #25359","Timepoint 23",NA,57,29
"2264","User #25359","Timepoint 24",NA,57,29
"2265","User #25359","Timepoint 25",9.61337780952454,57,29
"2266","User #25359","Timepoint 26",9.52797210216522,57,29
"2267","User #25359","Timepoint 27",9.36030542850494,57,29
"2268","User #25359","Timepoint 28",9.10556411743164,57,29
"2269","User #25359","Timepoint 29",8.9635089635849,57,29
"2270","User #25359","Timepoint 30",8.97620475292206,57,29
"2271","User #25359","Timepoint 31",9.32109361886978,57,29
"2272","User #25359","Timepoint 32",9.52083653211594,57,29
"2273","User #25359","Timepoint 33",8.88694500923157,57,29
"2274","User #25359","Timepoint 34",8.81846970319748,57,29
"2275","User #25359","Timepoint 35",8.64864265918732,57,29
"2276","User #25359","Timepoint 36",8.42493510246277,57,29
"2277","User #25359","Timepoint 37",8.41176173090935,57,29
"2278","User #25359","Timepoint 38",8.2674822807312,57,29
"2279","User #25359","Timepoint 39",8.55095511674881,57,29
"2280","User #25359","Timepoint 40",8.9708343744278,57,29
"2281","User #25359","Timepoint 41",7.82449638843536,57,29
"2282","User #25359","Timepoint 42",7.77422523498535,57,29
"2283","User #25359","Timepoint 43",7.70086741447449,57,29
"2284","User #25359","Timepoint 44",7.51387482881546,57,29
"2285","User #25359","Timepoint 45",7.35812297463417,57,29
"2286","User #25359","Timepoint 46",7.26653760671616,57,29
"2287","User #25359","Timepoint 47",7.47768378257751,57,29
"2288","User #25359","Timepoint 48",7.99105143547058,57,29
"2289","User #25359","Timepoint 49",7.99952274560928,57,29
"2290","User #25359","Timepoint 50",7.94695562124252,57,29
"2291","User #25359","Timepoint 51",7.8177717924118,57,29
"2292","User #25359","Timepoint 52",7.650710105896,57,29
"2293","User #25359","Timepoint 53",7.54827162623405,57,29
"2294","User #25359","Timepoint 54",7.42617747187614,57,29
"2295","User #25359","Timepoint 55",7.6351355612278,57,29
"2296","User #25359","Timepoint 56",8.16173082590103,57,29
"2297","User #25359","Timepoint 57",7.88412517309189,57,29
"2298","User #25359","Timepoint 58",7.82925373315811,57,29
"2299","User #25359","Timepoint 59",7.73515424132347,57,29
"2300","User #25359","Timepoint 60",7.56687021255493,57,29
"2301","User #25359","Timepoint 61",7.40773952007294,57,29
"2302","User #25359","Timepoint 62",7.3227304816246,57,29
"2303","User #25359","Timepoint 63",7.52825057506561,57,29
"2304","User #25359","Timepoint 64",8.03898340463638,57,29
"2305","User #25297","Timepoint 1",0,57,29
"2306","User #25297","Timepoint 2",0,57,29
"2307","User #25297","Timepoint 3",0,57,29
"2308","User #25297","Timepoint 4",0,57,29
"2309","User #25297","Timepoint 5",0,57,29
"2310","User #25297","Timepoint 6",0,57,29
"2311","User #25297","Timepoint 7",0,57,29
"2312","User #25297","Timepoint 8",0,57,29
"2313","User #25297","Timepoint 9",0,57,29
"2314","User #25297","Timepoint 10",0,57,29
"2315","User #25297","Timepoint 11",0,57,29
"2316","User #25297","Timepoint 12",0,57,29
"2317","User #25297","Timepoint 13",0,57,29
"2318","User #25297","Timepoint 14",0,57,29
"2319","User #25297","Timepoint 15",0,57,29
"2320","User #25297","Timepoint 16",0,57,29
"2321","User #25297","Timepoint 17",NA,57,29
"2322","User #25297","Timepoint 18",NA,57,29
"2323","User #25297","Timepoint 19",NA,57,29
"2324","User #25297","Timepoint 20",NA,57,29
"2325","User #25297","Timepoint 21",NA,57,29
"2326","User #25297","Timepoint 22",NA,57,29
"2327","User #25297","Timepoint 23",NA,57,29
"2328","User #25297","Timepoint 24",NA,57,29
"2329","User #25297","Timepoint 25",7.7094092965126,57,29
"2330","User #25297","Timepoint 26",7.48020219802856,57,29
"2331","User #25297","Timepoint 27",7.11152166128159,57,29
"2332","User #25297","Timepoint 28",7.35791027545929,57,29
"2333","User #25297","Timepoint 29",7.32550293207169,57,29
"2334","User #25297","Timepoint 30",7.24466955661774,57,29
"2335","User #25297","Timepoint 31",7.62664920091629,57,29
"2336","User #25297","Timepoint 32",7.53935563564301,57,29
"2337","User #25297","Timepoint 33",7.5463781952858,57,29
"2338","User #25297","Timepoint 34",7.43033975362778,57,29
"2339","User #25297","Timepoint 35",7.12145709991455,57,29
"2340","User #25297","Timepoint 36",7.22363388538361,57,29
"2341","User #25297","Timepoint 37",7.01685738563538,57,29
"2342","User #25297","Timepoint 38",7.05231332778931,57,29
"2343","User #25297","Timepoint 39",7.34171330928802,57,29
"2344","User #25297","Timepoint 40",7.31457078456879,57,29
"2345","User #25297","Timepoint 41",6.43487694859505,57,29
"2346","User #25297","Timepoint 42",6.40750688314438,57,29
"2347","User #25297","Timepoint 43",6.27468764781952,57,29
"2348","User #25297","Timepoint 44",6.21253827214241,57,29
"2349","User #25297","Timepoint 45",6.08021354675293,57,29
"2350","User #25297","Timepoint 46",6.05533391237259,57,29
"2351","User #25297","Timepoint 47",6.21041056513786,57,29
"2352","User #25297","Timepoint 48",6.444107234478,57,29
"2353","User #25297","Timepoint 49",6.76716125011444,57,29
"2354","User #25297","Timepoint 50",6.73271286487579,57,29
"2355","User #25297","Timepoint 51",6.5812349319458,57,29
"2356","User #25297","Timepoint 52",6.49028360843658,57,29
"2357","User #25297","Timepoint 53",6.30800318717957,57,29
"2358","User #25297","Timepoint 54",6.28040373325348,57,29
"2359","User #25297","Timepoint 55",6.45999133586884,57,29
"2360","User #25297","Timepoint 56",6.80597448348999,57,29
"2361","User #25297","Timepoint 57",7.19894337654114,57,29
"2362","User #25297","Timepoint 58",7.15175342559814,57,29
"2363","User #25297","Timepoint 59",6.9155410528183,57,29
"2364","User #25297","Timepoint 60",6.87957644462585,57,29
"2365","User #25297","Timepoint 61",6.66466629505157,57,29
"2366","User #25297","Timepoint 62",6.66709446907043,57,29
"2367","User #25297","Timepoint 63",6.88154101371765,57,29
"2368","User #25297","Timepoint 64",7.13772487640381,57,29
"2369","User #25309","Timepoint 1",0,57,29
"2370","User #25309","Timepoint 2",0,57,29
"2371","User #25309","Timepoint 3",0,57,29
"2372","User #25309","Timepoint 4",0,57,29
"2373","User #25309","Timepoint 5",0,57,29
"2374","User #25309","Timepoint 6",0,57,29
"2375","User #25309","Timepoint 7",0,57,29
"2376","User #25309","Timepoint 8",0,57,29
"2377","User #25309","Timepoint 9",0,57,29
"2378","User #25309","Timepoint 10",0,57,29
"2379","User #25309","Timepoint 11",0,57,29
"2380","User #25309","Timepoint 12",0,57,29
"2381","User #25309","Timepoint 13",0,57,29
"2382","User #25309","Timepoint 14",0,57,29
"2383","User #25309","Timepoint 15",0,57,29
"2384","User #25309","Timepoint 16",0,57,29
"2385","User #25309","Timepoint 17",NA,57,29
"2386","User #25309","Timepoint 18",NA,57,29
"2387","User #25309","Timepoint 19",NA,57,29
"2388","User #25309","Timepoint 20",NA,57,29
"2389","User #25309","Timepoint 21",NA,57,29
"2390","User #25309","Timepoint 22",NA,57,29
"2391","User #25309","Timepoint 23",NA,57,29
"2392","User #25309","Timepoint 24",NA,57,29
"2393","User #25309","Timepoint 25",12.4521064758301,57,29
"2394","User #25309","Timepoint 26",11.4589829444885,57,29
"2395","User #25309","Timepoint 27",10.9286958575249,57,29
"2396","User #25309","Timepoint 28",11.7511224746704,57,29
"2397","User #25309","Timepoint 29",11.6383457779884,57,29
"2398","User #25309","Timepoint 30",11.28043872118,57,29
"2399","User #25309","Timepoint 31",13.5696662664413,57,29
"2400","User #25309","Timepoint 32",11.7294731140137,57,29
"2401","User #25309","Timepoint 33",8.90724855661392,57,29
"2402","User #25309","Timepoint 34",8.82338190078735,57,29
"2403","User #25309","Timepoint 35",8.5468852519989,57,29
"2404","User #25309","Timepoint 36",8.3083667755127,57,29
"2405","User #25309","Timepoint 37",8.19372254610062,57,29
"2406","User #25309","Timepoint 38",8.00367438793182,57,29
"2407","User #25309","Timepoint 39",8.53620409965515,57,29
"2408","User #25309","Timepoint 40",8.96918672323227,57,29
"2409","User #25309","Timepoint 41",7.50310260057449,57,29
"2410","User #25309","Timepoint 42",7.42129039764404,57,29
"2411","User #25309","Timepoint 43",7.31751403212547,57,29
"2412","User #25309","Timepoint 44",7.09025895595551,57,29
"2413","User #25309","Timepoint 45",6.84176924824715,57,29
"2414","User #25309","Timepoint 46",6.72092942893505,57,29
"2415","User #25309","Timepoint 47",7.06026390194893,57,29
"2416","User #25309","Timepoint 48",7.71781921386719,57,29
"2417","User #25309","Timepoint 49",7.40537443757057,57,29
"2418","User #25309","Timepoint 50",7.31409773230553,57,29
"2419","User #25309","Timepoint 51",7.20808812975883,57,29
"2420","User #25309","Timepoint 52",7.00375518202782,57,29
"2421","User #25309","Timepoint 53",6.75063648819923,57,29
"2422","User #25309","Timepoint 54",6.63856710493565,57,29
"2423","User #25309","Timepoint 55",6.95227202773094,57,29
"2424","User #25309","Timepoint 56",7.62911182641983,57,29
"2425","User #25309","Timepoint 57",7.33046972751617,57,29
"2426","User #25309","Timepoint 58",7.23863330483437,57,29
"2427","User #25309","Timepoint 59",7.14139977097511,57,29
"2428","User #25309","Timepoint 60",6.94054967164993,57,29
"2429","User #25309","Timepoint 61",6.67842376232147,57,29
"2430","User #25309","Timepoint 62",6.57677163183689,57,29
"2431","User #25309","Timepoint 63",6.87584587931633,57,29
"2432","User #25309","Timepoint 64",7.56230497360229,57,29
"2433","User #25386","Timepoint 1",0,57,29
"2434","User #25386","Timepoint 2",0,57,29
"2435","User #25386","Timepoint 3",0,57,29
"2436","User #25386","Timepoint 4",0,57,29
"2437","User #25386","Timepoint 5",0,57,29
"2438","User #25386","Timepoint 6",0,57,29
"2439","User #25386","Timepoint 7",0,57,29
"2440","User #25386","Timepoint 8",0,57,29
"2441","User #25386","Timepoint 9",0,57,29
"2442","User #25386","Timepoint 10",0,57,29
"2443","User #25386","Timepoint 11",0,57,29
"2444","User #25386","Timepoint 12",0,57,29
"2445","User #25386","Timepoint 13",0,57,29
"2446","User #25386","Timepoint 14",0,57,29
"2447","User #25386","Timepoint 15",0,57,29
"2448","User #25386","Timepoint 16",0,57,29
"2449","User #25386","Timepoint 17",NA,57,29
"2450","User #25386","Timepoint 18",NA,57,29
"2451","User #25386","Timepoint 19",NA,57,29
"2452","User #25386","Timepoint 20",NA,57,29
"2453","User #25386","Timepoint 21",NA,57,29
"2454","User #25386","Timepoint 22",NA,57,29
"2455","User #25386","Timepoint 23",NA,57,29
"2456","User #25386","Timepoint 24",NA,57,29
"2457","User #25386","Timepoint 25",10.8931438922882,57,29
"2458","User #25386","Timepoint 26",10.7390267848969,57,29
"2459","User #25386","Timepoint 27",10.432950258255,57,29
"2460","User #25386","Timepoint 28",10.4850142002106,57,29
"2461","User #25386","Timepoint 29",10.4041061401367,57,29
"2462","User #25386","Timepoint 30",10.3308281898499,57,29
"2463","User #25386","Timepoint 31",10.8093855381012,57,29
"2464","User #25386","Timepoint 32",10.7578239440918,57,29
"2465","User #25386","Timepoint 33",10.1517736911774,57,29
"2466","User #25386","Timepoint 34",10.101470708847,57,29
"2467","User #25386","Timepoint 35",9.90976285934448,57,29
"2468","User #25386","Timepoint 36",9.81093263626099,57,29
"2469","User #25386","Timepoint 37",9.69574677944183,57,29
"2470","User #25386","Timepoint 38",9.57992553710938,57,29
"2471","User #25386","Timepoint 39",10.0312530994415,57,29
"2472","User #25386","Timepoint 40",10.0965864658356,57,29
"2473","User #25386","Timepoint 41",9.50300908088684,57,29
"2474","User #25386","Timepoint 42",9.45296907424927,57,29
"2475","User #25386","Timepoint 43",9.35835778713226,57,29
"2476","User #25386","Timepoint 44",9.25425159931183,57,29
"2477","User #25386","Timepoint 45",9.09743356704712,57,29
"2478","User #25386","Timepoint 46",9.04367673397064,57,29
"2479","User #25386","Timepoint 47",9.24101459980011,57,29
"2480","User #25386","Timepoint 48",9.59136080741882,57,29
"2481","User #25386","Timepoint 49",10.0035936832428,57,29
"2482","User #25386","Timepoint 50",9.92755842208862,57,29
"2483","User #25386","Timepoint 51",9.71978521347046,57,29
"2484","User #25386","Timepoint 52",9.70395541191101,57,29
"2485","User #25386","Timepoint 53",9.48973619937897,57,29
"2486","User #25386","Timepoint 54",9.47740983963013,57,29
"2487","User #25386","Timepoint 55",9.7608528137207,57,29
"2488","User #25386","Timepoint 56",9.94062066078186,57,29
"2489","User #25386","Timepoint 57",10.2208495140076,57,29
"2490","User #25386","Timepoint 58",10.1186220645905,57,29
"2491","User #25386","Timepoint 59",9.96112740039825,57,29
"2492","User #25386","Timepoint 60",9.88801527023315,57,29
"2493","User #25386","Timepoint 61",9.73909831047058,57,29
"2494","User #25386","Timepoint 62",9.66839241981506,57,29
"2495","User #25386","Timepoint 63",10.0668017864227,57,29
"2496","User #25386","Timepoint 64",10.1644690036774,57,29
"2497","User #25324","Timepoint 1",0,57,29
"2498","User #25324","Timepoint 2",0,57,29
"2499","User #25324","Timepoint 3",0,57,29
"2500","User #25324","Timepoint 4",0,57,29
"2501","User #25324","Timepoint 5",0,57,29
"2502","User #25324","Timepoint 6",0,57,29
"2503","User #25324","Timepoint 7",0,57,29
"2504","User #25324","Timepoint 8",0,57,29
"2505","User #25324","Timepoint 9",0,57,29
"2506","User #25324","Timepoint 10",0,57,29
"2507","User #25324","Timepoint 11",0,57,29
"2508","User #25324","Timepoint 12",0,57,29
"2509","User #25324","Timepoint 13",0,57,29
"2510","User #25324","Timepoint 14",0,57,29
"2511","User #25324","Timepoint 15",0,57,29
"2512","User #25324","Timepoint 16",0,57,29
"2513","User #25324","Timepoint 17",NA,57,29
"2514","User #25324","Timepoint 18",NA,57,29
"2515","User #25324","Timepoint 19",NA,57,29
"2516","User #25324","Timepoint 20",NA,57,29
"2517","User #25324","Timepoint 21",NA,57,29
"2518","User #25324","Timepoint 22",NA,57,29
"2519","User #25324","Timepoint 23",NA,57,29
"2520","User #25324","Timepoint 24",NA,57,29
"2521","User #25324","Timepoint 25",10.8101029396057,57,29
"2522","User #25324","Timepoint 26",10.700665473938,57,29
"2523","User #25324","Timepoint 27",10.1331839561462,57,29
"2524","User #25324","Timepoint 28",10.0911521911621,57,29
"2525","User #25324","Timepoint 29",9.82882881164551,57,29
"2526","User #25324","Timepoint 30",9.84032297134399,57,29
"2527","User #25324","Timepoint 31",10.1336989402771,57,29
"2528","User #25324","Timepoint 32",10.8009181022644,57,29
"2529","User #25324","Timepoint 33",11.1498246192932,57,29
"2530","User #25324","Timepoint 34",11.0695071220398,57,29
"2531","User #25324","Timepoint 35",10.3036422729492,57,29
"2532","User #25324","Timepoint 36",10.3912615776062,57,29
"2533","User #25324","Timepoint 37",10.0499577522278,57,29
"2534","User #25324","Timepoint 38",10.1865849494934,57,29
"2535","User #25324","Timepoint 39",10.359806060791,57,29
"2536","User #25324","Timepoint 40",11.0391063690186,57,29
"2537","User #25324","Timepoint 41",9.81105518341064,57,29
"2538","User #25324","Timepoint 42",9.70024275779724,57,29
"2539","User #25324","Timepoint 43",9.24683785438538,57,29
"2540","User #25324","Timepoint 44",9.20020341873169,57,29
"2541","User #25324","Timepoint 45",8.82497000694275,57,29
"2542","User #25324","Timepoint 46",8.89085817337036,57,29
"2543","User #25324","Timepoint 47",9.10933899879456,57,29
"2544","User #25324","Timepoint 48",9.83637285232544,57,29
"2545","User #25324","Timepoint 49",9.97787547111511,57,29
"2546","User #25324","Timepoint 50",9.8568263053894,57,29
"2547","User #25324","Timepoint 51",9.23653972148895,57,29
"2548","User #25324","Timepoint 52",9.38628888130188,57,29
"2549","User #25324","Timepoint 53",9.02158176898956,57,29
"2550","User #25324","Timepoint 54",9.24274957180023,57,29
"2551","User #25324","Timepoint 55",9.30510377883911,57,29
"2552","User #25324","Timepoint 56",9.78685140609741,57,29
"2553","User #25324","Timepoint 57",8.95526057481766,57,29
"2554","User #25324","Timepoint 58",8.86317908763885,57,29
"2555","User #25324","Timepoint 59",8.48922854661942,57,29
"2556","User #25324","Timepoint 60",8.46842157840729,57,29
"2557","User #25324","Timepoint 61",8.25364601612091,57,29
"2558","User #25324","Timepoint 62",8.25631427764893,57,29
"2559","User #25324","Timepoint 63",8.43683516979218,57,29
"2560","User #25324","Timepoint 64",8.98871254920959,57,29
"2561","User #25389","Timepoint 1",0,57,29
"2562","User #25389","Timepoint 2",0,57,29
"2563","User #25389","Timepoint 3",0,57,29
"2564","User #25389","Timepoint 4",0,57,29
"2565","User #25389","Timepoint 5",0,57,29
"2566","User #25389","Timepoint 6",0,57,29
"2567","User #25389","Timepoint 7",0,57,29
"2568","User #25389","Timepoint 8",0,57,29
"2569","User #25389","Timepoint 9",0,57,29
"2570","User #25389","Timepoint 10",0,57,29
"2571","User #25389","Timepoint 11",0,57,29
"2572","User #25389","Timepoint 12",0,57,29
"2573","User #25389","Timepoint 13",0,57,29
"2574","User #25389","Timepoint 14",0,57,29
"2575","User #25389","Timepoint 15",0,57,29
"2576","User #25389","Timepoint 16",0,57,29
"2577","User #25389","Timepoint 17",NA,57,29
"2578","User #25389","Timepoint 18",NA,57,29
"2579","User #25389","Timepoint 19",NA,57,29
"2580","User #25389","Timepoint 20",NA,57,29
"2581","User #25389","Timepoint 21",NA,57,29
"2582","User #25389","Timepoint 22",NA,57,29
"2583","User #25389","Timepoint 23",NA,57,29
"2584","User #25389","Timepoint 24",NA,57,29
"2585","User #25389","Timepoint 25",7.41177275776863,57,29
"2586","User #25389","Timepoint 26",7.35489308834076,57,29
"2587","User #25389","Timepoint 27",7.22527056932449,57,29
"2588","User #25389","Timepoint 28",7.01942682266235,57,29
"2589","User #25389","Timepoint 29",6.90316423773766,57,29
"2590","User #25389","Timepoint 30",6.79861903190613,57,29
"2591","User #25389","Timepoint 31",7.09080532193184,57,29
"2592","User #25389","Timepoint 32",7.51526594161987,57,29
"2593","User #25389","Timepoint 33",7.05470830202103,57,29
"2594","User #25389","Timepoint 34",7.01127260923386,57,29
"2595","User #25389","Timepoint 35",6.87148600816727,57,29
"2596","User #25389","Timepoint 36",6.71703413128853,57,29
"2597","User #25389","Timepoint 37",6.53711199760437,57,29
"2598","User #25389","Timepoint 38",6.48484528064728,57,29
"2599","User #25389","Timepoint 39",6.67253375053406,57,29
"2600","User #25389","Timepoint 40",7.17656075954437,57,29
"2601","User #25389","Timepoint 41",7.05246597528458,57,29
"2602","User #25389","Timepoint 42",6.99663609266281,57,29
"2603","User #25389","Timepoint 43",6.84729740023613,57,29
"2604","User #25389","Timepoint 44",6.71294167637825,57,29
"2605","User #25389","Timepoint 45",6.52423202991486,57,29
"2606","User #25389","Timepoint 46",6.48076072335243,57,29
"2607","User #25389","Timepoint 47",6.66334763169289,57,29
"2608","User #25389","Timepoint 48",7.15901076793671,57,29
"2609","User #25389","Timepoint 49",7.25967222452164,57,29
"2610","User #25389","Timepoint 50",7.17238456010818,57,29
"2611","User #25389","Timepoint 51",7.02517348527908,57,29
"2612","User #25389","Timepoint 52",6.88374561071396,57,29
"2613","User #25389","Timepoint 53",6.66502541303635,57,29
"2614","User #25389","Timepoint 54",6.57597303390503,57,29
"2615","User #25389","Timepoint 55",6.84287804365158,57,29
"2616","User #25389","Timepoint 56",7.40893483161926,57,29
"2617","User #25389","Timepoint 57",7.29979574680328,57,29
"2618","User #25389","Timepoint 58",7.20389211177826,57,29
"2619","User #25389","Timepoint 59",7.06388688087463,57,29
"2620","User #25389","Timepoint 60",6.91598415374756,57,29
"2621","User #25389","Timepoint 61",6.70746600627899,57,29
"2622","User #25389","Timepoint 62",6.61078828573227,57,29
"2623","User #25389","Timepoint 63",6.90881764888763,57,29
"2624","User #25389","Timepoint 64",7.44088852405548,57,29
"2625","User #25323","Timepoint 1",0,57,29
"2626","User #25323","Timepoint 2",0,57,29
"2627","User #25323","Timepoint 3",0,57,29
"2628","User #25323","Timepoint 4",0,57,29
"2629","User #25323","Timepoint 5",0,57,29
"2630","User #25323","Timepoint 6",0,57,29
"2631","User #25323","Timepoint 7",0,57,29
"2632","User #25323","Timepoint 8",0,57,29
"2633","User #25323","Timepoint 9",0,57,29
"2634","User #25323","Timepoint 10",0,57,29
"2635","User #25323","Timepoint 11",0,57,29
"2636","User #25323","Timepoint 12",0,57,29
"2637","User #25323","Timepoint 13",0,57,29
"2638","User #25323","Timepoint 14",0,57,29
"2639","User #25323","Timepoint 15",0,57,29
"2640","User #25323","Timepoint 16",0,57,29
"2641","User #25323","Timepoint 17",NA,57,29
"2642","User #25323","Timepoint 18",NA,57,29
"2643","User #25323","Timepoint 19",NA,57,29
"2644","User #25323","Timepoint 20",NA,57,29
"2645","User #25323","Timepoint 21",NA,57,29
"2646","User #25323","Timepoint 22",NA,57,29
"2647","User #25323","Timepoint 23",NA,57,29
"2648","User #25323","Timepoint 24",NA,57,29
"2649","User #25323","Timepoint 25",11.8806349039078,57,29
"2650","User #25323","Timepoint 26",11.1055401563644,57,29
"2651","User #25323","Timepoint 27",10.9877890348434,57,29
"2652","User #25323","Timepoint 28",11.3384467363358,57,29
"2653","User #25323","Timepoint 29",10.9816950559616,57,29
"2654","User #25323","Timepoint 30",10.9028227329254,57,29
"2655","User #25323","Timepoint 31",12.6947350502014,57,29
"2656","User #25323","Timepoint 32",11.2149274349213,57,29
"2657","User #25323","Timepoint 33",9.30273699760437,57,29
"2658","User #25323","Timepoint 34",9.15317380428314,57,29
"2659","User #25323","Timepoint 35",9.01910054683685,57,29
"2660","User #25323","Timepoint 36",8.85733187198639,57,29
"2661","User #25323","Timepoint 37",8.53320229053497,57,29
"2662","User #25323","Timepoint 38",8.46843338012695,57,29
"2663","User #25323","Timepoint 39",9.16781401634216,57,29
"2664","User #25323","Timepoint 40",9.16924166679382,57,29
"2665","User #25323","Timepoint 41",8.24958872795105,57,29
"2666","User #25323","Timepoint 42",8.16392666101456,57,29
"2667","User #25323","Timepoint 43",8.06011390686035,57,29
"2668","User #25323","Timepoint 44",7.88000679016113,57,29
"2669","User #25323","Timepoint 45",7.66040629148483,57,29
"2670","User #25323","Timepoint 46",7.56057572364807,57,29
"2671","User #25323","Timepoint 47",7.88264107704163,57,29
"2672","User #25323","Timepoint 48",8.396364569664,57,29
"2673","User #25323","Timepoint 49",8.81655693054199,57,29
"2674","User #25323","Timepoint 50",8.68910229206085,57,29
"2675","User #25323","Timepoint 51",8.52684777975082,57,29
"2676","User #25323","Timepoint 52",8.37349462509155,57,29
"2677","User #25323","Timepoint 53",8.21929335594177,57,29
"2678","User #25323","Timepoint 54",8.07023370265961,57,29
"2679","User #25323","Timepoint 55",8.50582820177078,57,29
"2680","User #25323","Timepoint 56",8.89738619327545,57,29
"2681","User #25323","Timepoint 57",8.53776508569717,57,29
"2682","User #25323","Timepoint 58",8.43191027641296,57,29
"2683","User #25323","Timepoint 59",8.33093744516373,57,29
"2684","User #25323","Timepoint 60",8.14956700801849,57,29
"2685","User #25323","Timepoint 61",7.90184783935547,57,29
"2686","User #25323","Timepoint 62",7.82104218006134,57,29
"2687","User #25323","Timepoint 63",8.21272069215775,57,29
"2688","User #25323","Timepoint 64",8.6225574016571,57,29
"2689","User #25306","Timepoint 1",0,57,29
"2690","User #25306","Timepoint 2",0,57,29
"2691","User #25306","Timepoint 3",0,57,29
"2692","User #25306","Timepoint 4",0,57,29
"2693","User #25306","Timepoint 5",0,57,29
"2694","User #25306","Timepoint 6",0,57,29
"2695","User #25306","Timepoint 7",0,57,29
"2696","User #25306","Timepoint 8",0,57,29
"2697","User #25306","Timepoint 9",0,57,29
"2698","User #25306","Timepoint 10",0,57,29
"2699","User #25306","Timepoint 11",0,57,29
"2700","User #25306","Timepoint 12",0,57,29
"2701","User #25306","Timepoint 13",0,57,29
"2702","User #25306","Timepoint 14",0,57,29
"2703","User #25306","Timepoint 15",0,57,29
"2704","User #25306","Timepoint 16",0,57,29
"2705","User #25306","Timepoint 17",NA,57,29
"2706","User #25306","Timepoint 18",NA,57,29
"2707","User #25306","Timepoint 19",NA,57,29
"2708","User #25306","Timepoint 20",NA,57,29
"2709","User #25306","Timepoint 21",NA,57,29
"2710","User #25306","Timepoint 22",NA,57,29
"2711","User #25306","Timepoint 23",NA,57,29
"2712","User #25306","Timepoint 24",NA,57,29
"2713","User #25306","Timepoint 25",8.17634510993958,57,29
"2714","User #25306","Timepoint 26",8.06192672252655,57,29
"2715","User #25306","Timepoint 27",7.92052280902863,57,29
"2716","User #25306","Timepoint 28",7.81506532430649,57,29
"2717","User #25306","Timepoint 29",7.86721533536911,57,29
"2718","User #25306","Timepoint 30",7.82342004776001,57,29
"2719","User #25306","Timepoint 31",8.00956910848618,57,29
"2720","User #25306","Timepoint 32",8.15089935064316,57,29
"2721","User #25306","Timepoint 33",8.33531069755554,57,29
"2722","User #25306","Timepoint 34",8.25934964418411,57,29
"2723","User #25306","Timepoint 35",7.9411763548851,57,29
"2724","User #25306","Timepoint 36",7.93614649772644,57,29
"2725","User #25306","Timepoint 37",8.06396198272705,57,29
"2726","User #25306","Timepoint 38",8.01297014951706,57,29
"2727","User #25306","Timepoint 39",8.02588981389999,57,29
"2728","User #25306","Timepoint 40",8.36128556728363,57,29
"2729","User #25306","Timepoint 41",7.6803987622261,57,29
"2730","User #25306","Timepoint 42",7.64786732196808,57,29
"2731","User #25306","Timepoint 43",7.50030773878098,57,29
"2732","User #25306","Timepoint 44",7.39996737241745,57,29
"2733","User #25306","Timepoint 45",7.41111427545547,57,29
"2734","User #25306","Timepoint 46",7.33438539505005,57,29
"2735","User #25306","Timepoint 47",7.42988374829292,57,29
"2736","User #25306","Timepoint 48",7.76524096727371,57,29
"2737","User #25306","Timepoint 49",8.29043966531754,57,29
"2738","User #25306","Timepoint 50",8.20332813262939,57,29
"2739","User #25306","Timepoint 51",7.84157681465149,57,29
"2740","User #25306","Timepoint 52",7.92621320486069,57,29
"2741","User #25306","Timepoint 53",7.97133636474609,57,29
"2742","User #25306","Timepoint 54",7.93587309122086,57,29
"2743","User #25306","Timepoint 55",7.98282963037491,57,29
"2744","User #25306","Timepoint 56",8.27723622322083,57,29
"2745","User #25306","Timepoint 57",9.18416833877563,57,29
"2746","User #25306","Timepoint 58",8.7218599319458,57,29
"2747","User #25306","Timepoint 59",8.40833061933517,57,29
"2748","User #25306","Timepoint 60",8.70076471567154,57,29
"2749","User #25306","Timepoint 61",9.18429529666901,57,29
"2750","User #25306","Timepoint 62",8.75264972448349,57,29
"2751","User #25306","Timepoint 63",9.4734925031662,57,29
"2752","User #25306","Timepoint 64",9.14161455631256,57,29
"2753","User #25381","Timepoint 1",0,57,29
"2754","User #25381","Timepoint 2",0,57,29
"2755","User #25381","Timepoint 3",0,57,29
"2756","User #25381","Timepoint 4",0,57,29
"2757","User #25381","Timepoint 5",0,57,29
"2758","User #25381","Timepoint 6",0,57,29
"2759","User #25381","Timepoint 7",0,57,29
"2760","User #25381","Timepoint 8",0,57,29
"2761","User #25381","Timepoint 9",0,57,29
"2762","User #25381","Timepoint 10",0,57,29
"2763","User #25381","Timepoint 11",0,57,29
"2764","User #25381","Timepoint 12",0,57,29
"2765","User #25381","Timepoint 13",0,57,29
"2766","User #25381","Timepoint 14",0,57,29
"2767","User #25381","Timepoint 15",0,57,29
"2768","User #25381","Timepoint 16",0,57,29
"2769","User #25381","Timepoint 17",NA,57,29
"2770","User #25381","Timepoint 18",NA,57,29
"2771","User #25381","Timepoint 19",NA,57,29
"2772","User #25381","Timepoint 20",NA,57,29
"2773","User #25381","Timepoint 21",NA,57,29
"2774","User #25381","Timepoint 22",NA,57,29
"2775","User #25381","Timepoint 23",NA,57,29
"2776","User #25381","Timepoint 24",NA,57,29
"2777","User #25381","Timepoint 25",9.14907646179199,57,29
"2778","User #25381","Timepoint 26",9.02281165122986,57,29
"2779","User #25381","Timepoint 27",8.84785604476929,57,29
"2780","User #25381","Timepoint 28",8.79592883586884,57,29
"2781","User #25381","Timepoint 29",8.78306615352631,57,29
"2782","User #25381","Timepoint 30",8.60104036331177,57,29
"2783","User #25381","Timepoint 31",8.9711639881134,57,29
"2784","User #25381","Timepoint 32",9.17998075485229,57,29
"2785","User #25381","Timepoint 33",9.8761932849884,57,29
"2786","User #25381","Timepoint 34",9.62459373474121,57,29
"2787","User #25381","Timepoint 35",9.29728531837463,57,29
"2788","User #25381","Timepoint 36",9.44015192985535,57,29
"2789","User #25381","Timepoint 37",9.42190003395081,57,29
"2790","User #25381","Timepoint 38",9.24050498008728,57,29
"2791","User #25381","Timepoint 39",9.77481746673584,57,29
"2792","User #25381","Timepoint 40",9.72026681900024,57,29
"2793","User #25381","Timepoint 41",8.6438775062561,57,29
"2794","User #25381","Timepoint 42",8.58097410202026,57,29
"2795","User #25381","Timepoint 43",8.48408508300781,57,29
"2796","User #25381","Timepoint 44",8.36767077445984,57,29
"2797","User #25381","Timepoint 45",8.27461135387421,57,29
"2798","User #25381","Timepoint 46",8.15973460674286,57,29
"2799","User #25381","Timepoint 47",8.39899432659149,57,29
"2800","User #25381","Timepoint 48",8.74101901054382,57,29
"2801","User #25381","Timepoint 49",8.97923791408539,57,29
"2802","User #25381","Timepoint 50",8.84876668453217,57,29
"2803","User #25381","Timepoint 51",8.71427941322327,57,29
"2804","User #25381","Timepoint 52",8.68179130554199,57,29
"2805","User #25381","Timepoint 53",8.57549691200256,57,29
"2806","User #25381","Timepoint 54",8.43416142463684,57,29
"2807","User #25381","Timepoint 55",8.7899751663208,57,29
"2808","User #25381","Timepoint 56",8.97225975990295,57,29
"2809","User #25381","Timepoint 57",9.02996778488159,57,29
"2810","User #25381","Timepoint 58",8.91643476486206,57,29
"2811","User #25381","Timepoint 59",8.79575908184052,57,29
"2812","User #25381","Timepoint 60",8.72414433956146,57,29
"2813","User #25381","Timepoint 61",8.61381101608276,57,29
"2814","User #25381","Timepoint 62",8.48648929595947,57,29
"2815","User #25381","Timepoint 63",8.82922458648682,57,29
"2816","User #25381","Timepoint 64",9.03588843345642,57,29
"2817","User #25375","Timepoint 1",0,57,29
"2818","User #25375","Timepoint 2",0,57,29
"2819","User #25375","Timepoint 3",0,57,29
"2820","User #25375","Timepoint 4",0,57,29
"2821","User #25375","Timepoint 5",0,57,29
"2822","User #25375","Timepoint 6",0,57,29
"2823","User #25375","Timepoint 7",0,57,29
"2824","User #25375","Timepoint 8",0,57,29
"2825","User #25375","Timepoint 9",0,57,29
"2826","User #25375","Timepoint 10",0,57,29
"2827","User #25375","Timepoint 11",0,57,29
"2828","User #25375","Timepoint 12",0,57,29
"2829","User #25375","Timepoint 13",0,57,29
"2830","User #25375","Timepoint 14",0,57,29
"2831","User #25375","Timepoint 15",0,57,29
"2832","User #25375","Timepoint 16",0,57,29
"2833","User #25375","Timepoint 17",NA,57,29
"2834","User #25375","Timepoint 18",NA,57,29
"2835","User #25375","Timepoint 19",NA,57,29
"2836","User #25375","Timepoint 20",NA,57,29
"2837","User #25375","Timepoint 21",NA,57,29
"2838","User #25375","Timepoint 22",NA,57,29
"2839","User #25375","Timepoint 23",NA,57,29
"2840","User #25375","Timepoint 24",NA,57,29
"2841","User #25375","Timepoint 25",13.1049121022224,57,29
"2842","User #25375","Timepoint 26",13.053894340992,57,29
"2843","User #25375","Timepoint 27",12.6934252977371,57,29
"2844","User #25375","Timepoint 28",12.0743773579597,57,29
"2845","User #25375","Timepoint 29",12.3859524130821,57,29
"2846","User #25375","Timepoint 30",12.1119583249092,57,29
"2847","User #25375","Timepoint 31",12.4062417149544,57,29
"2848","User #25375","Timepoint 32",13.3635580539703,57,29
"2849","User #25375","Timepoint 33",11.5046815276146,57,29
"2850","User #25375","Timepoint 34",11.3652364313602,57,29
"2851","User #25375","Timepoint 35",10.8909690380096,57,29
"2852","User #25375","Timepoint 36",10.7034804821014,57,29
"2853","User #25375","Timepoint 37",10.7126724123955,57,29
"2854","User #25375","Timepoint 38",10.4193669557571,57,29
"2855","User #25375","Timepoint 39",10.7392590045929,57,29
"2856","User #25375","Timepoint 40",11.7674232125282,57,29
"2857","User #25375","Timepoint 41",10.4880889058113,57,29
"2858","User #25375","Timepoint 42",10.37281909585,57,29
"2859","User #25375","Timepoint 43",10.1899468898773,57,29
"2860","User #25375","Timepoint 44",9.88362386822701,57,29
"2861","User #25375","Timepoint 45",9.70126503705978,57,29
"2862","User #25375","Timepoint 46",9.45640778541565,57,29
"2863","User #25375","Timepoint 47",9.85338088870049,57,29
"2864","User #25375","Timepoint 48",10.7968503236771,57,29
"2865","User #25375","Timepoint 49",10.9727664887905,57,29
"2866","User #25375","Timepoint 50",10.8740829229355,57,29
"2867","User #25375","Timepoint 51",10.5427091419697,57,29
"2868","User #25375","Timepoint 52",10.2318998575211,57,29
"2869","User #25375","Timepoint 53",10.2753672003746,57,29
"2870","User #25375","Timepoint 54",9.88542711734772,57,29
"2871","User #25375","Timepoint 55",10.2145993411541,57,29
"2872","User #25375","Timepoint 56",11.3473828434944,57,29
"2873","User #25375","Timepoint 57",11.5877404212952,57,29
"2874","User #25375","Timepoint 58",11.4369321465492,57,29
"2875","User #25375","Timepoint 59",10.8834137916565,57,29
"2876","User #25375","Timepoint 60",10.7311120629311,57,29
"2877","User #25375","Timepoint 61",10.7733064293861,57,29
"2878","User #25375","Timepoint 62",10.4739128947258,57,29
"2879","User #25375","Timepoint 63",10.6880502700806,57,29
"2880","User #25375","Timepoint 64",11.8225667476654,57,29
"2881","User #25360","Timepoint 1",0,57,29
"2882","User #25360","Timepoint 2",0,57,29
"2883","User #25360","Timepoint 3",0,57,29
"2884","User #25360","Timepoint 4",0,57,29
"2885","User #25360","Timepoint 5",0,57,29
"2886","User #25360","Timepoint 6",0,57,29
"2887","User #25360","Timepoint 7",0,57,29
"2888","User #25360","Timepoint 8",0,57,29
"2889","User #25360","Timepoint 9",0,57,29
"2890","User #25360","Timepoint 10",0,57,29
"2891","User #25360","Timepoint 11",0,57,29
"2892","User #25360","Timepoint 12",0,57,29
"2893","User #25360","Timepoint 13",0,57,29
"2894","User #25360","Timepoint 14",0,57,29
"2895","User #25360","Timepoint 15",0,57,29
"2896","User #25360","Timepoint 16",0,57,29
"2897","User #25360","Timepoint 17",NA,57,29
"2898","User #25360","Timepoint 18",NA,57,29
"2899","User #25360","Timepoint 19",NA,57,29
"2900","User #25360","Timepoint 20",NA,57,29
"2901","User #25360","Timepoint 21",NA,57,29
"2902","User #25360","Timepoint 22",NA,57,29
"2903","User #25360","Timepoint 23",NA,57,29
"2904","User #25360","Timepoint 24",NA,57,29
"2905","User #25360","Timepoint 25",7.74615287780762,57,29
"2906","User #25360","Timepoint 26",7.70391941070557,57,29
"2907","User #25360","Timepoint 27",7.48155862092972,57,29
"2908","User #25360","Timepoint 28",7.32608005404472,57,29
"2909","User #25360","Timepoint 29",7.23485842347145,57,29
"2910","User #25360","Timepoint 30",7.16368287801743,57,29
"2911","User #25360","Timepoint 31",7.39486083388329,57,29
"2912","User #25360","Timepoint 32",7.83248782157898,57,29
"2913","User #25360","Timepoint 33",7.9962146282196,57,29
"2914","User #25360","Timepoint 34",7.98565655946732,57,29
"2915","User #25360","Timepoint 35",7.65544384717941,57,29
"2916","User #25360","Timepoint 36",7.56428360939026,57,29
"2917","User #25360","Timepoint 37",7.23284214735031,57,29
"2918","User #25360","Timepoint 38",7.40202844142914,57,29
"2919","User #25360","Timepoint 39",7.43423536419868,57,29
"2920","User #25360","Timepoint 40",7.90831029415131,57,29
"2921","User #25360","Timepoint 41",7.58583277463913,57,29
"2922","User #25360","Timepoint 42",7.5568351149559,57,29
"2923","User #25360","Timepoint 43",7.41100296378136,57,29
"2924","User #25360","Timepoint 44",7.23096758127213,57,29
"2925","User #25360","Timepoint 45",6.87027513980865,57,29
"2926","User #25360","Timepoint 46",6.96634203195572,57,29
"2927","User #25360","Timepoint 47",7.19377517700195,57,29
"2928","User #25360","Timepoint 48",7.5465852022171,57,29
"2929","User #25360","Timepoint 49",7.60282516479492,57,29
"2930","User #25360","Timepoint 50",7.57291615009308,57,29
"2931","User #25360","Timepoint 51",7.35838711261749,57,29
"2932","User #25360","Timepoint 52",7.24433928728104,57,29
"2933","User #25360","Timepoint 53",6.84592187404633,57,29
"2934","User #25360","Timepoint 54",6.97992384433746,57,29
"2935","User #25360","Timepoint 55",7.14723810553551,57,29
"2936","User #25360","Timepoint 56",7.54159033298492,57,29
"2937","User #25360","Timepoint 57",8.84587228298187,57,29
"2938","User #25360","Timepoint 58",8.90860348939896,57,29
"2939","User #25360","Timepoint 59",8.62720549106598,57,29
"2940","User #25360","Timepoint 60",8.3424910902977,57,29
"2941","User #25360","Timepoint 61",7.95176357030869,57,29
"2942","User #25360","Timepoint 62",8.16996365785599,57,29
"2943","User #25360","Timepoint 63",8.39441239833832,57,29
"2944","User #25360","Timepoint 64",8.66630434989929,57,29
"2945","User #25350","Timepoint 1",0,57,29
"2946","User #25350","Timepoint 2",0,57,29
"2947","User #25350","Timepoint 3",0,57,29
"2948","User #25350","Timepoint 4",0,57,29
"2949","User #25350","Timepoint 5",0,57,29
"2950","User #25350","Timepoint 6",0,57,29
"2951","User #25350","Timepoint 7",0,57,29
"2952","User #25350","Timepoint 8",0,57,29
"2953","User #25350","Timepoint 9",0,57,29
"2954","User #25350","Timepoint 10",0,57,29
"2955","User #25350","Timepoint 11",0,57,29
"2956","User #25350","Timepoint 12",0,57,29
"2957","User #25350","Timepoint 13",0,57,29
"2958","User #25350","Timepoint 14",0,57,29
"2959","User #25350","Timepoint 15",0,57,29
"2960","User #25350","Timepoint 16",0,57,29
"2961","User #25350","Timepoint 17",NA,57,29
"2962","User #25350","Timepoint 18",NA,57,29
"2963","User #25350","Timepoint 19",NA,57,29
"2964","User #25350","Timepoint 20",NA,57,29
"2965","User #25350","Timepoint 21",NA,57,29
"2966","User #25350","Timepoint 22",NA,57,29
"2967","User #25350","Timepoint 23",NA,57,29
"2968","User #25350","Timepoint 24",NA,57,29
"2969","User #25350","Timepoint 25",9.66377687454224,57,29
"2970","User #25350","Timepoint 26",9.39702653884888,57,29
"2971","User #25350","Timepoint 27",9.13344997167587,57,29
"2972","User #25350","Timepoint 28",9.22734087705612,57,29
"2973","User #25350","Timepoint 29",9.40583938360214,57,29
"2974","User #25350","Timepoint 30",9.24018901586533,57,29
"2975","User #25350","Timepoint 31",9.58997070789337,57,29
"2976","User #25350","Timepoint 32",9.60165029764175,57,29
"2977","User #25350","Timepoint 33",9.16373711824417,57,29
"2978","User #25350","Timepoint 34",9.01871222257614,57,29
"2979","User #25350","Timepoint 35",8.72502106428146,57,29
"2980","User #25350","Timepoint 36",8.76773238182068,57,29
"2981","User #25350","Timepoint 37",8.88965791463852,57,29
"2982","User #25350","Timepoint 38",8.75887912511826,57,29
"2983","User #25350","Timepoint 39",8.89010977745056,57,29
"2984","User #25350","Timepoint 40",9.18138659000397,57,29
"2985","User #25350","Timepoint 41",8.58095675706863,57,29
"2986","User #25350","Timepoint 42",8.52373164892197,57,29
"2987","User #25350","Timepoint 43",8.34298902750015,57,29
"2988","User #25350","Timepoint 44",8.29195964336395,57,29
"2989","User #25350","Timepoint 45",8.25229495763779,57,29
"2990","User #25350","Timepoint 46",8.21080672740936,57,29
"2991","User #25350","Timepoint 47",8.28438499569893,57,29
"2992","User #25350","Timepoint 48",8.62006944417953,57,29
"2993","User #25350","Timepoint 49",8.33850258588791,57,29
"2994","User #25350","Timepoint 50",8.28998196125031,57,29
"2995","User #25350","Timepoint 51",8.18550992012024,57,29
"2996","User #25350","Timepoint 52",8.10719603300095,57,29
"2997","User #25350","Timepoint 53",8.04605078697205,57,29
"2998","User #25350","Timepoint 54",7.97585541009903,57,29
"2999","User #25350","Timepoint 55",8.1267883181572,57,29
"3000","User #25350","Timepoint 56",8.40363091230392,57,29
"3001","User #25350","Timepoint 57",8.92782735824585,57,29
"3002","User #25350","Timepoint 58",8.86544811725616,57,29
"3003","User #25350","Timepoint 59",8.66638278961182,57,29
"3004","User #25350","Timepoint 60",8.6153616309166,57,29
"3005","User #25350","Timepoint 61",8.56794840097427,57,29
"3006","User #25350","Timepoint 62",8.52624237537384,57,29
"3007","User #25350","Timepoint 63",8.66913849115372,57,29
"3008","User #25350","Timepoint 64",8.91407763957977,57,29
"3009","User #25328","Timepoint 1",0,57,29
"3010","User #25328","Timepoint 2",0,57,29
"3011","User #25328","Timepoint 3",0,57,29
"3012","User #25328","Timepoint 4",0,57,29
"3013","User #25328","Timepoint 5",0,57,29
"3014","User #25328","Timepoint 6",0,57,29
"3015","User #25328","Timepoint 7",0,57,29
"3016","User #25328","Timepoint 8",0,57,29
"3017","User #25328","Timepoint 9",0,57,29
"3018","User #25328","Timepoint 10",0,57,29
"3019","User #25328","Timepoint 11",0,57,29
"3020","User #25328","Timepoint 12",0,57,29
"3021","User #25328","Timepoint 13",0,57,29
"3022","User #25328","Timepoint 14",0,57,29
"3023","User #25328","Timepoint 15",0,57,29
"3024","User #25328","Timepoint 16",0,57,29
"3025","User #25328","Timepoint 17",NA,57,29
"3026","User #25328","Timepoint 18",NA,57,29
"3027","User #25328","Timepoint 19",NA,57,29
"3028","User #25328","Timepoint 20",NA,57,29
"3029","User #25328","Timepoint 21",NA,57,29
"3030","User #25328","Timepoint 22",NA,57,29
"3031","User #25328","Timepoint 23",NA,57,29
"3032","User #25328","Timepoint 24",NA,57,29
"3033","User #25328","Timepoint 25",12.8047415018082,57,29
"3034","User #25328","Timepoint 26",12.7064561247826,57,29
"3035","User #25328","Timepoint 27",11.9732922315598,57,29
"3036","User #25328","Timepoint 28",12.0471995472908,57,29
"3037","User #25328","Timepoint 29",11.5743198990822,57,29
"3038","User #25328","Timepoint 30",11.939447581768,57,29
"3039","User #25328","Timepoint 31",12.1578037142754,57,29
"3040","User #25328","Timepoint 32",12.4780213236809,57,29
"3041","User #25328","Timepoint 33",10.2776275873184,57,29
"3042","User #25328","Timepoint 34",10.2268800139427,57,29
"3043","User #25328","Timepoint 35",9.83455085754395,57,29
"3044","User #25328","Timepoint 36",9.68907251954079,57,29
"3045","User #25328","Timepoint 37",9.56664356589317,57,29
"3046","User #25328","Timepoint 38",9.46441346406937,57,29
"3047","User #25328","Timepoint 39",9.63080474734306,57,29
"3048","User #25328","Timepoint 40",10.4367871880531,57,29
"3049","User #25328","Timepoint 41",10.871329843998,57,29
"3050","User #25328","Timepoint 42",10.8575161099434,57,29
"3051","User #25328","Timepoint 43",10.3406639099121,57,29
"3052","User #25328","Timepoint 44",10.2197878956795,57,29
"3053","User #25328","Timepoint 45",10.1101763248444,57,29
"3054","User #25328","Timepoint 46",10.052650809288,57,29
"3055","User #25328","Timepoint 47",10.1033305823803,57,29
"3056","User #25328","Timepoint 48",11.0124216079712,57,29
"3057","User #25328","Timepoint 49",9.60692965984344,57,29
"3058","User #25328","Timepoint 50",9.52558976411819,57,29
"3059","User #25328","Timepoint 51",9.3583145737648,57,29
"3060","User #25328","Timepoint 52",9.1661641895771,57,29
"3061","User #25328","Timepoint 53",8.92463830113411,57,29
"3062","User #25328","Timepoint 54",8.82443219423294,57,29
"3063","User #25328","Timepoint 55",9.10953363776207,57,29
"3064","User #25328","Timepoint 56",9.80118060112,57,29
"3065","User #25328","Timepoint 57",10.5879551172256,57,29
"3066","User #25328","Timepoint 58",10.5048536658287,57,29
"3067","User #25328","Timepoint 59",10.0095928311348,57,29
"3068","User #25328","Timepoint 60",9.99406176805496,57,29
"3069","User #25328","Timepoint 61",9.76202353835106,57,29
"3070","User #25328","Timepoint 62",9.72161018848419,57,29
"3071","User #25328","Timepoint 63",9.94378378987312,57,29
"3072","User #25328","Timepoint 64",10.5974233746529,57,29
"3073","User #25390","Timepoint 1",0,57,29
"3074","User #25390","Timepoint 2",0,57,29
"3075","User #25390","Timepoint 3",0,57,29
"3076","User #25390","Timepoint 4",0,57,29
"3077","User #25390","Timepoint 5",0,57,29
"3078","User #25390","Timepoint 6",0,57,29
"3079","User #25390","Timepoint 7",0,57,29
"3080","User #25390","Timepoint 8",0,57,29
"3081","User #25390","Timepoint 9",0,57,29
"3082","User #25390","Timepoint 10",0,57,29
"3083","User #25390","Timepoint 11",0,57,29
"3084","User #25390","Timepoint 12",0,57,29
"3085","User #25390","Timepoint 13",0,57,29
"3086","User #25390","Timepoint 14",0,57,29
"3087","User #25390","Timepoint 15",0,57,29
"3088","User #25390","Timepoint 16",0,57,29
"3089","User #25390","Timepoint 17",NA,57,29
"3090","User #25390","Timepoint 18",NA,57,29
"3091","User #25390","Timepoint 19",NA,57,29
"3092","User #25390","Timepoint 20",NA,57,29
"3093","User #25390","Timepoint 21",NA,57,29
"3094","User #25390","Timepoint 22",NA,57,29
"3095","User #25390","Timepoint 23",NA,57,29
"3096","User #25390","Timepoint 24",NA,57,29
"3097","User #25390","Timepoint 25",7.41177275776863,57,29
"3098","User #25390","Timepoint 26",7.35489308834076,57,29
"3099","User #25390","Timepoint 27",7.22527056932449,57,29
"3100","User #25390","Timepoint 28",7.01942682266235,57,29
"3101","User #25390","Timepoint 29",6.90316423773766,57,29
"3102","User #25390","Timepoint 30",6.79861903190613,57,29
"3103","User #25390","Timepoint 31",7.09080532193184,57,29
"3104","User #25390","Timepoint 32",7.51526594161987,57,29
"3105","User #25390","Timepoint 33",7.05470830202103,57,29
"3106","User #25390","Timepoint 34",7.01127260923386,57,29
"3107","User #25390","Timepoint 35",6.87148600816727,57,29
"3108","User #25390","Timepoint 36",6.71703413128853,57,29
"3109","User #25390","Timepoint 37",6.53711199760437,57,29
"3110","User #25390","Timepoint 38",6.48484528064728,57,29
"3111","User #25390","Timepoint 39",6.67253375053406,57,29
"3112","User #25390","Timepoint 40",7.17656075954437,57,29
"3113","User #25390","Timepoint 41",7.05246597528458,57,29
"3114","User #25390","Timepoint 42",6.99663609266281,57,29
"3115","User #25390","Timepoint 43",6.84729740023613,57,29
"3116","User #25390","Timepoint 44",6.71294167637825,57,29
"3117","User #25390","Timepoint 45",6.52423202991486,57,29
"3118","User #25390","Timepoint 46",6.48076072335243,57,29
"3119","User #25390","Timepoint 47",6.66334763169289,57,29
"3120","User #25390","Timepoint 48",7.15901076793671,57,29
"3121","User #25390","Timepoint 49",7.25967222452164,57,29
"3122","User #25390","Timepoint 50",7.17238456010818,57,29
"3123","User #25390","Timepoint 51",7.02517348527908,57,29
"3124","User #25390","Timepoint 52",6.88374561071396,57,29
"3125","User #25390","Timepoint 53",6.66502541303635,57,29
"3126","User #25390","Timepoint 54",6.57597303390503,57,29
"3127","User #25390","Timepoint 55",6.84287804365158,57,29
"3128","User #25390","Timepoint 56",7.40893483161926,57,29
"3129","User #25390","Timepoint 57",7.29979574680328,57,29
"3130","User #25390","Timepoint 58",7.20389211177826,57,29
"3131","User #25390","Timepoint 59",7.06388688087463,57,29
"3132","User #25390","Timepoint 60",6.91598415374756,57,29
"3133","User #25390","Timepoint 61",6.70746600627899,57,29
"3134","User #25390","Timepoint 62",6.61078828573227,57,29
"3135","User #25390","Timepoint 63",6.90881764888763,57,29
"3136","User #25390","Timepoint 64",7.44088852405548,57,29
"3137","User #25353","Timepoint 1",0,57,29
"3138","User #25353","Timepoint 2",0,57,29
"3139","User #25353","Timepoint 3",0,57,29
"3140","User #25353","Timepoint 4",0,57,29
"3141","User #25353","Timepoint 5",0,57,29
"3142","User #25353","Timepoint 6",0,57,29
"3143","User #25353","Timepoint 7",0,57,29
"3144","User #25353","Timepoint 8",0,57,29
"3145","User #25353","Timepoint 9",0,57,29
"3146","User #25353","Timepoint 10",0,57,29
"3147","User #25353","Timepoint 11",0,57,29
"3148","User #25353","Timepoint 12",0,57,29
"3149","User #25353","Timepoint 13",0,57,29
"3150","User #25353","Timepoint 14",0,57,29
"3151","User #25353","Timepoint 15",0,57,29
"3152","User #25353","Timepoint 16",0,57,29
"3153","User #25353","Timepoint 17",NA,57,29
"3154","User #25353","Timepoint 18",NA,57,29
"3155","User #25353","Timepoint 19",NA,57,29
"3156","User #25353","Timepoint 20",NA,57,29
"3157","User #25353","Timepoint 21",NA,57,29
"3158","User #25353","Timepoint 22",NA,57,29
"3159","User #25353","Timepoint 23",NA,57,29
"3160","User #25353","Timepoint 24",NA,57,29
"3161","User #25353","Timepoint 25",7.80803573131561,57,29
"3162","User #25353","Timepoint 26",7.72368502616882,57,29
"3163","User #25353","Timepoint 27",7.57408106327057,57,29
"3164","User #25353","Timepoint 28",7.51851892471313,57,29
"3165","User #25353","Timepoint 29",7.40326952934265,57,29
"3166","User #25353","Timepoint 30",7.31630086898804,57,29
"3167","User #25353","Timepoint 31",7.55950808525085,57,29
"3168","User #25353","Timepoint 32",7.84508037567139,57,29
"3169","User #25353","Timepoint 33",7.82003653049469,57,29
"3170","User #25353","Timepoint 34",7.73742067813873,57,29
"3171","User #25353","Timepoint 35",7.57424628734589,57,29
"3172","User #25353","Timepoint 36",7.52075505256653,57,29
"3173","User #25353","Timepoint 37",7.40797960758209,57,29
"3174","User #25353","Timepoint 38",7.31829619407654,57,29
"3175","User #25353","Timepoint 39",7.56737816333771,57,29
"3176","User #25353","Timepoint 40",7.85329937934875,57,29
"3177","User #25353","Timepoint 41",7.87430596351624,57,29
"3178","User #25353","Timepoint 42",7.77923345565796,57,29
"3179","User #25353","Timepoint 43",7.63445997238159,57,29
"3180","User #25353","Timepoint 44",7.56429743766785,57,29
"3181","User #25353","Timepoint 45",7.50392985343933,57,29
"3182","User #25353","Timepoint 46",7.35496163368225,57,29
"3183","User #25353","Timepoint 47",7.65953004360199,57,29
"3184","User #25353","Timepoint 48",7.91882348060608,57,29
"3185","User #25353","Timepoint 49",7.36139166355133,57,29
"3186","User #25353","Timepoint 50",7.30685567855835,57,29
"3187","User #25353","Timepoint 51",7.24214100837708,57,29
"3188","User #25353","Timepoint 52",7.13147580623627,57,29
"3189","User #25353","Timepoint 53",6.98681235313416,57,29
"3190","User #25353","Timepoint 54",6.92422676086426,57,29
"3191","User #25353","Timepoint 55",7.10213267803192,57,29
"3192","User #25353","Timepoint 56",7.48695063591003,57,29
"3193","User #25353","Timepoint 57",7.55344569683075,57,29
"3194","User #25353","Timepoint 58",7.49407887458801,57,29
"3195","User #25353","Timepoint 59",7.38253307342529,57,29
"3196","User #25353","Timepoint 60",7.30229151248932,57,29
"3197","User #25353","Timepoint 61",7.1428587436676,57,29
"3198","User #25353","Timepoint 62",7.07754409313202,57,29
"3199","User #25353","Timepoint 63",7.3099023103714,57,29
"3200","User #25353","Timepoint 64",7.6188018321991,57,29
"3201","User #25324","Timepoint 1",0,57,29
"3202","User #25324","Timepoint 2",0,57,29
"3203","User #25324","Timepoint 3",0,57,29
"3204","User #25324","Timepoint 4",0,57,29
"3205","User #25324","Timepoint 5",0,57,29
"3206","User #25324","Timepoint 6",0,57,29
"3207","User #25324","Timepoint 7",0,57,29
"3208","User #25324","Timepoint 8",0,57,29
"3209","User #25324","Timepoint 9",0,57,29
"3210","User #25324","Timepoint 10",0,57,29
"3211","User #25324","Timepoint 11",0,57,29
"3212","User #25324","Timepoint 12",0,57,29
"3213","User #25324","Timepoint 13",0,57,29
"3214","User #25324","Timepoint 14",0,57,29
"3215","User #25324","Timepoint 15",0,57,29
"3216","User #25324","Timepoint 16",0,57,29
"3217","User #25324","Timepoint 17",NA,57,29
"3218","User #25324","Timepoint 18",NA,57,29
"3219","User #25324","Timepoint 19",NA,57,29
"3220","User #25324","Timepoint 20",NA,57,29
"3221","User #25324","Timepoint 21",NA,57,29
"3222","User #25324","Timepoint 22",NA,57,29
"3223","User #25324","Timepoint 23",NA,57,29
"3224","User #25324","Timepoint 24",NA,57,29
"3225","User #25324","Timepoint 25",7.61067819595337,57,29
"3226","User #25324","Timepoint 26",7.4240974187851,57,29
"3227","User #25324","Timepoint 27",7.325115442276,57,29
"3228","User #25324","Timepoint 28",7.43828547000885,57,29
"3229","User #25324","Timepoint 29",7.36220502853394,57,29
"3230","User #25324","Timepoint 30",7.26919829845428,57,29
"3231","User #25324","Timepoint 31",7.71211874485016,57,29
"3232","User #25324","Timepoint 32",7.45318651199341,57,29
"3233","User #25324","Timepoint 33",7.3603926897049,57,29
"3234","User #25324","Timepoint 34",7.2260377407074,57,29
"3235","User #25324","Timepoint 35",7.10332715511322,57,29
"3236","User #25324","Timepoint 36",7.19266045093536,57,29
"3237","User #25324","Timepoint 37",7.15465593338013,57,29
"3238","User #25324","Timepoint 38",7.06865549087524,57,29
"3239","User #25324","Timepoint 39",7.36071956157684,57,29
"3240","User #25324","Timepoint 40",7.2995924949646,57,29
"3241","User #25324","Timepoint 41",7.17418146133423,57,29
"3242","User #25324","Timepoint 42",7.06220495700836,57,29
"3243","User #25324","Timepoint 43",6.95260834693909,57,29
"3244","User #25324","Timepoint 44",7.03468382358551,57,29
"3245","User #25324","Timepoint 45",6.94315773248672,57,29
"3246","User #25324","Timepoint 46",6.86950731277466,57,29
"3247","User #25324","Timepoint 47",7.18851041793823,57,29
"3248","User #25324","Timepoint 48",7.10405290126801,57,29
"3249","User #25324","Timepoint 49",6.82453233003616,57,29
"3250","User #25324","Timepoint 50",6.77731436491013,57,29
"3251","User #25324","Timepoint 51",6.72196185588837,57,29
"3252","User #25324","Timepoint 52",6.70611256361008,57,29
"3253","User #25324","Timepoint 53",6.61824572086334,57,29
"3254","User #25324","Timepoint 54",6.57960963249207,57,29
"3255","User #25324","Timepoint 55",6.73370367288589,57,29
"3256","User #25324","Timepoint 56",6.8468861579895,57,29
"3257","User #25324","Timepoint 57",6.88443696498871,57,29
"3258","User #25324","Timepoint 58",6.84349894523621,57,29
"3259","User #25324","Timepoint 59",6.80394732952118,57,29
"3260","User #25324","Timepoint 60",6.74679780006409,57,29
"3261","User #25324","Timepoint 61",6.69736886024475,57,29
"3262","User #25324","Timepoint 62",6.63048195838928,57,29
"3263","User #25324","Timepoint 63",6.80372935533524,57,29
"3264","User #25324","Timepoint 64",6.91868412494659,57,29
"3265","User #25300","Timepoint 1",0,57,29
"3266","User #25300","Timepoint 2",0,57,29
"3267","User #25300","Timepoint 3",0,57,29
"3268","User #25300","Timepoint 4",0,57,29
"3269","User #25300","Timepoint 5",0,57,29
"3270","User #25300","Timepoint 6",0,57,29
"3271","User #25300","Timepoint 7",0,57,29
"3272","User #25300","Timepoint 8",0,57,29
"3273","User #25300","Timepoint 9",0,57,29
"3274","User #25300","Timepoint 10",0,57,29
"3275","User #25300","Timepoint 11",0,57,29
"3276","User #25300","Timepoint 12",0,57,29
"3277","User #25300","Timepoint 13",0,57,29
"3278","User #25300","Timepoint 14",0,57,29
"3279","User #25300","Timepoint 15",0,57,29
"3280","User #25300","Timepoint 16",0,57,29
"3281","User #25300","Timepoint 17",NA,57,29
"3282","User #25300","Timepoint 18",NA,57,29
"3283","User #25300","Timepoint 19",NA,57,29
"3284","User #25300","Timepoint 20",NA,57,29
"3285","User #25300","Timepoint 21",NA,57,29
"3286","User #25300","Timepoint 22",NA,57,29
"3287","User #25300","Timepoint 23",NA,57,29
"3288","User #25300","Timepoint 24",NA,57,29
"3289","User #25300","Timepoint 25",12.0622339248657,57,29
"3290","User #25300","Timepoint 26",11.951181769371,57,29
"3291","User #25300","Timepoint 27",11.8040271997452,57,29
"3292","User #25300","Timepoint 28",11.7068288326263,57,29
"3293","User #25300","Timepoint 29",11.7349348068237,57,29
"3294","User #25300","Timepoint 30",11.5522017478943,57,29
"3295","User #25300","Timepoint 31",11.8299877643585,57,29
"3296","User #25300","Timepoint 32",12.170006275177,57,29
"3297","User #25300","Timepoint 33",12.0749723911285,57,29
"3298","User #25300","Timepoint 34",11.9115905761719,57,29
"3299","User #25300","Timepoint 35",11.6232306957245,57,29
"3300","User #25300","Timepoint 36",11.6792470216751,57,29
"3301","User #25300","Timepoint 37",11.7236876487732,57,29
"3302","User #25300","Timepoint 38",11.5794849395752,57,29
"3303","User #25300","Timepoint 39",11.727774143219,57,29
"3304","User #25300","Timepoint 40",12.1545655727386,57,29
"3305","User #25300","Timepoint 41",11.6071628332138,57,29
"3306","User #25300","Timepoint 42",11.5487108230591,57,29
"3307","User #25300","Timepoint 43",11.429811000824,57,29
"3308","User #25300","Timepoint 44",11.3178032636642,57,29
"3309","User #25300","Timepoint 45",11.2421814203262,57,29
"3310","User #25300","Timepoint 46",11.1374669075012,57,29
"3311","User #25300","Timepoint 47",11.3220647573471,57,29
"3312","User #25300","Timepoint 48",11.7251629829407,57,29
"3313","User #25300","Timepoint 49",11.1113385260105,57,29
"3314","User #25300","Timepoint 50",10.978914141655,57,29
"3315","User #25300","Timepoint 51",10.7657913267612,57,29
"3316","User #25300","Timepoint 52",10.7421162128448,57,29
"3317","User #25300","Timepoint 53",10.6066484153271,57,29
"3318","User #25300","Timepoint 54",10.5276393294334,57,29
"3319","User #25300","Timepoint 55",10.7473749816418,57,29
"3320","User #25300","Timepoint 56",11.1947178244591,57,29
"3321","User #25300","Timepoint 57",11.3205351829529,57,29
"3322","User #25300","Timepoint 58",11.1895182132721,57,29
"3323","User #25300","Timepoint 59",10.9628322124481,57,29
"3324","User #25300","Timepoint 60",10.9105312228203,57,29
"3325","User #25300","Timepoint 61",10.8330514431,57,29
"3326","User #25300","Timepoint 62",10.6892945766449,57,29
"3327","User #25300","Timepoint 63",10.9860231876373,57,29
"3328","User #25300","Timepoint 64",11.3874911665916,57,29
"3329","User #25360","Timepoint 1",0,57,29
"3330","User #25360","Timepoint 2",0,57,29
"3331","User #25360","Timepoint 3",0,57,29
"3332","User #25360","Timepoint 4",0,57,29
"3333","User #25360","Timepoint 5",0,57,29
"3334","User #25360","Timepoint 6",0,57,29
"3335","User #25360","Timepoint 7",0,57,29
"3336","User #25360","Timepoint 8",0,57,29
"3337","User #25360","Timepoint 9",0,57,29
"3338","User #25360","Timepoint 10",0,57,29
"3339","User #25360","Timepoint 11",0,57,29
"3340","User #25360","Timepoint 12",0,57,29
"3341","User #25360","Timepoint 13",0,57,29
"3342","User #25360","Timepoint 14",0,57,29
"3343","User #25360","Timepoint 15",0,57,29
"3344","User #25360","Timepoint 16",0,57,29
"3345","User #25360","Timepoint 17",NA,57,29
"3346","User #25360","Timepoint 18",NA,57,29
"3347","User #25360","Timepoint 19",NA,57,29
"3348","User #25360","Timepoint 20",NA,57,29
"3349","User #25360","Timepoint 21",NA,57,29
"3350","User #25360","Timepoint 22",NA,57,29
"3351","User #25360","Timepoint 23",NA,57,29
"3352","User #25360","Timepoint 24",NA,57,29
"3353","User #25360","Timepoint 25",9.45019698143005,57,29
"3354","User #25360","Timepoint 26",9.4697927236557,57,29
"3355","User #25360","Timepoint 27",9.07747942209244,57,29
"3356","User #25360","Timepoint 28",8.81743842363358,57,29
"3357","User #25360","Timepoint 29",8.54494345188141,57,29
"3358","User #25360","Timepoint 30",8.68837171792984,57,29
"3359","User #25360","Timepoint 31",8.86882311105728,57,29
"3360","User #25360","Timepoint 32",9.46940052509308,57,29
"3361","User #25360","Timepoint 33",9.86468535661697,57,29
"3362","User #25360","Timepoint 34",9.98258149623871,57,29
"3363","User #25360","Timepoint 35",9.27936196327209,57,29
"3364","User #25360","Timepoint 36",9.08371996879578,57,29
"3365","User #25360","Timepoint 37",8.99061870574951,57,29
"3366","User #25360","Timepoint 38",9.04711532592773,57,29
"3367","User #25360","Timepoint 39",8.9546891450882,57,29
"3368","User #25360","Timepoint 40",9.952388048172,57,29
"3369","User #25360","Timepoint 41",8.18537706136703,57,29
"3370","User #25360","Timepoint 42",8.16623902320862,57,29
"3371","User #25360","Timepoint 43",7.9557848572731,57,29
"3372","User #25360","Timepoint 44",7.68513363599777,57,29
"3373","User #25360","Timepoint 45",7.37080588936806,57,29
"3374","User #25360","Timepoint 46",7.39007723331451,57,29
"3375","User #25360","Timepoint 47",7.61078426241875,57,29
"3376","User #25360","Timepoint 48",8.30786150693893,57,29
"3377","User #25360","Timepoint 49",8.03624042868614,57,29
"3378","User #25360","Timepoint 50",8.00162640213966,57,29
"3379","User #25360","Timepoint 51",7.8237906396389,57,29
"3380","User #25360","Timepoint 52",7.54831349849701,57,29
"3381","User #25360","Timepoint 53",7.2956383228302,57,29
"3382","User #25360","Timepoint 54",7.23775106668472,57,29
"3383","User #25360","Timepoint 55",7.48063024878502,57,29
"3384","User #25360","Timepoint 56",8.21316057443619,57,29
"3385","User #25360","Timepoint 57",9.4188152551651,57,29
"3386","User #25360","Timepoint 58",9.46586239337921,57,29
"3387","User #25360","Timepoint 59",9.02658540010452,57,29
"3388","User #25360","Timepoint 60",8.71885472536087,57,29
"3389","User #25360","Timepoint 61",8.59161341190338,57,29
"3390","User #25360","Timepoint 62",8.53753215074539,57,29
"3391","User #25360","Timepoint 63",8.69872742891312,57,29
"3392","User #25360","Timepoint 64",9.51845788955688,57,29
"3393","User #25394","Timepoint 1",0,57,29
"3394","User #25394","Timepoint 2",0,57,29
"3395","User #25394","Timepoint 3",0,57,29
"3396","User #25394","Timepoint 4",0,57,29
"3397","User #25394","Timepoint 5",0,57,29
"3398","User #25394","Timepoint 6",0,57,29
"3399","User #25394","Timepoint 7",0,57,29
"3400","User #25394","Timepoint 8",0,57,29
"3401","User #25394","Timepoint 9",0,57,29
"3402","User #25394","Timepoint 10",0,57,29
"3403","User #25394","Timepoint 11",0,57,29
"3404","User #25394","Timepoint 12",0,57,29
"3405","User #25394","Timepoint 13",0,57,29
"3406","User #25394","Timepoint 14",0,57,29
"3407","User #25394","Timepoint 15",0,57,29
"3408","User #25394","Timepoint 16",0,57,29
"3409","User #25394","Timepoint 17",NA,57,29
"3410","User #25394","Timepoint 18",NA,57,29
"3411","User #25394","Timepoint 19",NA,57,29
"3412","User #25394","Timepoint 20",NA,57,29
"3413","User #25394","Timepoint 21",NA,57,29
"3414","User #25394","Timepoint 22",NA,57,29
"3415","User #25394","Timepoint 23",NA,57,29
"3416","User #25394","Timepoint 24",NA,57,29
"3417","User #25394","Timepoint 25",7.41177275776863,57,29
"3418","User #25394","Timepoint 26",7.35489308834076,57,29
"3419","User #25394","Timepoint 27",7.22527056932449,57,29
"3420","User #25394","Timepoint 28",7.01942682266235,57,29
"3421","User #25394","Timepoint 29",6.90316423773766,57,29
"3422","User #25394","Timepoint 30",6.79861903190613,57,29
"3423","User #25394","Timepoint 31",7.09080532193184,57,29
"3424","User #25394","Timepoint 32",7.51526594161987,57,29
"3425","User #25394","Timepoint 33",7.05470830202103,57,29
"3426","User #25394","Timepoint 34",7.01127260923386,57,29
"3427","User #25394","Timepoint 35",6.87148600816727,57,29
"3428","User #25394","Timepoint 36",6.71703413128853,57,29
"3429","User #25394","Timepoint 37",6.53711199760437,57,29
"3430","User #25394","Timepoint 38",6.48484528064728,57,29
"3431","User #25394","Timepoint 39",6.67253375053406,57,29
"3432","User #25394","Timepoint 40",7.17656075954437,57,29
"3433","User #25394","Timepoint 41",7.05246597528458,57,29
"3434","User #25394","Timepoint 42",6.99663609266281,57,29
"3435","User #25394","Timepoint 43",6.84729740023613,57,29
"3436","User #25394","Timepoint 44",6.71294167637825,57,29
"3437","User #25394","Timepoint 45",6.52423202991486,57,29
"3438","User #25394","Timepoint 46",6.48076072335243,57,29
"3439","User #25394","Timepoint 47",6.66334763169289,57,29
"3440","User #25394","Timepoint 48",7.15901076793671,57,29
"3441","User #25394","Timepoint 49",7.25967222452164,57,29
"3442","User #25394","Timepoint 50",7.17238456010818,57,29
"3443","User #25394","Timepoint 51",7.02517348527908,57,29
"3444","User #25394","Timepoint 52",6.88374561071396,57,29
"3445","User #25394","Timepoint 53",6.66502541303635,57,29
"3446","User #25394","Timepoint 54",6.57597303390503,57,29
"3447","User #25394","Timepoint 55",6.84287804365158,57,29
"3448","User #25394","Timepoint 56",7.40893483161926,57,29
"3449","User #25394","Timepoint 57",7.29979574680328,57,29
"3450","User #25394","Timepoint 58",7.20389211177826,57,29
"3451","User #25394","Timepoint 59",7.06388688087463,57,29
"3452","User #25394","Timepoint 60",6.91598415374756,57,29
"3453","User #25394","Timepoint 61",6.70746600627899,57,29
"3454","User #25394","Timepoint 62",6.61078828573227,57,29
"3455","User #25394","Timepoint 63",6.90881764888763,57,29
"3456","User #25394","Timepoint 64",7.44088852405548,57,29
"3457","User #25307","Timepoint 1",0,57,29
"3458","User #25307","Timepoint 2",0,57,29
"3459","User #25307","Timepoint 3",0,57,29
"3460","User #25307","Timepoint 4",0,57,29
"3461","User #25307","Timepoint 5",0,57,29
"3462","User #25307","Timepoint 6",0,57,29
"3463","User #25307","Timepoint 7",0,57,29
"3464","User #25307","Timepoint 8",0,57,29
"3465","User #25307","Timepoint 9",0,57,29
"3466","User #25307","Timepoint 10",0,57,29
"3467","User #25307","Timepoint 11",0,57,29
"3468","User #25307","Timepoint 12",0,57,29
"3469","User #25307","Timepoint 13",0,57,29
"3470","User #25307","Timepoint 14",0,57,29
"3471","User #25307","Timepoint 15",0,57,29
"3472","User #25307","Timepoint 16",0,57,29
"3473","User #25307","Timepoint 17",NA,57,29
"3474","User #25307","Timepoint 18",NA,57,29
"3475","User #25307","Timepoint 19",NA,57,29
"3476","User #25307","Timepoint 20",NA,57,29
"3477","User #25307","Timepoint 21",NA,57,29
"3478","User #25307","Timepoint 22",NA,57,29
"3479","User #25307","Timepoint 23",NA,57,29
"3480","User #25307","Timepoint 24",NA,57,29
"3481","User #25307","Timepoint 25",8.810715675354,57,29
"3482","User #25307","Timepoint 26",8.65980446338654,57,29
"3483","User #25307","Timepoint 27",8.12975436449051,57,29
"3484","User #25307","Timepoint 28",8.17510932683945,57,29
"3485","User #25307","Timepoint 29",8.22145491838455,57,29
"3486","User #25307","Timepoint 30",8.06700229644775,57,29
"3487","User #25307","Timepoint 31",8.24201613664627,57,29
"3488","User #25307","Timepoint 32",8.76043319702148,57,29
"3489","User #25307","Timepoint 33",8.14973801374435,57,29
"3490","User #25307","Timepoint 34",8.14853519201279,57,29
"3491","User #25307","Timepoint 35",7.78468489646912,57,29
"3492","User #25307","Timepoint 36",7.59611010551453,57,29
"3493","User #25307","Timepoint 37",7.63421267271042,57,29
"3494","User #25307","Timepoint 38",7.4503967165947,57,29
"3495","User #25307","Timepoint 39",7.55154371261597,57,29
"3496","User #25307","Timepoint 40",8.24865937232971,57,29
"3497","User #25307","Timepoint 41",8.00818175077438,57,29
"3498","User #25307","Timepoint 42",7.99042135477066,57,29
"3499","User #25307","Timepoint 43",7.62178182601929,57,29
"3500","User #25307","Timepoint 44",7.48254165053368,57,29
"3501","User #25307","Timepoint 45",7.44498163461685,57,29
"3502","User #25307","Timepoint 46",7.33626127243042,57,29
"3503","User #25307","Timepoint 47",7.38893419504166,57,29
"3504","User #25307","Timepoint 48",8.07800620794296,57,29
"3505","User #25307","Timepoint 49",7.25022614002228,57,29
"3506","User #25307","Timepoint 50",7.20711797475815,57,29
"3507","User #25307","Timepoint 51",7.04475194215775,57,29
"3508","User #25307","Timepoint 52",6.86376094818115,57,29
"3509","User #25307","Timepoint 53",6.75734862685204,57,29
"3510","User #25307","Timepoint 54",6.63389354944229,57,29
"3511","User #25307","Timepoint 55",6.82628035545349,57,29
"3512","User #25307","Timepoint 56",7.37819373607635,57,29
"3513","User #25307","Timepoint 57",8.07881027460098,57,29
"3514","User #25307","Timepoint 58",7.9981330037117,57,29
"3515","User #25307","Timepoint 59",7.71430790424347,57,29
"3516","User #25307","Timepoint 60",7.55415350198746,57,29
"3517","User #25307","Timepoint 61",7.60118186473846,57,29
"3518","User #25307","Timepoint 62",7.37070202827454,57,29
"3519","User #25307","Timepoint 63",7.62355118989944,57,29
"3520","User #25307","Timepoint 64",8.15920829772949,57,29
"3521","User #25359","Timepoint 1",0,57,29
"3522","User #25359","Timepoint 2",0,57,29
"3523","User #25359","Timepoint 3",0,57,29
"3524","User #25359","Timepoint 4",0,57,29
"3525","User #25359","Timepoint 5",0,57,29
"3526","User #25359","Timepoint 6",0,57,29
"3527","User #25359","Timepoint 7",0,57,29
"3528","User #25359","Timepoint 8",0,57,29
"3529","User #25359","Timepoint 9",0,57,29
"3530","User #25359","Timepoint 10",0,57,29
"3531","User #25359","Timepoint 11",0,57,29
"3532","User #25359","Timepoint 12",0,57,29
"3533","User #25359","Timepoint 13",0,57,29
"3534","User #25359","Timepoint 14",0,57,29
"3535","User #25359","Timepoint 15",0,57,29
"3536","User #25359","Timepoint 16",0,57,29
"3537","User #25359","Timepoint 17",NA,57,29
"3538","User #25359","Timepoint 18",NA,57,29
"3539","User #25359","Timepoint 19",NA,57,29
"3540","User #25359","Timepoint 20",NA,57,29
"3541","User #25359","Timepoint 21",NA,57,29
"3542","User #25359","Timepoint 22",NA,57,29
"3543","User #25359","Timepoint 23",NA,57,29
"3544","User #25359","Timepoint 24",NA,57,29
"3545","User #25359","Timepoint 25",7.66758233308792,57,29
"3546","User #25359","Timepoint 26",7.52478271722794,57,29
"3547","User #25359","Timepoint 27",7.18834266066551,57,29
"3548","User #25359","Timepoint 28",7.21956551074982,57,29
"3549","User #25359","Timepoint 29",7.15106472373009,57,29
"3550","User #25359","Timepoint 30",7.04833179712296,57,29
"3551","User #25359","Timepoint 31",7.23475232720375,57,29
"3552","User #25359","Timepoint 32",7.70756602287292,57,29
"3553","User #25359","Timepoint 33",6.87450468540192,57,29
"3554","User #25359","Timepoint 34",6.80152907967567,57,29
"3555","User #25359","Timepoint 35",6.66706323623657,57,29
"3556","User #25359","Timepoint 36",6.54608860611916,57,29
"3557","User #25359","Timepoint 37",6.39291226863861,57,29
"3558","User #25359","Timepoint 38",6.31335318088531,57,29
"3559","User #25359","Timepoint 39",6.50352150201797,57,29
"3560","User #25359","Timepoint 40",7.01637119054794,57,29
"3561","User #25359","Timepoint 41",6.85037225484848,57,29
"3562","User #25359","Timepoint 42",6.78036451339722,57,29
"3563","User #25359","Timepoint 43",6.64846494793892,57,29
"3564","User #25359","Timepoint 44",6.53179779648781,57,29
"3565","User #25359","Timepoint 45",6.35544791817665,57,29
"3566","User #25359","Timepoint 46",6.29291981458664,57,29
"3567","User #25359","Timepoint 47",6.47816643118858,57,29
"3568","User #25359","Timepoint 48",6.98422998189926,57,29
"3569","User #25359","Timepoint 49",6.82958573102951,57,29
"3570","User #25359","Timepoint 50",6.751708984375,57,29
"3571","User #25359","Timepoint 51",6.62758886814117,57,29
"3572","User #25359","Timepoint 52",6.50644570589066,57,29
"3573","User #25359","Timepoint 53",6.34907230734825,57,29
"3574","User #25359","Timepoint 54",6.27085670828819,57,29
"3575","User #25359","Timepoint 55",6.47092044353485,57,29
"3576","User #25359","Timepoint 56",6.97103798389435,57,29
"3577","User #25359","Timepoint 57",6.76420986652374,57,29
"3578","User #25359","Timepoint 58",6.6854427754879,57,29
"3579","User #25359","Timepoint 59",6.57717123627663,57,29
"3580","User #25359","Timepoint 60",6.46025449037552,57,29
"3581","User #25359","Timepoint 61",6.28163024783134,57,29
"3582","User #25359","Timepoint 62",6.21307790279388,57,29
"3583","User #25359","Timepoint 63",6.42162770032883,57,29
"3584","User #25359","Timepoint 64",6.90523892641068,57,29
"3585","User #25384","Timepoint 1",0,57,29
"3586","User #25384","Timepoint 2",0,57,29
"3587","User #25384","Timepoint 3",0,57,29
"3588","User #25384","Timepoint 4",0,57,29
"3589","User #25384","Timepoint 5",0,57,29
"3590","User #25384","Timepoint 6",0,57,29
"3591","User #25384","Timepoint 7",0,57,29
"3592","User #25384","Timepoint 8",0,57,29
"3593","User #25384","Timepoint 9",0,57,29
"3594","User #25384","Timepoint 10",0,57,29
"3595","User #25384","Timepoint 11",0,57,29
"3596","User #25384","Timepoint 12",0,57,29
"3597","User #25384","Timepoint 13",0,57,29
"3598","User #25384","Timepoint 14",0,57,29
"3599","User #25384","Timepoint 15",0,57,29
"3600","User #25384","Timepoint 16",0,57,29
"3601","User #25384","Timepoint 17",NA,57,29
"3602","User #25384","Timepoint 18",NA,57,29
"3603","User #25384","Timepoint 19",NA,57,29
"3604","User #25384","Timepoint 20",NA,57,29
"3605","User #25384","Timepoint 21",NA,57,29
"3606","User #25384","Timepoint 22",NA,57,29
"3607","User #25384","Timepoint 23",NA,57,29
"3608","User #25384","Timepoint 24",NA,57,29
"3609","User #25384","Timepoint 25",7.54154193401337,57,29
"3610","User #25384","Timepoint 26",7.45331823825836,57,29
"3611","User #25384","Timepoint 27",7.31133687496185,57,29
"3612","User #25384","Timepoint 28",7.34548151493073,57,29
"3613","User #25384","Timepoint 29",7.21493601799011,57,29
"3614","User #25384","Timepoint 30",7.26833951473236,57,29
"3615","User #25384","Timepoint 31",7.4815821647644,57,29
"3616","User #25384","Timepoint 32",7.41276717185974,57,29
"3617","User #25384","Timepoint 33",6.87194240093231,57,29
"3618","User #25384","Timepoint 34",6.85239553451538,57,29
"3619","User #25384","Timepoint 35",6.79076433181763,57,29
"3620","User #25384","Timepoint 36",6.71746325492859,57,29
"3621","User #25384","Timepoint 37",6.68851065635681,57,29
"3622","User #25384","Timepoint 38",6.63919502496719,57,29
"3623","User #25384","Timepoint 39",6.71903616189957,57,29
"3624","User #25384","Timepoint 40",6.93337571620941,57,29
"3625","User #25384","Timepoint 41",7.23192191123962,57,29
"3626","User #25384","Timepoint 42",7.15447354316711,57,29
"3627","User #25384","Timepoint 43",7.07396495342255,57,29
"3628","User #25384","Timepoint 44",7.06669664382935,57,29
"3629","User #25384","Timepoint 45",6.93881404399872,57,29
"3630","User #25384","Timepoint 46",6.93961226940155,57,29
"3631","User #25384","Timepoint 47",7.18335616588593,57,29
"3632","User #25384","Timepoint 48",7.13493776321411,57,29
"3633","User #25384","Timepoint 49",6.96635746955872,57,29
"3634","User #25384","Timepoint 50",6.92252463102341,57,29
"3635","User #25384","Timepoint 51",6.87668764591217,57,29
"3636","User #25384","Timepoint 52",6.82270610332489,57,29
"3637","User #25384","Timepoint 53",6.73683553934097,57,29
"3638","User #25384","Timepoint 54",6.70490884780884,57,29
"3639","User #25384","Timepoint 55",6.8772434592247,57,29
"3640","User #25384","Timepoint 56",6.95952987670898,57,29
"3641","User #25384","Timepoint 57",7.19863629341125,57,29
"3642","User #25384","Timepoint 58",7.13491857051849,57,29
"3643","User #25384","Timepoint 59",7.03591799736023,57,29
"3644","User #25384","Timepoint 60",7.03070592880249,57,29
"3645","User #25384","Timepoint 61",6.92838829755783,57,29
"3646","User #25384","Timepoint 62",6.92938101291656,57,29
"3647","User #25384","Timepoint 63",7.09333670139313,57,29
"3648","User #25384","Timepoint 64",7.13645923137665,57,29
"3649","User #25360","Timepoint 1",0,57,29
"3650","User #25360","Timepoint 2",0,57,29
"3651","User #25360","Timepoint 3",0,57,29
"3652","User #25360","Timepoint 4",0,57,29
"3653","User #25360","Timepoint 5",0,57,29
"3654","User #25360","Timepoint 6",0,57,29
"3655","User #25360","Timepoint 7",0,57,29
"3656","User #25360","Timepoint 8",0,57,29
"3657","User #25360","Timepoint 9",0,57,29
"3658","User #25360","Timepoint 10",0,57,29
"3659","User #25360","Timepoint 11",0,57,29
"3660","User #25360","Timepoint 12",0,57,29
"3661","User #25360","Timepoint 13",0,57,29
"3662","User #25360","Timepoint 14",0,57,29
"3663","User #25360","Timepoint 15",0,57,29
"3664","User #25360","Timepoint 16",0,57,29
"3665","User #25360","Timepoint 17",NA,57,29
"3666","User #25360","Timepoint 18",NA,57,29
"3667","User #25360","Timepoint 19",NA,57,29
"3668","User #25360","Timepoint 20",NA,57,29
"3669","User #25360","Timepoint 21",NA,57,29
"3670","User #25360","Timepoint 22",NA,57,29
"3671","User #25360","Timepoint 23",NA,57,29
"3672","User #25360","Timepoint 24",NA,57,29
"3673","User #25360","Timepoint 25",6.98295193910599,57,29
"3674","User #25360","Timepoint 26",6.76448780298233,57,29
"3675","User #25360","Timepoint 27",6.37594577670097,57,29
"3676","User #25360","Timepoint 28",6.6586948633194,57,29
"3677","User #25360","Timepoint 29",6.73873645067215,57,29
"3678","User #25360","Timepoint 30",6.60625427961349,57,29
"3679","User #25360","Timepoint 31",6.84020066261292,57,29
"3680","User #25360","Timepoint 32",6.94315618276596,57,29
"3681","User #25360","Timepoint 33",6.52687001228333,57,29
"3682","User #25360","Timepoint 34",6.40649953484535,57,29
"3683","User #25360","Timepoint 35",6.20207023620605,57,29
"3684","User #25360","Timepoint 36",6.2928569316864,57,29
"3685","User #25360","Timepoint 37",6.18775314092636,57,29
"3686","User #25360","Timepoint 38",6.14293217658997,57,29
"3687","User #25360","Timepoint 39",6.38521620631218,57,29
"3688","User #25360","Timepoint 40",6.4882218837738,57,29
"3689","User #25360","Timepoint 41",6.74706900119781,57,29
"3690","User #25360","Timepoint 42",6.58016282320023,57,29
"3691","User #25360","Timepoint 43",6.2959001660347,57,29
"3692","User #25360","Timepoint 44",6.45397740602493,57,29
"3693","User #25360","Timepoint 45",6.4767302274704,57,29
"3694","User #25360","Timepoint 46",6.3293399810791,57,29
"3695","User #25360","Timepoint 47",6.63369864225388,57,29
"3696","User #25360","Timepoint 48",6.7104327082634,57,29
"3697","User #25360","Timepoint 49",6.60475206375122,57,29
"3698","User #25360","Timepoint 50",6.46235010027885,57,29
"3699","User #25360","Timepoint 51",6.23754996061325,57,29
"3700","User #25360","Timepoint 52",6.33994328975677,57,29
"3701","User #25360","Timepoint 53",6.33118471503258,57,29
"3702","User #25360","Timepoint 54",6.1969205737114,57,29
"3703","User #25360","Timepoint 55",6.45838168263435,57,29
"3704","User #25360","Timepoint 56",6.58737832307816,57,29
"3705","User #25360","Timepoint 57",6.62114357948303,57,29
"3706","User #25360","Timepoint 58",6.53625756502151,57,29
"3707","User #25360","Timepoint 59",6.26313349604607,57,29
"3708","User #25360","Timepoint 60",6.3294118642807,57,29
"3709","User #25360","Timepoint 61",6.45073416829109,57,29
"3710","User #25360","Timepoint 62",6.2632719874382,57,29
"3711","User #25360","Timepoint 63",6.41814479231834,57,29
"3712","User #25360","Timepoint 64",6.72476983070374,57,29
"3713","User #25317","Timepoint 1",0,57,29
"3714","User #25317","Timepoint 2",0,57,29
"3715","User #25317","Timepoint 3",0,57,29
"3716","User #25317","Timepoint 4",0,57,29
"3717","User #25317","Timepoint 5",0,57,29
"3718","User #25317","Timepoint 6",0,57,29
"3719","User #25317","Timepoint 7",0,57,29
"3720","User #25317","Timepoint 8",0,57,29
"3721","User #25317","Timepoint 9",0,57,29
"3722","User #25317","Timepoint 10",0,57,29
"3723","User #25317","Timepoint 11",0,57,29
"3724","User #25317","Timepoint 12",0,57,29
"3725","User #25317","Timepoint 13",0,57,29
"3726","User #25317","Timepoint 14",0,57,29
"3727","User #25317","Timepoint 15",0,57,29
"3728","User #25317","Timepoint 16",0,57,29
"3729","User #25317","Timepoint 17",NA,57,29
"3730","User #25317","Timepoint 18",NA,57,29
"3731","User #25317","Timepoint 19",NA,57,29
"3732","User #25317","Timepoint 20",NA,57,29
"3733","User #25317","Timepoint 21",NA,57,29
"3734","User #25317","Timepoint 22",NA,57,29
"3735","User #25317","Timepoint 23",NA,57,29
"3736","User #25317","Timepoint 24",NA,57,29
"3737","User #25317","Timepoint 25",14.5919828414917,57,29
"3738","User #25317","Timepoint 26",13.5386207103729,57,29
"3739","User #25317","Timepoint 27",12.4610228538513,57,29
"3740","User #25317","Timepoint 28",13.2224390506744,57,29
"3741","User #25317","Timepoint 29",13.2816743850708,57,29
"3742","User #25317","Timepoint 30",12.4352028369904,57,29
"3743","User #25317","Timepoint 31",14.5910143852234,57,29
"3744","User #25317","Timepoint 32",13.8154511451721,57,29
"3745","User #25317","Timepoint 33",11.9637949466705,57,29
"3746","User #25317","Timepoint 34",11.6713004112244,57,29
"3747","User #25317","Timepoint 35",11.0016837120056,57,29
"3748","User #25317","Timepoint 36",10.9047343730927,57,29
"3749","User #25317","Timepoint 37",10.4934694766998,57,29
"3750","User #25317","Timepoint 38",10.2241621017456,57,29
"3751","User #25317","Timepoint 39",11.1839165687561,57,29
"3752","User #25317","Timepoint 40",11.7675001621246,57,29
"3753","User #25317","Timepoint 41",10.1333067417145,57,29
"3754","User #25317","Timepoint 42",9.97173118591309,57,29
"3755","User #25317","Timepoint 43",9.67798388004303,57,29
"3756","User #25317","Timepoint 44",9.27776682376862,57,29
"3757","User #25317","Timepoint 45",8.94589495658875,57,29
"3758","User #25317","Timepoint 46",8.61010098457336,57,29
"3759","User #25317","Timepoint 47",9.4317227602005,57,29
"3760","User #25317","Timepoint 48",10.3418273925781,57,29
"3761","User #25317","Timepoint 49",11.3554441928864,57,29
"3762","User #25317","Timepoint 50",11.1198375225067,57,29
"3763","User #25317","Timepoint 51",10.4240725040436,57,29
"3764","User #25317","Timepoint 52",10.328219294548,57,29
"3765","User #25317","Timepoint 53",9.98838090896606,57,29
"3766","User #25317","Timepoint 54",9.70889687538147,57,29
"3767","User #25317","Timepoint 55",10.5086135864258,57,29
"3768","User #25317","Timepoint 56",11.2977488040924,57,29
"3769","User #25317","Timepoint 57",16.0645062923431,57,29
"3770","User #25317","Timepoint 58",14.9749171733856,57,29
"3771","User #25317","Timepoint 59",13.3176553249359,57,29
"3772","User #25317","Timepoint 60",14.5151193141937,57,29
"3773","User #25317","Timepoint 61",14.5361757278442,57,29
"3774","User #25317","Timepoint 62",13.8071813583374,57,29
"3775","User #25317","Timepoint 63",15.4155740737915,57,29
"3776","User #25317","Timepoint 64",15.0969183444977,57,29
"3777","User #25358","Timepoint 1",0,57,29
"3778","User #25358","Timepoint 2",0,57,29
"3779","User #25358","Timepoint 3",0,57,29
"3780","User #25358","Timepoint 4",0,57,29
"3781","User #25358","Timepoint 5",0,57,29
"3782","User #25358","Timepoint 6",0,57,29
"3783","User #25358","Timepoint 7",0,57,29
"3784","User #25358","Timepoint 8",0,57,29
"3785","User #25358","Timepoint 9",0,57,29
"3786","User #25358","Timepoint 10",0,57,29
"3787","User #25358","Timepoint 11",0,57,29
"3788","User #25358","Timepoint 12",0,57,29
"3789","User #25358","Timepoint 13",0,57,29
"3790","User #25358","Timepoint 14",0,57,29
"3791","User #25358","Timepoint 15",0,57,29
"3792","User #25358","Timepoint 16",0,57,29
"3793","User #25358","Timepoint 17",NA,57,29
"3794","User #25358","Timepoint 18",NA,57,29
"3795","User #25358","Timepoint 19",NA,57,29
"3796","User #25358","Timepoint 20",NA,57,29
"3797","User #25358","Timepoint 21",NA,57,29
"3798","User #25358","Timepoint 22",NA,57,29
"3799","User #25358","Timepoint 23",NA,57,29
"3800","User #25358","Timepoint 24",NA,57,29
"3801","User #25358","Timepoint 25",11.268488407135,57,29
"3802","User #25358","Timepoint 26",11.1352863311768,57,29
"3803","User #25358","Timepoint 27",10.7053215503693,57,29
"3804","User #25358","Timepoint 28",10.5824909210205,57,29
"3805","User #25358","Timepoint 29",10.414413690567,57,29
"3806","User #25358","Timepoint 30",10.3354296684265,57,29
"3807","User #25358","Timepoint 31",10.6145448684692,57,29
"3808","User #25358","Timepoint 32",11.3842425346375,57,29
"3809","User #25358","Timepoint 33",11.9662055969238,57,29
"3810","User #25358","Timepoint 34",11.6129279136658,57,29
"3811","User #25358","Timepoint 35",10.9448792934418,57,29
"3812","User #25358","Timepoint 36",11.2367687225342,57,29
"3813","User #25358","Timepoint 37",11.1770462989807,57,29
"3814","User #25358","Timepoint 38",10.9503650665283,57,29
"3815","User #25358","Timepoint 39",11.6539926528931,57,29
"3816","User #25358","Timepoint 40",11.9085111618042,57,29
"3817","User #25358","Timepoint 41",9.84644937515259,57,29
"3818","User #25358","Timepoint 42",9.73210501670837,57,29
"3819","User #25358","Timepoint 43",9.5764946937561,57,29
"3820","User #25358","Timepoint 44",9.34969139099121,57,29
"3821","User #25358","Timepoint 45",9.09827995300293,57,29
"3822","User #25358","Timepoint 46",8.96000289916992,57,29
"3823","User #25358","Timepoint 47",9.30888748168945,57,29
"3824","User #25358","Timepoint 48",10.0943846702576,57,29
"3825","User #25358","Timepoint 49",8.76356390118599,57,29
"3826","User #25358","Timepoint 50",8.69619470834732,57,29
"3827","User #25358","Timepoint 51",8.60255566239357,57,29
"3828","User #25358","Timepoint 52",8.46566793322563,57,29
"3829","User #25358","Timepoint 53",8.29127934575081,57,29
"3830","User #25358","Timepoint 54",8.21266305446625,57,29
"3831","User #25358","Timepoint 55",8.43284514546394,57,29
"3832","User #25358","Timepoint 56",8.91563546657562,57,29
"3833","User #25358","Timepoint 57",8.75814718008041,57,29
"3834","User #25358","Timepoint 58",8.69363096356392,57,29
"3835","User #25358","Timepoint 59",8.60065621137619,57,29
"3836","User #25358","Timepoint 60",8.46829411387444,57,29
"3837","User #25358","Timepoint 61",8.26709878444672,57,29
"3838","User #25358","Timepoint 62",8.20391309261322,57,29
"3839","User #25358","Timepoint 63",8.43531277775764,57,29
"3840","User #25358","Timepoint 64",8.89262330532074,57,29
"3841","User #25297","Timepoint 1",0,57,29
"3842","User #25297","Timepoint 2",0,57,29
"3843","User #25297","Timepoint 3",0,57,29
"3844","User #25297","Timepoint 4",0,57,29
"3845","User #25297","Timepoint 5",0,57,29
"3846","User #25297","Timepoint 6",0,57,29
"3847","User #25297","Timepoint 7",0,57,29
"3848","User #25297","Timepoint 8",0,57,29
"3849","User #25297","Timepoint 9",0,57,29
"3850","User #25297","Timepoint 10",0,57,29
"3851","User #25297","Timepoint 11",0,57,29
"3852","User #25297","Timepoint 12",0,57,29
"3853","User #25297","Timepoint 13",0,57,29
"3854","User #25297","Timepoint 14",0,57,29
"3855","User #25297","Timepoint 15",0,57,29
"3856","User #25297","Timepoint 16",0,57,29
"3857","User #25297","Timepoint 17",NA,57,29
"3858","User #25297","Timepoint 18",NA,57,29
"3859","User #25297","Timepoint 19",NA,57,29
"3860","User #25297","Timepoint 20",NA,57,29
"3861","User #25297","Timepoint 21",NA,57,29
"3862","User #25297","Timepoint 22",NA,57,29
"3863","User #25297","Timepoint 23",NA,57,29
"3864","User #25297","Timepoint 24",NA,57,29
"3865","User #25297","Timepoint 25",11.004569709301,57,29
"3866","User #25297","Timepoint 26",10.7569851875305,57,29
"3867","User #25297","Timepoint 27",10.4234365820885,57,29
"3868","User #25297","Timepoint 28",10.4722367227077,57,29
"3869","User #25297","Timepoint 29",10.1266219615936,57,29
"3870","User #25297","Timepoint 30",10.1396500468254,57,29
"3871","User #25297","Timepoint 31",10.6817673444748,57,29
"3872","User #25297","Timepoint 32",10.8360974788666,57,29
"3873","User #25297","Timepoint 33",10.5903525352478,57,29
"3874","User #25297","Timepoint 34",10.4178529679775,57,29
"3875","User #25297","Timepoint 35",10.0889925956726,57,29
"3876","User #25297","Timepoint 36",10.0554646253586,57,29
"3877","User #25297","Timepoint 37",9.84145230054855,57,29
"3878","User #25297","Timepoint 38",9.69720667600632,57,29
"3879","User #25297","Timepoint 39",10.1808882653713,57,29
"3880","User #25297","Timepoint 40",10.5811200141907,57,29
"3881","User #25297","Timepoint 41",10.3385752439499,57,29
"3882","User #25297","Timepoint 42",10.2232797145844,57,29
"3883","User #25297","Timepoint 43",10.0092052221298,57,29
"3884","User #25297","Timepoint 44",9.83928373456001,57,29
"3885","User #25297","Timepoint 45",9.55333551764488,57,29
"3886","User #25297","Timepoint 46",9.49487769603729,57,29
"3887","User #25297","Timepoint 47",9.87320849299431,57,29
"3888","User #25297","Timepoint 48",10.3871686458588,57,29
"3889","User #25297","Timepoint 49",10.3643580675125,57,29
"3890","User #25297","Timepoint 50",10.2465860247612,57,29
"3891","User #25297","Timepoint 51",10.0691487789154,57,29
"3892","User #25297","Timepoint 52",9.81248685717583,57,29
"3893","User #25297","Timepoint 53",9.48180937767029,57,29
"3894","User #25297","Timepoint 54",9.33836323022842,57,29
"3895","User #25297","Timepoint 55",9.76261708140373,57,29
"3896","User #25297","Timepoint 56",10.6041625738144,57,29
"3897","User #25297","Timepoint 57",12.7427141070366,57,29
"3898","User #25297","Timepoint 58",12.3500928878784,57,29
"3899","User #25297","Timepoint 59",11.6693525314331,57,29
"3900","User #25297","Timepoint 60",11.9837814569473,57,29
"3901","User #25297","Timepoint 61",11.3571093380451,57,29
"3902","User #25297","Timepoint 62",11.4618691802025,57,29
"3903","User #25297","Timepoint 63",12.30689483881,57,29
"3904","User #25297","Timepoint 64",12.2637048363686,57,29
"3905","User #25320","Timepoint 1",0,57,29
"3906","User #25320","Timepoint 2",0,57,29
"3907","User #25320","Timepoint 3",0,57,29
"3908","User #25320","Timepoint 4",0,57,29
"3909","User #25320","Timepoint 5",0,57,29
"3910","User #25320","Timepoint 6",0,57,29
"3911","User #25320","Timepoint 7",0,57,29
"3912","User #25320","Timepoint 8",0,57,29
"3913","User #25320","Timepoint 9",0,57,29
"3914","User #25320","Timepoint 10",0,57,29
"3915","User #25320","Timepoint 11",0,57,29
"3916","User #25320","Timepoint 12",0,57,29
"3917","User #25320","Timepoint 13",0,57,29
"3918","User #25320","Timepoint 14",0,57,29
"3919","User #25320","Timepoint 15",0,57,29
"3920","User #25320","Timepoint 16",0,57,29
"3921","User #25320","Timepoint 17",NA,57,29
"3922","User #25320","Timepoint 18",NA,57,29
"3923","User #25320","Timepoint 19",NA,57,29
"3924","User #25320","Timepoint 20",NA,57,29
"3925","User #25320","Timepoint 21",NA,57,29
"3926","User #25320","Timepoint 22",NA,57,29
"3927","User #25320","Timepoint 23",NA,57,29
"3928","User #25320","Timepoint 24",NA,57,29
"3929","User #25320","Timepoint 25",9.14907646179199,57,29
"3930","User #25320","Timepoint 26",9.02281165122986,57,29
"3931","User #25320","Timepoint 27",8.84785604476929,57,29
"3932","User #25320","Timepoint 28",8.79592883586884,57,29
"3933","User #25320","Timepoint 29",8.78306615352631,57,29
"3934","User #25320","Timepoint 30",8.60104036331177,57,29
"3935","User #25320","Timepoint 31",8.9711639881134,57,29
"3936","User #25320","Timepoint 32",9.17998075485229,57,29
"3937","User #25320","Timepoint 33",9.8761932849884,57,29
"3938","User #25320","Timepoint 34",9.62459373474121,57,29
"3939","User #25320","Timepoint 35",9.29728531837463,57,29
"3940","User #25320","Timepoint 36",9.44015192985535,57,29
"3941","User #25320","Timepoint 37",9.42190003395081,57,29
"3942","User #25320","Timepoint 38",9.24050498008728,57,29
"3943","User #25320","Timepoint 39",9.77481746673584,57,29
"3944","User #25320","Timepoint 40",9.72026681900024,57,29
"3945","User #25320","Timepoint 41",8.6438775062561,57,29
"3946","User #25320","Timepoint 42",8.58097410202026,57,29
"3947","User #25320","Timepoint 43",8.48408508300781,57,29
"3948","User #25320","Timepoint 44",8.36767077445984,57,29
"3949","User #25320","Timepoint 45",8.27461135387421,57,29
"3950","User #25320","Timepoint 46",8.15973460674286,57,29
"3951","User #25320","Timepoint 47",8.39899432659149,57,29
"3952","User #25320","Timepoint 48",8.74101901054382,57,29
"3953","User #25320","Timepoint 49",8.97923791408539,57,29
"3954","User #25320","Timepoint 50",8.84876668453217,57,29
"3955","User #25320","Timepoint 51",8.71427941322327,57,29
"3956","User #25320","Timepoint 52",8.68179130554199,57,29
"3957","User #25320","Timepoint 53",8.57549691200256,57,29
"3958","User #25320","Timepoint 54",8.43416142463684,57,29
"3959","User #25320","Timepoint 55",8.7899751663208,57,29
"3960","User #25320","Timepoint 56",8.97225975990295,57,29
"3961","User #25320","Timepoint 57",9.02996778488159,57,29
"3962","User #25320","Timepoint 58",8.91643476486206,57,29
"3963","User #25320","Timepoint 59",8.79575908184052,57,29
"3964","User #25320","Timepoint 60",8.72414433956146,57,29
"3965","User #25320","Timepoint 61",8.61381101608276,57,29
"3966","User #25320","Timepoint 62",8.48648929595947,57,29
"3967","User #25320","Timepoint 63",8.82922458648682,57,29
"3968","User #25320","Timepoint 64",9.03588843345642,57,29
"3969","User #25343","Timepoint 1",0,57,29
"3970","User #25343","Timepoint 2",0,57,29
"3971","User #25343","Timepoint 3",0,57,29
"3972","User #25343","Timepoint 4",0,57,29
"3973","User #25343","Timepoint 5",0,57,29
"3974","User #25343","Timepoint 6",0,57,29
"3975","User #25343","Timepoint 7",0,57,29
"3976","User #25343","Timepoint 8",0,57,29
"3977","User #25343","Timepoint 9",0,57,29
"3978","User #25343","Timepoint 10",0,57,29
"3979","User #25343","Timepoint 11",0,57,29
"3980","User #25343","Timepoint 12",0,57,29
"3981","User #25343","Timepoint 13",0,57,29
"3982","User #25343","Timepoint 14",0,57,29
"3983","User #25343","Timepoint 15",0,57,29
"3984","User #25343","Timepoint 16",0,57,29
"3985","User #25343","Timepoint 17",NA,57,29
"3986","User #25343","Timepoint 18",NA,57,29
"3987","User #25343","Timepoint 19",NA,57,29
"3988","User #25343","Timepoint 20",NA,57,29
"3989","User #25343","Timepoint 21",NA,57,29
"3990","User #25343","Timepoint 22",NA,57,29
"3991","User #25343","Timepoint 23",NA,57,29
"3992","User #25343","Timepoint 24",NA,57,29
"3993","User #25343","Timepoint 25",10.81010389328,57,29
"3994","User #25343","Timepoint 26",10.700665473938,57,29
"3995","User #25343","Timepoint 27",10.1331839561462,57,29
"3996","User #25343","Timepoint 28",10.0911521911621,57,29
"3997","User #25343","Timepoint 29",9.82882952690125,57,29
"3998","User #25343","Timepoint 30",9.84032297134399,57,29
"3999","User #25343","Timepoint 31",10.1336998939514,57,29
"4000","User #25343","Timepoint 32",10.8009185791016,57,29
"4001","User #25343","Timepoint 33",11.1498241424561,57,29
"4002","User #25343","Timepoint 34",11.0695061683655,57,29
"4003","User #25343","Timepoint 35",10.3036417961121,57,29
"4004","User #25343","Timepoint 36",10.391261100769,57,29
"4005","User #25343","Timepoint 37",10.0499572753906,57,29
"4006","User #25343","Timepoint 38",10.1865844726562,57,29
"4007","User #25343","Timepoint 39",10.3598055839539,57,29
"4008","User #25343","Timepoint 40",11.0391058921814,57,29
"4009","User #25343","Timepoint 41",9.81105494499207,57,29
"4010","User #25343","Timepoint 42",9.70024275779724,57,29
"4011","User #25343","Timepoint 43",9.24683785438538,57,29
"4012","User #25343","Timepoint 44",9.20020341873169,57,29
"4013","User #25343","Timepoint 45",8.82496976852417,57,29
"4014","User #25343","Timepoint 46",8.89085817337036,57,29
"4015","User #25343","Timepoint 47",9.10933899879456,57,29
"4016","User #25343","Timepoint 48",9.83637285232544,57,29
"4017","User #25343","Timepoint 49",9.97787547111511,57,29
"4018","User #25343","Timepoint 50",9.8568263053894,57,29
"4019","User #25343","Timepoint 51",9.23653972148895,57,29
"4020","User #25343","Timepoint 52",9.38628888130188,57,29
"4021","User #25343","Timepoint 53",9.02158176898956,57,29
"4022","User #25343","Timepoint 54",9.24274957180023,57,29
"4023","User #25343","Timepoint 55",9.30510377883911,57,29
"4024","User #25343","Timepoint 56",9.78685140609741,57,29
"4025","User #25343","Timepoint 57",8.95526039600372,57,29
"4026","User #25343","Timepoint 58",8.86317908763885,57,29
"4027","User #25343","Timepoint 59",8.48922836780548,57,29
"4028","User #25343","Timepoint 60",8.46842122077942,57,29
"4029","User #25343","Timepoint 61",8.25364619493484,57,29
"4030","User #25343","Timepoint 62",8.25631427764893,57,29
"4031","User #25343","Timepoint 63",8.43683516979218,57,29
"4032","User #25343","Timepoint 64",8.98871290683746,57,29
"4033","User #25378","Timepoint 1",0,57,29
"4034","User #25378","Timepoint 2",0,57,29
"4035","User #25378","Timepoint 3",0,57,29
"4036","User #25378","Timepoint 4",0,57,29
"4037","User #25378","Timepoint 5",0,57,29
"4038","User #25378","Timepoint 6",0,57,29
"4039","User #25378","Timepoint 7",0,57,29
"4040","User #25378","Timepoint 8",0,57,29
"4041","User #25378","Timepoint 9",0,57,29
"4042","User #25378","Timepoint 10",0,57,29
"4043","User #25378","Timepoint 11",0,57,29
"4044","User #25378","Timepoint 12",0,57,29
"4045","User #25378","Timepoint 13",0,57,29
"4046","User #25378","Timepoint 14",0,57,29
"4047","User #25378","Timepoint 15",0,57,29
"4048","User #25378","Timepoint 16",0,57,29
"4049","User #25378","Timepoint 17",NA,57,29
"4050","User #25378","Timepoint 18",NA,57,29
"4051","User #25378","Timepoint 19",NA,57,29
"4052","User #25378","Timepoint 20",NA,57,29
"4053","User #25378","Timepoint 21",NA,57,29
"4054","User #25378","Timepoint 22",NA,57,29
"4055","User #25378","Timepoint 23",NA,57,29
"4056","User #25378","Timepoint 24",NA,57,29
"4057","User #25378","Timepoint 25",9.6637766957283,57,29
"4058","User #25378","Timepoint 26",9.39702671766281,57,29
"4059","User #25378","Timepoint 27",9.13345015048981,57,29
"4060","User #25378","Timepoint 28",9.22734087705612,57,29
"4061","User #25378","Timepoint 29",9.40583938360214,57,29
"4062","User #25378","Timepoint 30",9.24018901586533,57,29
"4063","User #25378","Timepoint 31",9.5899703502655,57,29
"4064","User #25378","Timepoint 32",9.60165047645569,57,29
"4065","User #25378","Timepoint 33",9.16373693943024,57,29
"4066","User #25378","Timepoint 34",9.01871168613434,57,29
"4067","User #25378","Timepoint 35",8.72502088546753,57,29
"4068","User #25378","Timepoint 36",8.76773220300674,57,29
"4069","User #25378","Timepoint 37",8.88965773582458,57,29
"4070","User #25378","Timepoint 38",8.75887894630432,57,29
"4071","User #25378","Timepoint 39",8.89010977745056,57,29
"4072","User #25378","Timepoint 40",9.18138659000397,57,29
"4073","User #25378","Timepoint 41",8.58095675706863,57,29
"4074","User #25378","Timepoint 42",8.52373164892197,57,29
"4075","User #25378","Timepoint 43",8.34298902750015,57,29
"4076","User #25378","Timepoint 44",8.29195964336395,57,29
"4077","User #25378","Timepoint 45",8.25229486823082,57,29
"4078","User #25378","Timepoint 46",8.21080672740936,57,29
"4079","User #25378","Timepoint 47",8.28438499569893,57,29
"4080","User #25378","Timepoint 48",8.62006944417953,57,29
"4081","User #25378","Timepoint 49",8.33850258588791,57,29
"4082","User #25378","Timepoint 50",8.28998214006424,57,29
"4083","User #25378","Timepoint 51",8.18550992012024,57,29
"4084","User #25378","Timepoint 52",8.10719603300095,57,29
"4085","User #25378","Timepoint 53",8.04605087637901,57,29
"4086","User #25378","Timepoint 54",7.97585541009903,57,29
"4087","User #25378","Timepoint 55",8.12678840756416,57,29
"4088","User #25378","Timepoint 56",8.40363109111786,57,29
"4089","User #25378","Timepoint 57",8.92782753705978,57,29
"4090","User #25378","Timepoint 58",8.8654482960701,57,29
"4091","User #25378","Timepoint 59",8.66638278961182,57,29
"4092","User #25378","Timepoint 60",8.61536180973053,57,29
"4093","User #25378","Timepoint 61",8.56794857978821,57,29
"4094","User #25378","Timepoint 62",8.52624255418777,57,29
"4095","User #25378","Timepoint 63",8.66913849115372,57,29
"4096","User #25378","Timepoint 64",8.91407781839371,57,29
"4097","User #25390","Timepoint 1",0,57,29
"4098","User #25390","Timepoint 2",0,57,29
"4099","User #25390","Timepoint 3",0,57,29
"4100","User #25390","Timepoint 4",0,57,29
"4101","User #25390","Timepoint 5",0,57,29
"4102","User #25390","Timepoint 6",0,57,29
"4103","User #25390","Timepoint 7",0,57,29
"4104","User #25390","Timepoint 8",0,57,29
"4105","User #25390","Timepoint 9",0,57,29
"4106","User #25390","Timepoint 10",0,57,29
"4107","User #25390","Timepoint 11",0,57,29
"4108","User #25390","Timepoint 12",0,57,29
"4109","User #25390","Timepoint 13",0,57,29
"4110","User #25390","Timepoint 14",0,57,29
"4111","User #25390","Timepoint 15",0,57,29
"4112","User #25390","Timepoint 16",0,57,29
"4113","User #25390","Timepoint 17",NA,57,29
"4114","User #25390","Timepoint 18",NA,57,29
"4115","User #25390","Timepoint 19",NA,57,29
"4116","User #25390","Timepoint 20",NA,57,29
"4117","User #25390","Timepoint 21",NA,57,29
"4118","User #25390","Timepoint 22",NA,57,29
"4119","User #25390","Timepoint 23",NA,57,29
"4120","User #25390","Timepoint 24",NA,57,29
"4121","User #25390","Timepoint 25",16.2424451112747,57,29
"4122","User #25390","Timepoint 26",15.7457435131073,57,29
"4123","User #25390","Timepoint 27",14.8077371716499,57,29
"4124","User #25390","Timepoint 28",15.2627313137054,57,29
"4125","User #25390","Timepoint 29",14.8810946941376,57,29
"4126","User #25390","Timepoint 30",14.9125653505325,57,29
"4127","User #25390","Timepoint 31",15.3126442432404,57,29
"4128","User #25390","Timepoint 32",15.9014415740967,57,29
"4129","User #25390","Timepoint 33",14.092523753643,57,29
"4130","User #25390","Timepoint 34",13.8918858766556,57,29
"4131","User #25390","Timepoint 35",13.5211759805679,57,29
"4132","User #25390","Timepoint 36",13.3897858858109,57,29
"4133","User #25390","Timepoint 37",13.1153303384781,57,29
"4134","User #25390","Timepoint 38",12.9205024242401,57,29
"4135","User #25390","Timepoint 39",13.3819940686226,57,29
"4136","User #25390","Timepoint 40",14.2904955148697,57,29
"4137","User #25390","Timepoint 41",13.8252192735672,57,29
"4138","User #25390","Timepoint 42",13.6437779664993,57,29
"4139","User #25390","Timepoint 43",13.3244505524635,57,29
"4140","User #25390","Timepoint 44",13.1419351696968,57,29
"4141","User #25390","Timepoint 45",12.9269805550575,57,29
"4142","User #25390","Timepoint 46",12.6780492067337,57,29
"4143","User #25390","Timepoint 47",13.1490603089333,57,29
"4144","User #25390","Timepoint 48",14.1049563884735,57,29
"4145","User #25390","Timepoint 49",13.9329017996788,57,29
"4146","User #25390","Timepoint 50",13.6515779793262,57,29
"4147","User #25390","Timepoint 51",13.0564123392105,57,29
"4148","User #25390","Timepoint 52",13.0654262304306,57,29
"4149","User #25390","Timepoint 53",12.9183230400085,57,29
"4150","User #25390","Timepoint 54",12.6021648049355,57,29
"4151","User #25390","Timepoint 55",13.1804087460041,57,29
"4152","User #25390","Timepoint 56",14.1252835988998,57,29
"4153","User #25390","Timepoint 57",13.0470598042011,57,29
"4154","User #25390","Timepoint 58",12.8909332156181,57,29
"4155","User #25390","Timepoint 59",12.633466899395,57,29
"4156","User #25390","Timepoint 60",12.3568890094757,57,29
"4157","User #25390","Timepoint 61",11.9853974282742,57,29
"4158","User #25390","Timepoint 62",11.7977294325829,57,29
"4159","User #25390","Timepoint 63",12.3149925768375,57,29
"4160","User #25390","Timepoint 64",13.3327345252037,57,29
"4161","User #25375","Timepoint 1",0,57,29
"4162","User #25375","Timepoint 2",0,57,29
"4163","User #25375","Timepoint 3",0,57,29
"4164","User #25375","Timepoint 4",0,57,29
"4165","User #25375","Timepoint 5",0,57,29
"4166","User #25375","Timepoint 6",0,57,29
"4167","User #25375","Timepoint 7",0,57,29
"4168","User #25375","Timepoint 8",0,57,29
"4169","User #25375","Timepoint 9",0,57,29
"4170","User #25375","Timepoint 10",0,57,29
"4171","User #25375","Timepoint 11",0,57,29
"4172","User #25375","Timepoint 12",0,57,29
"4173","User #25375","Timepoint 13",0,57,29
"4174","User #25375","Timepoint 14",0,57,29
"4175","User #25375","Timepoint 15",0,57,29
"4176","User #25375","Timepoint 16",0,57,29
"4177","User #25375","Timepoint 17",NA,57,29
"4178","User #25375","Timepoint 18",NA,57,29
"4179","User #25375","Timepoint 19",NA,57,29
"4180","User #25375","Timepoint 20",NA,57,29
"4181","User #25375","Timepoint 21",NA,57,29
"4182","User #25375","Timepoint 22",NA,57,29
"4183","User #25375","Timepoint 23",NA,57,29
"4184","User #25375","Timepoint 24",NA,57,29
"4185","User #25375","Timepoint 25",11.437408208847,57,29
"4186","User #25375","Timepoint 26",11.3506616353989,57,29
"4187","User #25375","Timepoint 27",11.1729012727737,57,29
"4188","User #25375","Timepoint 28",10.9036178588867,57,29
"4189","User #25375","Timepoint 29",11.0156759023666,57,29
"4190","User #25375","Timepoint 30",10.6774200201035,57,29
"4191","User #25375","Timepoint 31",11.1611063480377,57,29
"4192","User #25375","Timepoint 32",11.6690158843994,57,29
"4193","User #25375","Timepoint 33",10.9123471975327,57,29
"4194","User #25375","Timepoint 34",10.8571155071259,57,29
"4195","User #25375","Timepoint 35",10.8623540401459,57,29
"4196","User #25375","Timepoint 36",10.4790871143341,57,29
"4197","User #25375","Timepoint 37",10.3980910181999,57,29
"4198","User #25375","Timepoint 38",10.1684844493866,57,29
"4199","User #25375","Timepoint 39",10.6768912672997,57,29
"4200","User #25375","Timepoint 40",11.1021589040756,57,29
"4201","User #25375","Timepoint 41",11.6799031496048,57,29
"4202","User #25375","Timepoint 42",11.520131111145,57,29
"4203","User #25375","Timepoint 43",11.2379680871964,57,29
"4204","User #25375","Timepoint 44",11.1368037462234,57,29
"4205","User #25375","Timepoint 45",11.2454661130905,57,29
"4206","User #25375","Timepoint 46",10.903990149498,57,29
"4207","User #25375","Timepoint 47",11.4592710733414,57,29
"4208","User #25375","Timepoint 48",11.8340239524841,57,29
"4209","User #25375","Timepoint 49",11.3339943885803,57,29
"4210","User #25375","Timepoint 50",11.1428676843643,57,29
"4211","User #25375","Timepoint 51",11.1406618356705,57,29
"4212","User #25375","Timepoint 52",10.8191795945168,57,29
"4213","User #25375","Timepoint 53",10.8489660620689,57,29
"4214","User #25375","Timepoint 54",10.5305690765381,57,29
"4215","User #25375","Timepoint 55",11.1614654064178,57,29
"4216","User #25375","Timepoint 56",11.4574632644653,57,29
"4217","User #25375","Timepoint 57",12.2176012992859,57,29
"4218","User #25375","Timepoint 58",11.8573763370514,57,29
"4219","User #25375","Timepoint 59",11.8180952072144,57,29
"4220","User #25375","Timepoint 60",11.6645219326019,57,29
"4221","User #25375","Timepoint 61",11.6935695409775,57,29
"4222","User #25375","Timepoint 62",11.3658801317215,57,29
"4223","User #25375","Timepoint 63",12.2998178005219,57,29
"4224","User #25375","Timepoint 64",12.1637961864471,57,29
"4225","User #25324","Timepoint 1",0,57,29
"4226","User #25324","Timepoint 2",0,57,29
"4227","User #25324","Timepoint 3",0,57,29
"4228","User #25324","Timepoint 4",0,57,29
"4229","User #25324","Timepoint 5",0,57,29
"4230","User #25324","Timepoint 6",0,57,29
"4231","User #25324","Timepoint 7",0,57,29
"4232","User #25324","Timepoint 8",0,57,29
"4233","User #25324","Timepoint 9",0,57,29
"4234","User #25324","Timepoint 10",0,57,29
"4235","User #25324","Timepoint 11",0,57,29
"4236","User #25324","Timepoint 12",0,57,29
"4237","User #25324","Timepoint 13",0,57,29
"4238","User #25324","Timepoint 14",0,57,29
"4239","User #25324","Timepoint 15",0,57,29
"4240","User #25324","Timepoint 16",0,57,29
"4241","User #25324","Timepoint 17",NA,57,29
"4242","User #25324","Timepoint 18",NA,57,29
"4243","User #25324","Timepoint 19",NA,57,29
"4244","User #25324","Timepoint 20",NA,57,29
"4245","User #25324","Timepoint 21",NA,57,29
"4246","User #25324","Timepoint 22",NA,57,29
"4247","User #25324","Timepoint 23",NA,57,29
"4248","User #25324","Timepoint 24",NA,57,29
"4249","User #25324","Timepoint 25",10.9645974040031,57,29
"4250","User #25324","Timepoint 26",10.8781866431236,57,29
"4251","User #25324","Timepoint 27",10.7109677195549,57,29
"4252","User #25324","Timepoint 28",10.6750647425652,57,29
"4253","User #25324","Timepoint 29",10.6687467098236,57,29
"4254","User #25324","Timepoint 30",10.5643765926361,57,29
"4255","User #25324","Timepoint 31",10.7805370688438,57,29
"4256","User #25324","Timepoint 32",10.9552356004715,57,29
"4257","User #25324","Timepoint 33",10.6485081911087,57,29
"4258","User #25324","Timepoint 34",10.5641412734985,57,29
"4259","User #25324","Timepoint 35",10.4186691641808,57,29
"4260","User #25324","Timepoint 36",10.3906390070915,57,29
"4261","User #25324","Timepoint 37",10.3107653260231,57,29
"4262","User #25324","Timepoint 38",10.2590777277946,57,29
"4263","User #25324","Timepoint 39",10.41008913517,57,29
"4264","User #25324","Timepoint 40",10.6483011245728,57,29
"4265","User #25324","Timepoint 41",10.516894698143,57,29
"4266","User #25324","Timepoint 42",10.4497835040092,57,29
"4267","User #25324","Timepoint 43",10.3177546262741,57,29
"4268","User #25324","Timepoint 44",10.2846660017967,57,29
"4269","User #25324","Timepoint 45",10.1788514256477,57,29
"4270","User #25324","Timepoint 46",10.1261451244354,57,29
"4271","User #25324","Timepoint 47",10.2976460158825,57,29
"4272","User #25324","Timepoint 48",10.5210927128792,57,29
"4273","User #25324","Timepoint 49",10.5381365418434,57,29
"4274","User #25324","Timepoint 50",10.4823956787586,57,29
"4275","User #25324","Timepoint 51",10.2913327217102,57,29
"4276","User #25324","Timepoint 52",10.2873893380165,57,29
"4277","User #25324","Timepoint 53",10.1712327897549,57,29
"4278","User #25324","Timepoint 54",10.1750026345253,57,29
"4279","User #25324","Timepoint 55",10.2756905257702,57,29
"4280","User #25324","Timepoint 56",10.5329870581627,57,29
"4281","User #25324","Timepoint 57",11.3662860989571,57,29
"4282","User #25324","Timepoint 58",11.282482624054,57,29
"4283","User #25324","Timepoint 59",11.067251086235,57,29
"4284","User #25324","Timepoint 60",11.0506880879402,57,29
"4285","User #25324","Timepoint 61",10.9705041646957,57,29
"4286","User #25324","Timepoint 62",10.9363991618156,57,29
"4287","User #25324","Timepoint 63",11.1941666007042,57,29
"4288","User #25324","Timepoint 64",11.2693401575089,57,29
"4289","User #25319","Timepoint 1",0,57,29
"4290","User #25319","Timepoint 2",0,57,29
"4291","User #25319","Timepoint 3",0,57,29
"4292","User #25319","Timepoint 4",0,57,29
"4293","User #25319","Timepoint 5",0,57,29
"4294","User #25319","Timepoint 6",0,57,29
"4295","User #25319","Timepoint 7",0,57,29
"4296","User #25319","Timepoint 8",0,57,29
"4297","User #25319","Timepoint 9",0,57,29
"4298","User #25319","Timepoint 10",0,57,29
"4299","User #25319","Timepoint 11",0,57,29
"4300","User #25319","Timepoint 12",0,57,29
"4301","User #25319","Timepoint 13",0,57,29
"4302","User #25319","Timepoint 14",0,57,29
"4303","User #25319","Timepoint 15",0,57,29
"4304","User #25319","Timepoint 16",0,57,29
"4305","User #25319","Timepoint 17",NA,57,29
"4306","User #25319","Timepoint 18",NA,57,29
"4307","User #25319","Timepoint 19",NA,57,29
"4308","User #25319","Timepoint 20",NA,57,29
"4309","User #25319","Timepoint 21",NA,57,29
"4310","User #25319","Timepoint 22",NA,57,29
"4311","User #25319","Timepoint 23",NA,57,29
"4312","User #25319","Timepoint 24",NA,57,29
"4313","User #25319","Timepoint 25",10.7386107444763,57,29
"4314","User #25319","Timepoint 26",10.593816280365,57,29
"4315","User #25319","Timepoint 27",10.4982566833496,57,29
"4316","User #25319","Timepoint 28",10.029176235199,57,29
"4317","User #25319","Timepoint 29",9.81614279747009,57,29
"4318","User #25319","Timepoint 30",9.72598648071289,57,29
"4319","User #25319","Timepoint 31",10.2394347190857,57,29
"4320","User #25319","Timepoint 32",10.7186899185181,57,29
"4321","User #25319","Timepoint 33",9.10048270225525,57,29
"4322","User #25319","Timepoint 34",9.01037883758545,57,29
"4323","User #25319","Timepoint 35",8.83221530914307,57,29
"4324","User #25319","Timepoint 36",8.56552171707153,57,29
"4325","User #25319","Timepoint 37",8.35705375671387,57,29
"4326","User #25319","Timepoint 38",8.19145441055298,57,29
"4327","User #25319","Timepoint 39",8.50797939300537,57,29
"4328","User #25319","Timepoint 40",9.36278104782104,57,29
"4329","User #25319","Timepoint 41",8.77250599861145,57,29
"4330","User #25319","Timepoint 42",8.65863227844238,57,29
"4331","User #25319","Timepoint 43",8.52751493453979,57,29
"4332","User #25319","Timepoint 44",8.31193852424622,57,29
"4333","User #25319","Timepoint 45",8.00360679626465,57,29
"4334","User #25319","Timepoint 46",7.89862430095673,57,29
"4335","User #25319","Timepoint 47",8.23316836357117,57,29
"4336","User #25319","Timepoint 48",9.01525163650513,57,29
"4337","User #25319","Timepoint 49",8.46983620524406,57,29
"4338","User #25319","Timepoint 50",8.33628043532372,57,29
"4339","User #25319","Timepoint 51",8.12262934446335,57,29
"4340","User #25319","Timepoint 52",7.89603364467621,57,29
"4341","User #25319","Timepoint 53",7.57257103919983,57,29
"4342","User #25319","Timepoint 54",7.44641870260239,57,29
"4343","User #25319","Timepoint 55",7.82490602135658,57,29
"4344","User #25319","Timepoint 56",8.69692891836166,57,29
"4345","User #25319","Timepoint 57",8.22217309474945,57,29
"4346","User #25319","Timepoint 58",8.08367455005646,57,29
"4347","User #25319","Timepoint 59",7.92312797904015,57,29
"4348","User #25319","Timepoint 60",7.67578727006912,57,29
"4349","User #25319","Timepoint 61",7.37080401182175,57,29
"4350","User #25319","Timepoint 62",7.22897885739803,57,29
"4351","User #25319","Timepoint 63",7.60689955949783,57,29
"4352","User #25319","Timepoint 64",8.48783355951309,57,29
"4353","User #25391","Timepoint 1",0,57,29
"4354","User #25391","Timepoint 2",0,57,29
"4355","User #25391","Timepoint 3",0,57,29
"4356","User #25391","Timepoint 4",0,57,29
"4357","User #25391","Timepoint 5",0,57,29
"4358","User #25391","Timepoint 6",0,57,29
"4359","User #25391","Timepoint 7",0,57,29
"4360","User #25391","Timepoint 8",0,57,29
"4361","User #25391","Timepoint 9",0,57,29
"4362","User #25391","Timepoint 10",0,57,29
"4363","User #25391","Timepoint 11",0,57,29
"4364","User #25391","Timepoint 12",0,57,29
"4365","User #25391","Timepoint 13",0,57,29
"4366","User #25391","Timepoint 14",0,57,29
"4367","User #25391","Timepoint 15",0,57,29
"4368","User #25391","Timepoint 16",0,57,29
"4369","User #25391","Timepoint 17",NA,57,29
"4370","User #25391","Timepoint 18",NA,57,29
"4371","User #25391","Timepoint 19",NA,57,29
"4372","User #25391","Timepoint 20",NA,57,29
"4373","User #25391","Timepoint 21",NA,57,29
"4374","User #25391","Timepoint 22",NA,57,29
"4375","User #25391","Timepoint 23",NA,57,29
"4376","User #25391","Timepoint 24",NA,57,29
"4377","User #25391","Timepoint 25",10.0059638619423,57,29
"4378","User #25391","Timepoint 26",9.91252732276917,57,29
"4379","User #25391","Timepoint 27",9.72483587265015,57,29
"4380","User #25391","Timepoint 28",9.4700391292572,57,29
"4381","User #25391","Timepoint 29",9.58563190698624,57,29
"4382","User #25391","Timepoint 30",9.33121484518051,57,29
"4383","User #25391","Timepoint 31",9.56796419620514,57,29
"4384","User #25391","Timepoint 32",10.1426832079887,57,29
"4385","User #25391","Timepoint 33",9.406285405159,57,29
"4386","User #25391","Timepoint 34",9.2839480638504,57,29
"4387","User #25391","Timepoint 35",9.13675975799561,57,29
"4388","User #25391","Timepoint 36",8.94835066795349,57,29
"4389","User #25391","Timepoint 37",9.11078226566315,57,29
"4390","User #25391","Timepoint 38",8.78019851446152,57,29
"4391","User #25391","Timepoint 39",9.06144168972969,57,29
"4392","User #25391","Timepoint 40",9.62334287166595,57,29
"4393","User #25391","Timepoint 41",9.33477547764778,57,29
"4394","User #25391","Timepoint 42",9.24503070116043,57,29
"4395","User #25391","Timepoint 43",9.11904853582382,57,29
"4396","User #25391","Timepoint 44",8.90225034952164,57,29
"4397","User #25391","Timepoint 45",8.97661444544792,57,29
"4398","User #25391","Timepoint 46",8.69399231672287,57,29
"4399","User #25391","Timepoint 47",8.95102050900459,57,29
"4400","User #25391","Timepoint 48",9.53338992595673,57,29
"4401","User #25391","Timepoint 49",9.75021493434906,57,29
"4402","User #25391","Timepoint 50",9.56567567586899,57,29
"4403","User #25391","Timepoint 51",9.40445747971535,57,29
"4404","User #25391","Timepoint 52",9.25355133414268,57,29
"4405","User #25391","Timepoint 53",9.38851100206375,57,29
"4406","User #25391","Timepoint 54",9.05536514520645,57,29
"4407","User #25391","Timepoint 55",9.37551480531693,57,29
"4408","User #25391","Timepoint 56",9.88254290819168,57,29
"4409","User #25391","Timepoint 57",9.9243016242981,57,29
"4410","User #25391","Timepoint 58",9.79803872108459,57,29
"4411","User #25391","Timepoint 59",9.53651857376099,57,29
"4412","User #25391","Timepoint 60",9.40718960762024,57,29
"4413","User #25391","Timepoint 61",9.49690681695938,57,29
"4414","User #25391","Timepoint 62",9.25307464599609,57,29
"4415","User #25391","Timepoint 63",9.48212352395058,57,29
"4416","User #25391","Timepoint 64",10.0491876602173,57,29
