"","ID","Timepoint","Prediction","Bootstrap","Jackknife"
"1","User #25334","Timepoint 1",0,39,7
"2","User #25334","Timepoint 2",0,39,7
"3","User #25334","Timepoint 3",0,39,7
"4","User #25334","Timepoint 4",0,39,7
"5","User #25334","Timepoint 5",0,39,7
"6","User #25334","Timepoint 6",0,39,7
"7","User #25334","Timepoint 7",0,39,7
"8","User #25334","Timepoint 8",0,39,7
"9","User #25334","Timepoint 9",0,39,7
"10","User #25334","Timepoint 10",0,39,7
"11","User #25334","Timepoint 11",0,39,7
"12","User #25334","Timepoint 12",0,39,7
"13","User #25334","Timepoint 13",0,39,7
"14","User #25334","Timepoint 14",0,39,7
"15","User #25334","Timepoint 15",0,39,7
"16","User #25334","Timepoint 16",0,39,7
"17","User #25334","Timepoint 17",13.0383930206299,39,7
"18","User #25334","Timepoint 18",14.5290565490723,39,7
"19","User #25334","Timepoint 19",7.0208888053894,39,7
"20","User #25334","Timepoint 20",6.94185543060303,39,7
"21","User #25334","Timepoint 21",7.65201616287231,39,7
"22","User #25334","Timepoint 22",13.0817279815674,39,7
"23","User #25334","Timepoint 23",9.13016939163208,39,7
"24","User #25334","Timepoint 24",9.26389455795288,39,7
"25","User #25334","Timepoint 25",8.69252729415894,39,7
"26","User #25334","Timepoint 26",6.57518970966339,39,7
"27","User #25334","Timepoint 27",7.89293718338013,39,7
"28","User #25334","Timepoint 28",9.68383646011353,39,7
"29","User #25334","Timepoint 29",9.27210283279419,39,7
"30","User #25334","Timepoint 30",4.37621039152145,39,7
"31","User #25334","Timepoint 31",8.11020803451538,39,7
"32","User #25334","Timepoint 32",9.36449718475342,39,7
"33","User #25334","Timepoint 33",5.88097167015076,39,7
"34","User #25334","Timepoint 34",9.96799039840698,39,7
"35","User #25334","Timepoint 35",9.30135631561279,39,7
"36","User #25334","Timepoint 36",6.62320184707642,39,7
"37","User #25334","Timepoint 37",9.04671764373779,39,7
"38","User #25334","Timepoint 38",9.04874849319458,39,7
"39","User #25334","Timepoint 39",7.30087041854858,39,7
"40","User #25334","Timepoint 40",6.70853292942047,39,7
"41","User #25334","Timepoint 41",7.50826549530029,39,7
"42","User #25334","Timepoint 42",7.73609161376953,39,7
"43","User #25334","Timepoint 43",9.39322566986084,39,7
"44","User #25334","Timepoint 44",8.24567270278931,39,7
"45","User #25334","Timepoint 45",8.47072768211365,39,7
"46","User #25334","Timepoint 46",7.73064112663269,39,7
"47","User #25334","Timepoint 47",8.61028003692627,39,7
"48","User #25334","Timepoint 48",7.93536353111267,39,7
"49","User #25334","Timepoint 49",7.85228469967842,39,7
"50","User #25334","Timepoint 50",8.21829295158386,39,7
"51","User #25334","Timepoint 51",7.93237233161926,39,7
"52","User #25334","Timepoint 52",9.129678606987,39,7
"53","User #25334","Timepoint 53",8.5861132144928,39,7
"54","User #25334","Timepoint 54",7.53580477833748,39,7
"55","User #25334","Timepoint 55",7.48077058792114,39,7
"56","User #25334","Timepoint 56",8.41742649674416,39,7
"57","User #25334","Timepoint 57",9.18526703119278,39,7
"58","User #25334","Timepoint 58",8.43644326925278,39,7
"59","User #25334","Timepoint 59",6.89392328262329,39,7
"60","User #25334","Timepoint 60",8.96081906557083,39,7
"61","User #25334","Timepoint 61",8.33351698517799,39,7
"62","User #25334","Timepoint 62",7.72761097550392,39,7
"63","User #25334","Timepoint 63",7.72614067792892,39,7
"64","User #25334","Timepoint 64",7.48803387582302,39,7
"65","User #25319","Timepoint 1",0,39,7
"66","User #25319","Timepoint 2",0,39,7
"67","User #25319","Timepoint 3",0,39,7
"68","User #25319","Timepoint 4",0,39,7
"69","User #25319","Timepoint 5",0,39,7
"70","User #25319","Timepoint 6",0,39,7
"71","User #25319","Timepoint 7",0,39,7
"72","User #25319","Timepoint 8",0,39,7
"73","User #25319","Timepoint 9",0,39,7
"74","User #25319","Timepoint 10",0,39,7
"75","User #25319","Timepoint 11",0,39,7
"76","User #25319","Timepoint 12",0,39,7
"77","User #25319","Timepoint 13",0,39,7
"78","User #25319","Timepoint 14",0,39,7
"79","User #25319","Timepoint 15",0,39,7
"80","User #25319","Timepoint 16",0,39,7
"81","User #25319","Timepoint 17",6.81326222419739,39,7
"82","User #25319","Timepoint 18",7.22430849075317,39,7
"83","User #25319","Timepoint 19",7.94159650802612,39,7
"84","User #25319","Timepoint 20",5.52539673447609,39,7
"85","User #25319","Timepoint 21",9.99369835853577,39,7
"86","User #25319","Timepoint 22",9.23875761032104,39,7
"87","User #25319","Timepoint 23",7.90776753425598,39,7
"88","User #25319","Timepoint 24",5.83606712520123,39,7
"89","User #25319","Timepoint 25",7.83585381507874,39,7
"90","User #25319","Timepoint 26",7.39187335968018,39,7
"91","User #25319","Timepoint 27",7.84226560592651,39,7
"92","User #25319","Timepoint 28",7.10084354877472,39,7
"93","User #25319","Timepoint 29",7.76418423652649,39,7
"94","User #25319","Timepoint 30",9.21363401412964,39,7
"95","User #25319","Timepoint 31",8.17388463020325,39,7
"96","User #25319","Timepoint 32",6.09704194962978,39,7
"97","User #25319","Timepoint 33",7.55449485778809,39,7
"98","User #25319","Timepoint 34",8.1584198474884,39,7
"99","User #25319","Timepoint 35",8.78755021095276,39,7
"100","User #25319","Timepoint 36",5.95461031794548,39,7
"101","User #25319","Timepoint 37",7.11348712444305,39,7
"102","User #25319","Timepoint 38",8.38705444335938,39,7
"103","User #25319","Timepoint 39",10.0567436218262,39,7
"104","User #25319","Timepoint 40",8.18196725845337,39,7
"105","User #25319","Timepoint 41",6.89063280820847,39,7
"106","User #25319","Timepoint 42",7.95379853248596,39,7
"107","User #25319","Timepoint 43",7.46455144882202,39,7
"108","User #25319","Timepoint 44",8.78193616867065,39,7
"109","User #25319","Timepoint 45",7.94972932338715,39,7
"110","User #25319","Timepoint 46",7.791628241539,39,7
"111","User #25319","Timepoint 47",7.76027202606201,39,7
"112","User #25319","Timepoint 48",5.77172575891018,39,7
"113","User #25319","Timepoint 49",8.8583437204361,39,7
"114","User #25319","Timepoint 50",10.4002059102058,39,7
"115","User #25319","Timepoint 51",8.2833788394928,39,7
"116","User #25319","Timepoint 52",7.03687733411789,39,7
"117","User #25319","Timepoint 53",8.57497251033783,39,7
"118","User #25319","Timepoint 54",9.34422588348389,39,7
"119","User #25319","Timepoint 55",9.39907139539719,39,7
"120","User #25319","Timepoint 56",7.9809103012085,39,7
"121","User #25319","Timepoint 57",7.82519495487213,39,7
"122","User #25319","Timepoint 58",8.86455482244492,39,7
"123","User #25319","Timepoint 59",8.77999013662338,39,7
"124","User #25319","Timepoint 60",7.74009338021278,39,7
"125","User #25319","Timepoint 61",8.02090233564377,39,7
"126","User #25319","Timepoint 62",9.7344017624855,39,7
"127","User #25319","Timepoint 63",8.59725093841553,39,7
"128","User #25319","Timepoint 64",7.27823978662491,39,7
"129","User #25362","Timepoint 1",0,39,7
"130","User #25362","Timepoint 2",0,39,7
"131","User #25362","Timepoint 3",0,39,7
"132","User #25362","Timepoint 4",0,39,7
"133","User #25362","Timepoint 5",0,39,7
"134","User #25362","Timepoint 6",0,39,7
"135","User #25362","Timepoint 7",0,39,7
"136","User #25362","Timepoint 8",0,39,7
"137","User #25362","Timepoint 9",0,39,7
"138","User #25362","Timepoint 10",0,39,7
"139","User #25362","Timepoint 11",0,39,7
"140","User #25362","Timepoint 12",0,39,7
"141","User #25362","Timepoint 13",0,39,7
"142","User #25362","Timepoint 14",0,39,7
"143","User #25362","Timepoint 15",0,39,7
"144","User #25362","Timepoint 16",0,39,7
"145","User #25362","Timepoint 17",7.5791323184967,39,7
"146","User #25362","Timepoint 18",11.6744651794434,39,7
"147","User #25362","Timepoint 19",14.4925141334534,39,7
"148","User #25362","Timepoint 20",9.76123332977295,39,7
"149","User #25362","Timepoint 21",7.38006299734116,39,7
"150","User #25362","Timepoint 22",10.4362845420837,39,7
"151","User #25362","Timepoint 23",7.9904088973999,39,7
"152","User #25362","Timepoint 24",11.5947790145874,39,7
"153","User #25362","Timepoint 25",10.0353016853333,39,7
"154","User #25362","Timepoint 26",8.26402032375336,39,7
"155","User #25362","Timepoint 27",11.0334796905518,39,7
"156","User #25362","Timepoint 28",11.2079653739929,39,7
"157","User #25362","Timepoint 29",7.94271039962769,39,7
"158","User #25362","Timepoint 30",12.6476421356201,39,7
"159","User #25362","Timepoint 31",15.3309955596924,39,7
"160","User #25362","Timepoint 32",11.0796647071838,39,7
"161","User #25362","Timepoint 33",10.8235578536987,39,7
"162","User #25362","Timepoint 34",10.8173789978027,39,7
"163","User #25362","Timepoint 35",10.326849937439,39,7
"164","User #25362","Timepoint 36",10.0877954959869,39,7
"165","User #25362","Timepoint 37",7.10966548323631,39,7
"166","User #25362","Timepoint 38",9.33032083511353,39,7
"167","User #25362","Timepoint 39",8.33173322677612,39,7
"168","User #25362","Timepoint 40",8.76233601570129,39,7
"169","User #25362","Timepoint 41",11.2957320213318,39,7
"170","User #25362","Timepoint 42",7.71962875127792,39,7
"171","User #25362","Timepoint 43",8.35133719444275,39,7
"172","User #25362","Timepoint 44",11.0939140319824,39,7
"173","User #25362","Timepoint 45",10.9595408439636,39,7
"174","User #25362","Timepoint 46",7.95161014795303,39,7
"175","User #25362","Timepoint 47",9.71380805969238,39,7
"176","User #25362","Timepoint 48",8.13314402103424,39,7
"177","User #25362","Timepoint 49",7.59591569006443,39,7
"178","User #25362","Timepoint 50",7.25611754506826,39,7
"179","User #25362","Timepoint 51",8.65437579154968,39,7
"180","User #25362","Timepoint 52",9.4971829354763,39,7
"181","User #25362","Timepoint 53",9.04266607761383,39,7
"182","User #25362","Timepoint 54",7.39617124944925,39,7
"183","User #25362","Timepoint 55",10.466984629631,39,7
"184","User #25362","Timepoint 56",9.70988941192627,39,7
"185","User #25362","Timepoint 57",8.74335807561874,39,7
"186","User #25362","Timepoint 58",8.89120948314667,39,7
"187","User #25362","Timepoint 59",7.86318254470825,39,7
"188","User #25362","Timepoint 60",7.46749334782362,39,7
"189","User #25362","Timepoint 61",8.29564523696899,39,7
"190","User #25362","Timepoint 62",8.54173493385315,39,7
"191","User #25362","Timepoint 63",8.41757160425186,39,7
"192","User #25362","Timepoint 64",8.66062816977501,39,7
"193","User #25307","Timepoint 1",0,39,7
"194","User #25307","Timepoint 2",0,39,7
"195","User #25307","Timepoint 3",0,39,7
"196","User #25307","Timepoint 4",0,39,7
"197","User #25307","Timepoint 5",0,39,7
"198","User #25307","Timepoint 6",0,39,7
"199","User #25307","Timepoint 7",0,39,7
"200","User #25307","Timepoint 8",0,39,7
"201","User #25307","Timepoint 9",0,39,7
"202","User #25307","Timepoint 10",0,39,7
"203","User #25307","Timepoint 11",0,39,7
"204","User #25307","Timepoint 12",0,39,7
"205","User #25307","Timepoint 13",0,39,7
"206","User #25307","Timepoint 14",0,39,7
"207","User #25307","Timepoint 15",0,39,7
"208","User #25307","Timepoint 16",0,39,7
"209","User #25307","Timepoint 17",7.40068596601486,39,7
"210","User #25307","Timepoint 18",6.73486539721489,39,7
"211","User #25307","Timepoint 19",5.85595552623272,39,7
"212","User #25307","Timepoint 20",5.45261237770319,39,7
"213","User #25307","Timepoint 21",7.08791008591652,39,7
"214","User #25307","Timepoint 22",7.36926871538162,39,7
"215","User #25307","Timepoint 23",11.8006594181061,39,7
"216","User #25307","Timepoint 24",9.75165235996246,39,7
"217","User #25307","Timepoint 25",3.90505670011044,39,7
"218","User #25307","Timepoint 26",8.40241324901581,39,7
"219","User #25307","Timepoint 27",5.51106998324394,39,7
"220","User #25307","Timepoint 28",6.39037507772446,39,7
"221","User #25307","Timepoint 29",5.77161151915789,39,7
"222","User #25307","Timepoint 30",7.51033279299736,39,7
"223","User #25307","Timepoint 31",5.97480212897062,39,7
"224","User #25307","Timepoint 32",9.18407842516899,39,7
"225","User #25307","Timepoint 33",8.796262383461,39,7
"226","User #25307","Timepoint 34",7.17209577560425,39,7
"227","User #25307","Timepoint 35",9.8700767159462,39,7
"228","User #25307","Timepoint 36",8.17116552591324,39,7
"229","User #25307","Timepoint 37",5.95215369015932,39,7
"230","User #25307","Timepoint 38",5.97204723209143,39,7
"231","User #25307","Timepoint 39",6.795076161623,39,7
"232","User #25307","Timepoint 40",6.5130687057972,39,7
"233","User #25307","Timepoint 41",8.36418640613556,39,7
"234","User #25307","Timepoint 42",6.42009904980659,39,7
"235","User #25307","Timepoint 43",5.08115211129189,39,7
"236","User #25307","Timepoint 44",5.55860415846109,39,7
"237","User #25307","Timepoint 45",11.4197465777397,39,7
"238","User #25307","Timepoint 46",7.72621494531631,39,7
"239","User #25307","Timepoint 47",9.66439473628998,39,7
"240","User #25307","Timepoint 48",7.28289273381233,39,7
"241","User #25307","Timepoint 49",7.00681495666504,39,7
"242","User #25307","Timepoint 50",4.77420221269131,39,7
"243","User #25307","Timepoint 51",8.98857343196869,39,7
"244","User #25307","Timepoint 52",7.88051757216454,39,7
"245","User #25307","Timepoint 53",7.32680141925812,39,7
"246","User #25307","Timepoint 54",8.01799714565277,39,7
"247","User #25307","Timepoint 55",5.91689515113831,39,7
"248","User #25307","Timepoint 56",5.79579393565655,39,7
"249","User #25307","Timepoint 57",8.39574694633484,39,7
"250","User #25307","Timepoint 58",5.37979241460562,39,7
"251","User #25307","Timepoint 59",8.82734102010727,39,7
"252","User #25307","Timepoint 60",8.01886478066444,39,7
"253","User #25307","Timepoint 61",7.11796528100967,39,7
"254","User #25307","Timepoint 62",4.79643835872412,39,7
"255","User #25307","Timepoint 63",7.73235809803009,39,7
"256","User #25307","Timepoint 64",4.79172516986728,39,7
"257","User #25325","Timepoint 1",0,39,7
"258","User #25325","Timepoint 2",0,39,7
"259","User #25325","Timepoint 3",0,39,7
"260","User #25325","Timepoint 4",0,39,7
"261","User #25325","Timepoint 5",0,39,7
"262","User #25325","Timepoint 6",0,39,7
"263","User #25325","Timepoint 7",0,39,7
"264","User #25325","Timepoint 8",0,39,7
"265","User #25325","Timepoint 9",0,39,7
"266","User #25325","Timepoint 10",0,39,7
"267","User #25325","Timepoint 11",0,39,7
"268","User #25325","Timepoint 12",0,39,7
"269","User #25325","Timepoint 13",0,39,7
"270","User #25325","Timepoint 14",0,39,7
"271","User #25325","Timepoint 15",0,39,7
"272","User #25325","Timepoint 16",0,39,7
"273","User #25325","Timepoint 17",9.42664510011673,39,7
"274","User #25325","Timepoint 18",7.68035002052784,39,7
"275","User #25325","Timepoint 19",9.1767503619194,39,7
"276","User #25325","Timepoint 20",10.3529404997826,39,7
"277","User #25325","Timepoint 21",13.2107625007629,39,7
"278","User #25325","Timepoint 22",10.323745906353,39,7
"279","User #25325","Timepoint 23",7.84614372253418,39,7
"280","User #25325","Timepoint 24",12.7420843839645,39,7
"281","User #25325","Timepoint 25",12.0267834663391,39,7
"282","User #25325","Timepoint 26",9.77329522371292,39,7
"283","User #25325","Timepoint 27",8.4423251748085,39,7
"284","User #25325","Timepoint 28",8.99656265974045,39,7
"285","User #25325","Timepoint 29",8.97497671842575,39,7
"286","User #25325","Timepoint 30",6.95635449886322,39,7
"287","User #25325","Timepoint 31",8.61326116323471,39,7
"288","User #25325","Timepoint 32",9.31358259916306,39,7
"289","User #25325","Timepoint 33",6.68428531289101,39,7
"290","User #25325","Timepoint 34",7.8543848991394,39,7
"291","User #25325","Timepoint 35",5.99818587303162,39,7
"292","User #25325","Timepoint 36",7.05694237351418,39,7
"293","User #25325","Timepoint 37",6.70495172590017,39,7
"294","User #25325","Timepoint 38",10.0532866120338,39,7
"295","User #25325","Timepoint 39",8.40485852956772,39,7
"296","User #25325","Timepoint 40",10.3135378956795,39,7
"297","User #25325","Timepoint 41",8.73515397310257,39,7
"298","User #25325","Timepoint 42",8.16778492927551,39,7
"299","User #25325","Timepoint 43",8.84091448783875,39,7
"300","User #25325","Timepoint 44",9.23884624242783,39,7
"301","User #25325","Timepoint 45",8.71349877119064,39,7
"302","User #25325","Timepoint 46",7.4191809296608,39,7
"303","User #25325","Timepoint 47",7.7220106869936,39,7
"304","User #25325","Timepoint 48",7.25305865705013,39,7
"305","User #25325","Timepoint 49",7.47481381893158,39,7
"306","User #25325","Timepoint 50",6.15206452459097,39,7
"307","User #25325","Timepoint 51",6.43583981692791,39,7
"308","User #25325","Timepoint 52",6.24318896234035,39,7
"309","User #25325","Timepoint 53",9.78512471914291,39,7
"310","User #25325","Timepoint 54",7.82586640119553,39,7
"311","User #25325","Timepoint 55",7.80022746324539,39,7
"312","User #25325","Timepoint 56",9.81504952907562,39,7
"313","User #25325","Timepoint 57",8.70469486713409,39,7
"314","User #25325","Timepoint 58",6.72888769209385,39,7
"315","User #25325","Timepoint 59",8.94716626405716,39,7
"316","User #25325","Timepoint 60",9.72894465923309,39,7
"317","User #25325","Timepoint 61",8.14680910110474,39,7
"318","User #25325","Timepoint 62",6.42834851890802,39,7
"319","User #25325","Timepoint 63",7.14853568375111,39,7
"320","User #25325","Timepoint 64",7.29787415266037,39,7
"321","User #25383","Timepoint 1",0,39,7
"322","User #25383","Timepoint 2",0,39,7
"323","User #25383","Timepoint 3",0,39,7
"324","User #25383","Timepoint 4",0,39,7
"325","User #25383","Timepoint 5",0,39,7
"326","User #25383","Timepoint 6",0,39,7
"327","User #25383","Timepoint 7",0,39,7
"328","User #25383","Timepoint 8",0,39,7
"329","User #25383","Timepoint 9",0,39,7
"330","User #25383","Timepoint 10",0,39,7
"331","User #25383","Timepoint 11",0,39,7
"332","User #25383","Timepoint 12",0,39,7
"333","User #25383","Timepoint 13",0,39,7
"334","User #25383","Timepoint 14",0,39,7
"335","User #25383","Timepoint 15",0,39,7
"336","User #25383","Timepoint 16",0,39,7
"337","User #25383","Timepoint 17",10.6258075237274,39,7
"338","User #25383","Timepoint 18",8.99678701162338,39,7
"339","User #25383","Timepoint 19",8.54850852489471,39,7
"340","User #25383","Timepoint 20",8.59372943639755,39,7
"341","User #25383","Timepoint 21",8.2787963449955,39,7
"342","User #25383","Timepoint 22",7.97725838422775,39,7
"343","User #25383","Timepoint 23",8.14470946788788,39,7
"344","User #25383","Timepoint 24",9.17747557163239,39,7
"345","User #25383","Timepoint 25",11.5707979202271,39,7
"346","User #25383","Timepoint 26",8.7217139005661,39,7
"347","User #25383","Timepoint 27",7.83045959472656,39,7
"348","User #25383","Timepoint 28",8.93637907505035,39,7
"349","User #25383","Timepoint 29",11.1833181381226,39,7
"350","User #25383","Timepoint 30",9.66586697101593,39,7
"351","User #25383","Timepoint 31",9.87466907501221,39,7
"352","User #25383","Timepoint 32",10.6423988342285,39,7
"353","User #25383","Timepoint 33",9.58997559547424,39,7
"354","User #25383","Timepoint 34",7.91252130270004,39,7
"355","User #25383","Timepoint 35",8.30620312690735,39,7
"356","User #25383","Timepoint 36",8.63426375389099,39,7
"357","User #25383","Timepoint 37",9.24399244785309,39,7
"358","User #25383","Timepoint 38",8.41832560300827,39,7
"359","User #25383","Timepoint 39",9.31350910663605,39,7
"360","User #25383","Timepoint 40",9.41740441322327,39,7
"361","User #25383","Timepoint 41",9.14218962192535,39,7
"362","User #25383","Timepoint 42",8.07486873865128,39,7
"363","User #25383","Timepoint 43",8.15429484844208,39,7
"364","User #25383","Timepoint 44",8.86388337612152,39,7
"365","User #25383","Timepoint 45",10.4216711521149,39,7
"366","User #25383","Timepoint 46",11.3552644252777,39,7
"367","User #25383","Timepoint 47",9.65747833251953,39,7
"368","User #25383","Timepoint 48",9.17718112468719,39,7
"369","User #25383","Timepoint 49",8.42049065232277,39,7
"370","User #25383","Timepoint 50",8.50966399908066,39,7
"371","User #25383","Timepoint 51",9.46390438079834,39,7
"372","User #25383","Timepoint 52",9.02722680568695,39,7
"373","User #25383","Timepoint 53",9.35538768768311,39,7
"374","User #25383","Timepoint 54",8.89658188819885,39,7
"375","User #25383","Timepoint 55",7.62794870138168,39,7
"376","User #25383","Timepoint 56",8.59450548887253,39,7
"377","User #25383","Timepoint 57",10.9685418605804,39,7
"378","User #25383","Timepoint 58",9.64948034286499,39,7
"379","User #25383","Timepoint 59",10.428772687912,39,7
"380","User #25383","Timepoint 60",9.49450981616974,39,7
"381","User #25383","Timepoint 61",8.4773226082325,39,7
"382","User #25383","Timepoint 62",7.89351126551628,39,7
"383","User #25383","Timepoint 63",8.70062816143036,39,7
"384","User #25383","Timepoint 64",9.1447069644928,39,7
"385","User #25318","Timepoint 1",0,39,7
"386","User #25318","Timepoint 2",0,39,7
"387","User #25318","Timepoint 3",0,39,7
"388","User #25318","Timepoint 4",0,39,7
"389","User #25318","Timepoint 5",0,39,7
"390","User #25318","Timepoint 6",0,39,7
"391","User #25318","Timepoint 7",0,39,7
"392","User #25318","Timepoint 8",0,39,7
"393","User #25318","Timepoint 9",0,39,7
"394","User #25318","Timepoint 10",0,39,7
"395","User #25318","Timepoint 11",0,39,7
"396","User #25318","Timepoint 12",0,39,7
"397","User #25318","Timepoint 13",0,39,7
"398","User #25318","Timepoint 14",0,39,7
"399","User #25318","Timepoint 15",0,39,7
"400","User #25318","Timepoint 16",0,39,7
"401","User #25318","Timepoint 17",9.83417993783951,39,7
"402","User #25318","Timepoint 18",14.0982298851013,39,7
"403","User #25318","Timepoint 19",10.8675488829613,39,7
"404","User #25318","Timepoint 20",12.3878394365311,39,7
"405","User #25318","Timepoint 21",15.0232652425766,39,7
"406","User #25318","Timepoint 22",11.3556099534035,39,7
"407","User #25318","Timepoint 23",13.0062068104744,39,7
"408","User #25318","Timepoint 24",12.9501766562462,39,7
"409","User #25318","Timepoint 25",10.3342180848122,39,7
"410","User #25318","Timepoint 26",15.0390658378601,39,7
"411","User #25318","Timepoint 27",7.76188456267118,39,7
"412","User #25318","Timepoint 28",8.4558310508728,39,7
"413","User #25318","Timepoint 29",9.45548677444458,39,7
"414","User #25318","Timepoint 30",7.70678264647722,39,7
"415","User #25318","Timepoint 31",8.75659477710724,39,7
"416","User #25318","Timepoint 32",10.6265495419502,39,7
"417","User #25318","Timepoint 33",12.2400669455528,39,7
"418","User #25318","Timepoint 34",10.3619719743729,39,7
"419","User #25318","Timepoint 35",6.55311122536659,39,7
"420","User #25318","Timepoint 36",10.9647724032402,39,7
"421","User #25318","Timepoint 37",9.26389673352242,39,7
"422","User #25318","Timepoint 38",9.78231605887413,39,7
"423","User #25318","Timepoint 39",10.8705141544342,39,7
"424","User #25318","Timepoint 40",9.46450483798981,39,7
"425","User #25318","Timepoint 41",8.00713774561882,39,7
"426","User #25318","Timepoint 42",7.80095291137695,39,7
"427","User #25318","Timepoint 43",10.2103367447853,39,7
"428","User #25318","Timepoint 44",10.0322512686253,39,7
"429","User #25318","Timepoint 45",8.53425991535187,39,7
"430","User #25318","Timepoint 46",8.0271010696888,39,7
"431","User #25318","Timepoint 47",9.59217965602875,39,7
"432","User #25318","Timepoint 48",10.5114517807961,39,7
"433","User #25318","Timepoint 49",7.83829201757908,39,7
"434","User #25318","Timepoint 50",8.53164982795715,39,7
"435","User #25318","Timepoint 51",9.6161590218544,39,7
"436","User #25318","Timepoint 52",9.22832128405571,39,7
"437","User #25318","Timepoint 53",8.15401163697243,39,7
"438","User #25318","Timepoint 54",10.8992145657539,39,7
"439","User #25318","Timepoint 55",10.1092086434364,39,7
"440","User #25318","Timepoint 56",9.12185263633728,39,7
"441","User #25318","Timepoint 57",10.3182442188263,39,7
"442","User #25318","Timepoint 58",11.36398178339,39,7
"443","User #25318","Timepoint 59",9.98956006765366,39,7
"444","User #25318","Timepoint 60",11.3459522724152,39,7
"445","User #25318","Timepoint 61",9.05376699566841,39,7
"446","User #25318","Timepoint 62",10.0862021446228,39,7
"447","User #25318","Timepoint 63",11.5135533809662,39,7
"448","User #25318","Timepoint 64",8.76429405808449,39,7
"449","User #25304","Timepoint 1",0,39,7
"450","User #25304","Timepoint 2",0,39,7
"451","User #25304","Timepoint 3",0,39,7
"452","User #25304","Timepoint 4",0,39,7
"453","User #25304","Timepoint 5",0,39,7
"454","User #25304","Timepoint 6",0,39,7
"455","User #25304","Timepoint 7",0,39,7
"456","User #25304","Timepoint 8",0,39,7
"457","User #25304","Timepoint 9",0,39,7
"458","User #25304","Timepoint 10",0,39,7
"459","User #25304","Timepoint 11",0,39,7
"460","User #25304","Timepoint 12",0,39,7
"461","User #25304","Timepoint 13",0,39,7
"462","User #25304","Timepoint 14",0,39,7
"463","User #25304","Timepoint 15",0,39,7
"464","User #25304","Timepoint 16",0,39,7
"465","User #25304","Timepoint 17",8.81476885080338,39,7
"466","User #25304","Timepoint 18",8.25631684064865,39,7
"467","User #25304","Timepoint 19",8.41435110569,39,7
"468","User #25304","Timepoint 20",8.13281944394112,39,7
"469","User #25304","Timepoint 21",8.68659263849258,39,7
"470","User #25304","Timepoint 22",8.78449565172195,39,7
"471","User #25304","Timepoint 23",7.63310915231705,39,7
"472","User #25304","Timepoint 24",10.0815380215645,39,7
"473","User #25304","Timepoint 25",8.5849586725235,39,7
"474","User #25304","Timepoint 26",8.55750954151154,39,7
"475","User #25304","Timepoint 27",8.01882570981979,39,7
"476","User #25304","Timepoint 28",8.41838678717613,39,7
"477","User #25304","Timepoint 29",8.58405596017838,39,7
"478","User #25304","Timepoint 30",8.51176685094833,39,7
"479","User #25304","Timepoint 31",7.97054028511047,39,7
"480","User #25304","Timepoint 32",8.31785356998444,39,7
"481","User #25304","Timepoint 33",8.45692938566208,39,7
"482","User #25304","Timepoint 34",8.17568963766098,39,7
"483","User #25304","Timepoint 35",8.27994441986084,39,7
"484","User #25304","Timepoint 36",8.49058470129967,39,7
"485","User #25304","Timepoint 37",8.03285843133926,39,7
"486","User #25304","Timepoint 38",8.66018122434616,39,7
"487","User #25304","Timepoint 39",8.22686111927032,39,7
"488","User #25304","Timepoint 40",8.18280136585236,39,7
"489","User #25304","Timepoint 41",9.31641852855682,39,7
"490","User #25304","Timepoint 42",8.66311526298523,39,7
"491","User #25304","Timepoint 43",8.18893229961395,39,7
"492","User #25304","Timepoint 44",7.75634533166885,39,7
"493","User #25304","Timepoint 45",9.16591411828995,39,7
"494","User #25304","Timepoint 46",8.59416431188583,39,7
"495","User #25304","Timepoint 47",8.9450860619545,39,7
"496","User #25304","Timepoint 48",7.73810228705406,39,7
"497","User #25304","Timepoint 49",7.68127298355103,39,7
"498","User #25304","Timepoint 50",7.81481456756592,39,7
"499","User #25304","Timepoint 51",7.84364581108093,39,7
"500","User #25304","Timepoint 52",7.82832992076874,39,7
"501","User #25304","Timepoint 53",7.84165477752686,39,7
"502","User #25304","Timepoint 54",7.82778561115265,39,7
"503","User #25304","Timepoint 55",7.82729625701904,39,7
"504","User #25304","Timepoint 56",7.84753203392029,39,7
"505","User #25304","Timepoint 57",7.78395223617554,39,7
"506","User #25304","Timepoint 58",7.99881958961487,39,7
"507","User #25304","Timepoint 59",8.09514021873474,39,7
"508","User #25304","Timepoint 60",7.40274751186371,39,7
"509","User #25304","Timepoint 61",8.56199431419373,39,7
"510","User #25304","Timepoint 62",7.92580246925354,39,7
"511","User #25304","Timepoint 63",7.75855898857117,39,7
"512","User #25304","Timepoint 64",7.85527288913727,39,7
"513","User #25314","Timepoint 1",0,39,7
"514","User #25314","Timepoint 2",0,39,7
"515","User #25314","Timepoint 3",0,39,7
"516","User #25314","Timepoint 4",0,39,7
"517","User #25314","Timepoint 5",0,39,7
"518","User #25314","Timepoint 6",0,39,7
"519","User #25314","Timepoint 7",0,39,7
"520","User #25314","Timepoint 8",0,39,7
"521","User #25314","Timepoint 9",0,39,7
"522","User #25314","Timepoint 10",0,39,7
"523","User #25314","Timepoint 11",0,39,7
"524","User #25314","Timepoint 12",0,39,7
"525","User #25314","Timepoint 13",0,39,7
"526","User #25314","Timepoint 14",0,39,7
"527","User #25314","Timepoint 15",0,39,7
"528","User #25314","Timepoint 16",0,39,7
"529","User #25314","Timepoint 17",13.0780920982361,39,7
"530","User #25314","Timepoint 18",14.0474466085434,39,7
"531","User #25314","Timepoint 19",16.1025032997131,39,7
"532","User #25314","Timepoint 20",13.7203452587128,39,7
"533","User #25314","Timepoint 21",9.12044680118561,39,7
"534","User #25314","Timepoint 22",8.96741455793381,39,7
"535","User #25314","Timepoint 23",9.86124014854431,39,7
"536","User #25314","Timepoint 24",9.27830880880356,39,7
"537","User #25314","Timepoint 25",10.7524148225784,39,7
"538","User #25314","Timepoint 26",9.97553265094757,39,7
"539","User #25314","Timepoint 27",5.90143068134785,39,7
"540","User #25314","Timepoint 28",11.0472623109818,39,7
"541","User #25314","Timepoint 29",8.71563053131104,39,7
"542","User #25314","Timepoint 30",9.90530437231064,39,7
"543","User #25314","Timepoint 31",7.48799285292625,39,7
"544","User #25314","Timepoint 32",12.5387099981308,39,7
"545","User #25314","Timepoint 33",14.2201993465424,39,7
"546","User #25314","Timepoint 34",9.56876820325851,39,7
"547","User #25314","Timepoint 35",5.3727819621563,39,7
"548","User #25314","Timepoint 36",12.2675738334656,39,7
"549","User #25314","Timepoint 37",9.65627080202103,39,7
"550","User #25314","Timepoint 38",7.55095756053925,39,7
"551","User #25314","Timepoint 39",5.87415514886379,39,7
"552","User #25314","Timepoint 40",6.32041821628809,39,7
"553","User #25314","Timepoint 41",6.85780300199986,39,7
"554","User #25314","Timepoint 42",5.83142033219337,39,7
"555","User #25314","Timepoint 43",7.40823096036911,39,7
"556","User #25314","Timepoint 44",10.8632210493088,39,7
"557","User #25314","Timepoint 45",9.4675270318985,39,7
"558","User #25314","Timepoint 46",7.91716521978378,39,7
"559","User #25314","Timepoint 47",9.96428406238556,39,7
"560","User #25314","Timepoint 48",11.9649974107742,39,7
"561","User #25314","Timepoint 49",12.5473499298096,39,7
"562","User #25314","Timepoint 50",13.780100941658,39,7
"563","User #25314","Timepoint 51",9.03052031993866,39,7
"564","User #25314","Timepoint 52",6.23012878000736,39,7
"565","User #25314","Timepoint 53",7.70321220159531,39,7
"566","User #25314","Timepoint 54",7.01425969600677,39,7
"567","User #25314","Timepoint 55",7.72581070661545,39,7
"568","User #25314","Timepoint 56",9.9488639831543,39,7
"569","User #25314","Timepoint 57",14.018811583519,39,7
"570","User #25314","Timepoint 58",9.87439930438995,39,7
"571","User #25314","Timepoint 59",5.56535094976425,39,7
"572","User #25314","Timepoint 60",7.68218487501144,39,7
"573","User #25314","Timepoint 61",6.30724668502808,39,7
"574","User #25314","Timepoint 62",7.15012103319168,39,7
"575","User #25314","Timepoint 63",5.63213422894478,39,7
"576","User #25314","Timepoint 64",7.1198396384716,39,7
"577","User #25325","Timepoint 1",0,39,7
"578","User #25325","Timepoint 2",0,39,7
"579","User #25325","Timepoint 3",0,39,7
"580","User #25325","Timepoint 4",0,39,7
"581","User #25325","Timepoint 5",0,39,7
"582","User #25325","Timepoint 6",0,39,7
"583","User #25325","Timepoint 7",0,39,7
"584","User #25325","Timepoint 8",0,39,7
"585","User #25325","Timepoint 9",0,39,7
"586","User #25325","Timepoint 10",0,39,7
"587","User #25325","Timepoint 11",0,39,7
"588","User #25325","Timepoint 12",0,39,7
"589","User #25325","Timepoint 13",0,39,7
"590","User #25325","Timepoint 14",0,39,7
"591","User #25325","Timepoint 15",0,39,7
"592","User #25325","Timepoint 16",0,39,7
"593","User #25325","Timepoint 17",7.69663882255554,39,7
"594","User #25325","Timepoint 18",10.2562489509583,39,7
"595","User #25325","Timepoint 19",7.7558958530426,39,7
"596","User #25325","Timepoint 20",11.1059279441833,39,7
"597","User #25325","Timepoint 21",8.30854558944702,39,7
"598","User #25325","Timepoint 22",10.9931216239929,39,7
"599","User #25325","Timepoint 23",11.3589863777161,39,7
"600","User #25325","Timepoint 24",8.05531215667725,39,7
"601","User #25325","Timepoint 25",12.9309387207031,39,7
"602","User #25325","Timepoint 26",12.7053666114807,39,7
"603","User #25325","Timepoint 27",9.84173679351807,39,7
"604","User #25325","Timepoint 28",10.8416442871094,39,7
"605","User #25325","Timepoint 29",10.3041243553162,39,7
"606","User #25325","Timepoint 30",13.7309999465942,39,7
"607","User #25325","Timepoint 31",12.0254426002502,39,7
"608","User #25325","Timepoint 32",8.92040801048279,39,7
"609","User #25325","Timepoint 33",9.92319536209106,39,7
"610","User #25325","Timepoint 34",9.79148244857788,39,7
"611","User #25325","Timepoint 35",10.7615814208984,39,7
"612","User #25325","Timepoint 36",11.4031882286072,39,7
"613","User #25325","Timepoint 37",11.3669748306274,39,7
"614","User #25325","Timepoint 38",6.26087325811386,39,7
"615","User #25325","Timepoint 39",11.0223712921143,39,7
"616","User #25325","Timepoint 40",12.1380429267883,39,7
"617","User #25325","Timepoint 41",12.7300214767456,39,7
"618","User #25325","Timepoint 42",10.5263543128967,39,7
"619","User #25325","Timepoint 43",7.9261771440506,39,7
"620","User #25325","Timepoint 44",11.3655562400818,39,7
"621","User #25325","Timepoint 45",10.0707721710205,39,7
"622","User #25325","Timepoint 46",9.06308388710022,39,7
"623","User #25325","Timepoint 47",10.0201005935669,39,7
"624","User #25325","Timepoint 48",10.9293522834778,39,7
"625","User #25325","Timepoint 49",7.39349484443665,39,7
"626","User #25325","Timepoint 50",9.20972406864166,39,7
"627","User #25325","Timepoint 51",10.1302696466446,39,7
"628","User #25325","Timepoint 52",11.757129907608,39,7
"629","User #25325","Timepoint 53",8.10625040531158,39,7
"630","User #25325","Timepoint 54",7.23503646254539,39,7
"631","User #25325","Timepoint 55",8.78907644748688,39,7
"632","User #25325","Timepoint 56",8.9081711769104,39,7
"633","User #25325","Timepoint 57",9.63834249973297,39,7
"634","User #25325","Timepoint 58",8.077916264534,39,7
"635","User #25325","Timepoint 59",9.80045306682587,39,7
"636","User #25325","Timepoint 60",10.3785030841827,39,7
"637","User #25325","Timepoint 61",7.72689700126648,39,7
"638","User #25325","Timepoint 62",7.91863793134689,39,7
"639","User #25325","Timepoint 63",8.82441186904907,39,7
"640","User #25325","Timepoint 64",9.66099536418915,39,7
"641","User #25343","Timepoint 1",0,39,7
"642","User #25343","Timepoint 2",0,39,7
"643","User #25343","Timepoint 3",0,39,7
"644","User #25343","Timepoint 4",0,39,7
"645","User #25343","Timepoint 5",0,39,7
"646","User #25343","Timepoint 6",0,39,7
"647","User #25343","Timepoint 7",0,39,7
"648","User #25343","Timepoint 8",0,39,7
"649","User #25343","Timepoint 9",0,39,7
"650","User #25343","Timepoint 10",0,39,7
"651","User #25343","Timepoint 11",0,39,7
"652","User #25343","Timepoint 12",0,39,7
"653","User #25343","Timepoint 13",0,39,7
"654","User #25343","Timepoint 14",0,39,7
"655","User #25343","Timepoint 15",0,39,7
"656","User #25343","Timepoint 16",0,39,7
"657","User #25343","Timepoint 17",13.0780920982361,39,7
"658","User #25343","Timepoint 18",14.0474466085434,39,7
"659","User #25343","Timepoint 19",16.1025032997131,39,7
"660","User #25343","Timepoint 20",13.7203452587128,39,7
"661","User #25343","Timepoint 21",9.12044680118561,39,7
"662","User #25343","Timepoint 22",8.96741455793381,39,7
"663","User #25343","Timepoint 23",9.86124014854431,39,7
"664","User #25343","Timepoint 24",9.27830880880356,39,7
"665","User #25343","Timepoint 25",10.7524148225784,39,7
"666","User #25343","Timepoint 26",9.97553265094757,39,7
"667","User #25343","Timepoint 27",5.90143068134785,39,7
"668","User #25343","Timepoint 28",11.0472623109818,39,7
"669","User #25343","Timepoint 29",8.71563053131104,39,7
"670","User #25343","Timepoint 30",9.90530437231064,39,7
"671","User #25343","Timepoint 31",7.48799285292625,39,7
"672","User #25343","Timepoint 32",12.5387099981308,39,7
"673","User #25343","Timepoint 33",14.2201993465424,39,7
"674","User #25343","Timepoint 34",9.56876820325851,39,7
"675","User #25343","Timepoint 35",5.3727819621563,39,7
"676","User #25343","Timepoint 36",12.2675738334656,39,7
"677","User #25343","Timepoint 37",9.65627080202103,39,7
"678","User #25343","Timepoint 38",7.55095756053925,39,7
"679","User #25343","Timepoint 39",5.87415514886379,39,7
"680","User #25343","Timepoint 40",6.32041821628809,39,7
"681","User #25343","Timepoint 41",6.85780300199986,39,7
"682","User #25343","Timepoint 42",5.83142033219337,39,7
"683","User #25343","Timepoint 43",7.40823096036911,39,7
"684","User #25343","Timepoint 44",10.8632210493088,39,7
"685","User #25343","Timepoint 45",9.4675270318985,39,7
"686","User #25343","Timepoint 46",7.91716521978378,39,7
"687","User #25343","Timepoint 47",9.96428406238556,39,7
"688","User #25343","Timepoint 48",11.9649974107742,39,7
"689","User #25343","Timepoint 49",12.5473499298096,39,7
"690","User #25343","Timepoint 50",13.780100941658,39,7
"691","User #25343","Timepoint 51",9.03052031993866,39,7
"692","User #25343","Timepoint 52",6.23012878000736,39,7
"693","User #25343","Timepoint 53",7.70321220159531,39,7
"694","User #25343","Timepoint 54",7.01425969600677,39,7
"695","User #25343","Timepoint 55",7.72581070661545,39,7
"696","User #25343","Timepoint 56",9.9488639831543,39,7
"697","User #25343","Timepoint 57",14.018811583519,39,7
"698","User #25343","Timepoint 58",9.87439930438995,39,7
"699","User #25343","Timepoint 59",5.56535094976425,39,7
"700","User #25343","Timepoint 60",7.68218487501144,39,7
"701","User #25343","Timepoint 61",6.30724668502808,39,7
"702","User #25343","Timepoint 62",7.15012103319168,39,7
"703","User #25343","Timepoint 63",5.63213422894478,39,7
"704","User #25343","Timepoint 64",7.1198396384716,39,7
"705","User #25306","Timepoint 1",0,39,7
"706","User #25306","Timepoint 2",0,39,7
"707","User #25306","Timepoint 3",0,39,7
"708","User #25306","Timepoint 4",0,39,7
"709","User #25306","Timepoint 5",0,39,7
"710","User #25306","Timepoint 6",0,39,7
"711","User #25306","Timepoint 7",0,39,7
"712","User #25306","Timepoint 8",0,39,7
"713","User #25306","Timepoint 9",0,39,7
"714","User #25306","Timepoint 10",0,39,7
"715","User #25306","Timepoint 11",0,39,7
"716","User #25306","Timepoint 12",0,39,7
"717","User #25306","Timepoint 13",0,39,7
"718","User #25306","Timepoint 14",0,39,7
"719","User #25306","Timepoint 15",0,39,7
"720","User #25306","Timepoint 16",0,39,7
"721","User #25306","Timepoint 17",11.355908125639,39,7
"722","User #25306","Timepoint 18",11.1158137768507,39,7
"723","User #25306","Timepoint 19",15.5273088812828,39,7
"724","User #25306","Timepoint 20",13.0665362477303,39,7
"725","User #25306","Timepoint 21",12.7041526436806,39,7
"726","User #25306","Timepoint 22",14.9640128016472,39,7
"727","User #25306","Timepoint 23",15.5947144031525,39,7
"728","User #25306","Timepoint 24",11.7778343558311,39,7
"729","User #25306","Timepoint 25",9.39442953467369,39,7
"730","User #25306","Timepoint 26",10.3687396794558,39,7
"731","User #25306","Timepoint 27",9.70157764852047,39,7
"732","User #25306","Timepoint 28",12.2695949673653,39,7
"733","User #25306","Timepoint 29",10.5261980593204,39,7
"734","User #25306","Timepoint 30",18.2116860747337,39,7
"735","User #25306","Timepoint 31",14.8333775997162,39,7
"736","User #25306","Timepoint 32",10.744374319911,39,7
"737","User #25306","Timepoint 33",10.5311726480722,39,7
"738","User #25306","Timepoint 34",11.2127275317907,39,7
"739","User #25306","Timepoint 35",11.5478340834379,39,7
"740","User #25306","Timepoint 36",12.2102444469929,39,7
"741","User #25306","Timepoint 37",11.202864408493,39,7
"742","User #25306","Timepoint 38",19.1675676703453,39,7
"743","User #25306","Timepoint 39",11.7136821746826,39,7
"744","User #25306","Timepoint 40",10.5560873895884,39,7
"745","User #25306","Timepoint 41",9.54774764180183,39,7
"746","User #25306","Timepoint 42",12.8637918829918,39,7
"747","User #25306","Timepoint 43",10.1935728192329,39,7
"748","User #25306","Timepoint 44",12.773894906044,39,7
"749","User #25306","Timepoint 45",10.0794067531824,39,7
"750","User #25306","Timepoint 46",13.1388643980026,39,7
"751","User #25306","Timepoint 47",18.4064098596573,39,7
"752","User #25306","Timepoint 48",14.0103774666786,39,7
"753","User #25306","Timepoint 49",9.53572197631001,39,7
"754","User #25306","Timepoint 50",11.7672875523567,39,7
"755","User #25306","Timepoint 51",10.3398048132658,39,7
"756","User #25306","Timepoint 52",14.0839654505253,39,7
"757","User #25306","Timepoint 53",10.2059365138412,39,7
"758","User #25306","Timepoint 54",13.9895874261856,39,7
"759","User #25306","Timepoint 55",12.3279072642326,39,7
"760","User #25306","Timepoint 56",11.3797164559364,39,7
"761","User #25306","Timepoint 57",11.9206954836845,39,7
"762","User #25306","Timepoint 58",11.0513916313648,39,7
"763","User #25306","Timepoint 59",10.8408889472485,39,7
"764","User #25306","Timepoint 60",13.0616719722748,39,7
"765","User #25306","Timepoint 61",12.218040138483,39,7
"766","User #25306","Timepoint 62",12.8327490985394,39,7
"767","User #25306","Timepoint 63",10.909314006567,39,7
"768","User #25306","Timepoint 64",12.6627299189568,39,7
"769","User #25342","Timepoint 1",0,39,7
"770","User #25342","Timepoint 2",0,39,7
"771","User #25342","Timepoint 3",0,39,7
"772","User #25342","Timepoint 4",0,39,7
"773","User #25342","Timepoint 5",0,39,7
"774","User #25342","Timepoint 6",0,39,7
"775","User #25342","Timepoint 7",0,39,7
"776","User #25342","Timepoint 8",0,39,7
"777","User #25342","Timepoint 9",0,39,7
"778","User #25342","Timepoint 10",0,39,7
"779","User #25342","Timepoint 11",0,39,7
"780","User #25342","Timepoint 12",0,39,7
"781","User #25342","Timepoint 13",0,39,7
"782","User #25342","Timepoint 14",0,39,7
"783","User #25342","Timepoint 15",0,39,7
"784","User #25342","Timepoint 16",0,39,7
"785","User #25342","Timepoint 17",9.27756667137146,39,7
"786","User #25342","Timepoint 18",14.2724063396454,39,7
"787","User #25342","Timepoint 19",14.6255765557289,39,7
"788","User #25342","Timepoint 20",10.7308022677898,39,7
"789","User #25342","Timepoint 21",9.24671375751495,39,7
"790","User #25342","Timepoint 22",11.2435223460197,39,7
"791","User #25342","Timepoint 23",11.7421503663063,39,7
"792","User #25342","Timepoint 24",11.5967349410057,39,7
"793","User #25342","Timepoint 25",14.8654980063438,39,7
"794","User #25342","Timepoint 26",14.3835951685905,39,7
"795","User #25342","Timepoint 27",11.6806918382645,39,7
"796","User #25342","Timepoint 28",12.295704126358,39,7
"797","User #25342","Timepoint 29",12.6839469075203,39,7
"798","User #25342","Timepoint 30",10.6999785900116,39,7
"799","User #25342","Timepoint 31",13.4482568502426,39,7
"800","User #25342","Timepoint 32",12.9872076511383,39,7
"801","User #25342","Timepoint 33",9.75019443035126,39,7
"802","User #25342","Timepoint 34",10.0353379249573,39,7
"803","User #25342","Timepoint 35",13.2618508338928,39,7
"804","User #25342","Timepoint 36",16.1489666700363,39,7
"805","User #25342","Timepoint 37",10.5937314629555,39,7
"806","User #25342","Timepoint 38",8.06538019329309,39,7
"807","User #25342","Timepoint 39",8.90280775725842,39,7
"808","User #25342","Timepoint 40",8.95121411979198,39,7
"809","User #25342","Timepoint 41",11.6668258905411,39,7
"810","User #25342","Timepoint 42",11.0943566560745,39,7
"811","User #25342","Timepoint 43",13.8278334140778,39,7
"812","User #25342","Timepoint 44",12.6063286066055,39,7
"813","User #25342","Timepoint 45",10.1537317037582,39,7
"814","User #25342","Timepoint 46",11.7117115855217,39,7
"815","User #25342","Timepoint 47",11.8331142663956,39,7
"816","User #25342","Timepoint 48",11.2950271964073,39,7
"817","User #25342","Timepoint 49",10.0630842447281,39,7
"818","User #25342","Timepoint 50",10.2746554464102,39,7
"819","User #25342","Timepoint 51",12.0288393497467,39,7
"820","User #25342","Timepoint 52",12.742225587368,39,7
"821","User #25342","Timepoint 53",12.2173829674721,39,7
"822","User #25342","Timepoint 54",11.9170836210251,39,7
"823","User #25342","Timepoint 55",10.6422702521086,39,7
"824","User #25342","Timepoint 56",11.1107177436352,39,7
"825","User #25342","Timepoint 57",13.2025306820869,39,7
"826","User #25342","Timepoint 58",10.0551884323359,39,7
"827","User #25342","Timepoint 59",13.6257312893867,39,7
"828","User #25342","Timepoint 60",14.5289458036423,39,7
"829","User #25342","Timepoint 61",11.087321639061,39,7
"830","User #25342","Timepoint 62",11.7443380951881,39,7
"831","User #25342","Timepoint 63",13.0354641079903,39,7
"832","User #25342","Timepoint 64",12.5550237894058,39,7
"833","User #25381","Timepoint 1",0,39,7
"834","User #25381","Timepoint 2",0,39,7
"835","User #25381","Timepoint 3",0,39,7
"836","User #25381","Timepoint 4",0,39,7
"837","User #25381","Timepoint 5",0,39,7
"838","User #25381","Timepoint 6",0,39,7
"839","User #25381","Timepoint 7",0,39,7
"840","User #25381","Timepoint 8",0,39,7
"841","User #25381","Timepoint 9",0,39,7
"842","User #25381","Timepoint 10",0,39,7
"843","User #25381","Timepoint 11",0,39,7
"844","User #25381","Timepoint 12",0,39,7
"845","User #25381","Timepoint 13",0,39,7
"846","User #25381","Timepoint 14",0,39,7
"847","User #25381","Timepoint 15",0,39,7
"848","User #25381","Timepoint 16",0,39,7
"849","User #25381","Timepoint 17",8.8372848033905,39,7
"850","User #25381","Timepoint 18",7.07575826346874,39,7
"851","User #25381","Timepoint 19",6.76466992497444,39,7
"852","User #25381","Timepoint 20",11.0823402404785,39,7
"853","User #25381","Timepoint 21",10.5762041211128,39,7
"854","User #25381","Timepoint 22",7.52451977133751,39,7
"855","User #25381","Timepoint 23",5.8227596282959,39,7
"856","User #25381","Timepoint 24",10.6505191922188,39,7
"857","User #25381","Timepoint 25",8.75594621896744,39,7
"858","User #25381","Timepoint 26",10.4324406981468,39,7
"859","User #25381","Timepoint 27",6.1809810847044,39,7
"860","User #25381","Timepoint 28",8.64330178499222,39,7
"861","User #25381","Timepoint 29",5.59783237427473,39,7
"862","User #25381","Timepoint 30",9.70385259389877,39,7
"863","User #25381","Timepoint 31",6.79557992517948,39,7
"864","User #25381","Timepoint 32",7.47188976407051,39,7
"865","User #25381","Timepoint 33",9.05875211954117,39,7
"866","User #25381","Timepoint 34",7.000836789608,39,7
"867","User #25381","Timepoint 35",8.29010224342346,39,7
"868","User #25381","Timepoint 36",8.39363774657249,39,7
"869","User #25381","Timepoint 37",5.8399855569005,39,7
"870","User #25381","Timepoint 38",7.7940329015255,39,7
"871","User #25381","Timepoint 39",9.2034569978714,39,7
"872","User #25381","Timepoint 40",8.44534522294998,39,7
"873","User #25381","Timepoint 41",6.44632274657488,39,7
"874","User #25381","Timepoint 42",6.49031022936106,39,7
"875","User #25381","Timepoint 43",6.70906773209572,39,7
"876","User #25381","Timepoint 44",7.31292477250099,39,7
"877","User #25381","Timepoint 45",8.21186131238937,39,7
"878","User #25381","Timepoint 46",8.7097624540329,39,7
"879","User #25381","Timepoint 47",6.88634923100471,39,7
"880","User #25381","Timepoint 48",6.97761563956738,39,7
"881","User #25381","Timepoint 49",8.61915969848633,39,7
"882","User #25381","Timepoint 50",9.35285472869873,39,7
"883","User #25381","Timepoint 51",7.76732301712036,39,7
"884","User #25381","Timepoint 52",7.09590709209442,39,7
"885","User #25381","Timepoint 53",7.96710574626923,39,7
"886","User #25381","Timepoint 54",6.75599646568298,39,7
"887","User #25381","Timepoint 55",6.9357528090477,39,7
"888","User #25381","Timepoint 56",8.47356820106506,39,7
"889","User #25381","Timepoint 57",8.31399321556091,39,7
"890","User #25381","Timepoint 58",5.84507495164871,39,7
"891","User #25381","Timepoint 59",6.65128099918365,39,7
"892","User #25381","Timepoint 60",8.94373559951782,39,7
"893","User #25381","Timepoint 61",8.3609447479248,39,7
"894","User #25381","Timepoint 62",7.3857569694519,39,7
"895","User #25381","Timepoint 63",7.38818907737732,39,7
"896","User #25381","Timepoint 64",8.21893239021301,39,7
"897","User #25322","Timepoint 1",0,39,7
"898","User #25322","Timepoint 2",0,39,7
"899","User #25322","Timepoint 3",0,39,7
"900","User #25322","Timepoint 4",0,39,7
"901","User #25322","Timepoint 5",0,39,7
"902","User #25322","Timepoint 6",0,39,7
"903","User #25322","Timepoint 7",0,39,7
"904","User #25322","Timepoint 8",0,39,7
"905","User #25322","Timepoint 9",0,39,7
"906","User #25322","Timepoint 10",0,39,7
"907","User #25322","Timepoint 11",0,39,7
"908","User #25322","Timepoint 12",0,39,7
"909","User #25322","Timepoint 13",0,39,7
"910","User #25322","Timepoint 14",0,39,7
"911","User #25322","Timepoint 15",0,39,7
"912","User #25322","Timepoint 16",0,39,7
"913","User #25322","Timepoint 17",13.3904697299004,39,7
"914","User #25322","Timepoint 18",8.25337910652161,39,7
"915","User #25322","Timepoint 19",8.18869066238403,39,7
"916","User #25322","Timepoint 20",9.82064452767372,39,7
"917","User #25322","Timepoint 21",15.270287334919,39,7
"918","User #25322","Timepoint 22",12.3683785796165,39,7
"919","User #25322","Timepoint 23",10.4572402834892,39,7
"920","User #25322","Timepoint 24",8.0018719881773,39,7
"921","User #25322","Timepoint 25",8.85928301513195,39,7
"922","User #25322","Timepoint 26",8.52017146348953,39,7
"923","User #25322","Timepoint 27",10.7691618800163,39,7
"924","User #25322","Timepoint 28",11.0456244051456,39,7
"925","User #25322","Timepoint 29",13.8850883841515,39,7
"926","User #25322","Timepoint 30",9.67824658751488,39,7
"927","User #25322","Timepoint 31",11.0381831526756,39,7
"928","User #25322","Timepoint 32",11.5759800076485,39,7
"929","User #25322","Timepoint 33",12.2589299678802,39,7
"930","User #25322","Timepoint 34",11.0540730953217,39,7
"931","User #25322","Timepoint 35",13.26458132267,39,7
"932","User #25322","Timepoint 36",7.58277025818825,39,7
"933","User #25322","Timepoint 37",10.2468140125275,39,7
"934","User #25322","Timepoint 38",10.8490911722183,39,7
"935","User #25322","Timepoint 39",12.2420856952667,39,7
"936","User #25322","Timepoint 40",9.71942681074142,39,7
"937","User #25322","Timepoint 41",8.67194694280624,39,7
"938","User #25322","Timepoint 42",7.17181030660868,39,7
"939","User #25322","Timepoint 43",9.00593467056751,39,7
"940","User #25322","Timepoint 44",7.08513204008341,39,7
"941","User #25322","Timepoint 45",9.99061048030853,39,7
"942","User #25322","Timepoint 46",8.55049410462379,39,7
"943","User #25322","Timepoint 47",10.6764159202576,39,7
"944","User #25322","Timepoint 48",9.98497810959816,39,7
"945","User #25322","Timepoint 49",13.2873446941376,39,7
"946","User #25322","Timepoint 50",9.74307852983475,39,7
"947","User #25322","Timepoint 51",9.86056733131409,39,7
"948","User #25322","Timepoint 52",8.53822353482246,39,7
"949","User #25322","Timepoint 53",13.1832406520844,39,7
"950","User #25322","Timepoint 54",11.5008314847946,39,7
"951","User #25322","Timepoint 55",11.9285263419151,39,7
"952","User #25322","Timepoint 56",9.53280487656593,39,7
"953","User #25322","Timepoint 57",10.3834130167961,39,7
"954","User #25322","Timepoint 58",10.3543416261673,39,7
"955","User #25322","Timepoint 59",10.0294284820557,39,7
"956","User #25322","Timepoint 60",9.95997241139412,39,7
"957","User #25322","Timepoint 61",9.80649587512016,39,7
"958","User #25322","Timepoint 62",8.25610409677029,39,7
"959","User #25322","Timepoint 63",9.18757279217243,39,7
"960","User #25322","Timepoint 64",8.72724564373493,39,7
"961","User #25397","Timepoint 1",0,39,7
"962","User #25397","Timepoint 2",0,39,7
"963","User #25397","Timepoint 3",0,39,7
"964","User #25397","Timepoint 4",0,39,7
"965","User #25397","Timepoint 5",0,39,7
"966","User #25397","Timepoint 6",0,39,7
"967","User #25397","Timepoint 7",0,39,7
"968","User #25397","Timepoint 8",0,39,7
"969","User #25397","Timepoint 9",0,39,7
"970","User #25397","Timepoint 10",0,39,7
"971","User #25397","Timepoint 11",0,39,7
"972","User #25397","Timepoint 12",0,39,7
"973","User #25397","Timepoint 13",0,39,7
"974","User #25397","Timepoint 14",0,39,7
"975","User #25397","Timepoint 15",0,39,7
"976","User #25397","Timepoint 16",0,39,7
"977","User #25397","Timepoint 17",10.4178915023804,39,7
"978","User #25397","Timepoint 18",15.762694299221,39,7
"979","User #25397","Timepoint 19",10.2652028203011,39,7
"980","User #25397","Timepoint 20",10.0263124108315,39,7
"981","User #25397","Timepoint 21",11.7467107176781,39,7
"982","User #25397","Timepoint 22",11.1242755651474,39,7
"983","User #25397","Timepoint 23",9.25527131557465,39,7
"984","User #25397","Timepoint 24",8.63684809207916,39,7
"985","User #25397","Timepoint 25",12.0831030011177,39,7
"986","User #25397","Timepoint 26",8.70342552661896,39,7
"987","User #25397","Timepoint 27",9.40581929683685,39,7
"988","User #25397","Timepoint 28",5.83208016306162,39,7
"989","User #25397","Timepoint 29",8.6418169438839,39,7
"990","User #25397","Timepoint 30",8.72913885116577,39,7
"991","User #25397","Timepoint 31",9.04126811027527,39,7
"992","User #25397","Timepoint 32",8.14200100302696,39,7
"993","User #25397","Timepoint 33",7.0630289465189,39,7
"994","User #25397","Timepoint 34",6.20958906412125,39,7
"995","User #25397","Timepoint 35",10.1180648803711,39,7
"996","User #25397","Timepoint 36",7.92286765575409,39,7
"997","User #25397","Timepoint 37",8.0476832985878,39,7
"998","User #25397","Timepoint 38",8.14025762677193,39,7
"999","User #25397","Timepoint 39",8.66102850437164,39,7
"1000","User #25397","Timepoint 40",10.0778616666794,39,7
"1001","User #25397","Timepoint 41",9.43219220638275,39,7
"1002","User #25397","Timepoint 42",5.66317706555128,39,7
"1003","User #25397","Timepoint 43",7.98151695728302,39,7
"1004","User #25397","Timepoint 44",8.72192111611366,39,7
"1005","User #25397","Timepoint 45",10.1706549823284,39,7
"1006","User #25397","Timepoint 46",7.60175040364265,39,7
"1007","User #25397","Timepoint 47",12.8101892471313,39,7
"1008","User #25397","Timepoint 48",7.53320011496544,39,7
"1009","User #25397","Timepoint 49",6.43186965584755,39,7
"1010","User #25397","Timepoint 50",7.33092465996742,39,7
"1011","User #25397","Timepoint 51",9.49773299694061,39,7
"1012","User #25397","Timepoint 52",6.92062258720398,39,7
"1013","User #25397","Timepoint 53",6.7512748837471,39,7
"1014","User #25397","Timepoint 54",8.86896687746048,39,7
"1015","User #25397","Timepoint 55",8.56505703926086,39,7
"1016","User #25397","Timepoint 56",6.79207517206669,39,7
"1017","User #25397","Timepoint 57",7.51902663707733,39,7
"1018","User #25397","Timepoint 58",9.80748575925827,39,7
"1019","User #25397","Timepoint 59",10.3530996441841,39,7
"1020","User #25397","Timepoint 60",8.28345486521721,39,7
"1021","User #25397","Timepoint 61",6.54645389318466,39,7
"1022","User #25397","Timepoint 62",10.3935548663139,39,7
"1023","User #25397","Timepoint 63",9.48528647422791,39,7
"1024","User #25397","Timepoint 64",7.7501839697361,39,7
"1025","User #25329","Timepoint 1",0,39,7
"1026","User #25329","Timepoint 2",0,39,7
"1027","User #25329","Timepoint 3",0,39,7
"1028","User #25329","Timepoint 4",0,39,7
"1029","User #25329","Timepoint 5",0,39,7
"1030","User #25329","Timepoint 6",0,39,7
"1031","User #25329","Timepoint 7",0,39,7
"1032","User #25329","Timepoint 8",0,39,7
"1033","User #25329","Timepoint 9",0,39,7
"1034","User #25329","Timepoint 10",0,39,7
"1035","User #25329","Timepoint 11",0,39,7
"1036","User #25329","Timepoint 12",0,39,7
"1037","User #25329","Timepoint 13",0,39,7
"1038","User #25329","Timepoint 14",0,39,7
"1039","User #25329","Timepoint 15",0,39,7
"1040","User #25329","Timepoint 16",0,39,7
"1041","User #25329","Timepoint 17",7.53598183393478,39,7
"1042","User #25329","Timepoint 18",7.27875262498856,39,7
"1043","User #25329","Timepoint 19",5.9083080291748,39,7
"1044","User #25329","Timepoint 20",5.36232363432646,39,7
"1045","User #25329","Timepoint 21",5.58333471417427,39,7
"1046","User #25329","Timepoint 22",5.5542679131031,39,7
"1047","User #25329","Timepoint 23",5.48190232366323,39,7
"1048","User #25329","Timepoint 24",5.19826667383313,39,7
"1049","User #25329","Timepoint 25",5.52121415734291,39,7
"1050","User #25329","Timepoint 26",4.87052597105503,39,7
"1051","User #25329","Timepoint 27",4.81630846858025,39,7
"1052","User #25329","Timepoint 28",5.06437655538321,39,7
"1053","User #25329","Timepoint 29",6.67781740427017,39,7
"1054","User #25329","Timepoint 30",8.52999150753021,39,7
"1055","User #25329","Timepoint 31",5.5966479331255,39,7
"1056","User #25329","Timepoint 32",4.79365462437272,39,7
"1057","User #25329","Timepoint 33",9.30462867021561,39,7
"1058","User #25329","Timepoint 34",5.47985352575779,39,7
"1059","User #25329","Timepoint 35",5.06675444543362,39,7
"1060","User #25329","Timepoint 36",5.23388415575027,39,7
"1061","User #25329","Timepoint 37",6.37194380164146,39,7
"1062","User #25329","Timepoint 38",5.15388019382954,39,7
"1063","User #25329","Timepoint 39",4.75295886397362,39,7
"1064","User #25329","Timepoint 40",4.94413578882813,39,7
"1065","User #25329","Timepoint 41",5.19510962069035,39,7
"1066","User #25329","Timepoint 42",6.82569921016693,39,7
"1067","User #25329","Timepoint 43",7.75740951299667,39,7
"1068","User #25329","Timepoint 44",5.34019555896521,39,7
"1069","User #25329","Timepoint 45",5.00002112239599,39,7
"1070","User #25329","Timepoint 46",5.61866756528616,39,7
"1071","User #25329","Timepoint 47",8.5566321015358,39,7
"1072","User #25329","Timepoint 48",5.52500568330288,39,7
"1073","User #25329","Timepoint 49",6.16925701498985,39,7
"1074","User #25329","Timepoint 50",8.46294730901718,39,7
"1075","User #25329","Timepoint 51",6.36459559202194,39,7
"1076","User #25329","Timepoint 52",5.57342115789652,39,7
"1077","User #25329","Timepoint 53",5.8207929879427,39,7
"1078","User #25329","Timepoint 54",5.9619527310133,39,7
"1079","User #25329","Timepoint 55",6.26437053084373,39,7
"1080","User #25329","Timepoint 56",4.3709059804678,39,7
"1081","User #25329","Timepoint 57",7.78816729784012,39,7
"1082","User #25329","Timepoint 58",6.04544810950756,39,7
"1083","User #25329","Timepoint 59",5.73261640965939,39,7
"1084","User #25329","Timepoint 60",5.11699762195349,39,7
"1085","User #25329","Timepoint 61",7.38589107990265,39,7
"1086","User #25329","Timepoint 62",5.25695016607642,39,7
"1087","User #25329","Timepoint 63",6.10500924289227,39,7
"1088","User #25329","Timepoint 64",5.02978796139359,39,7
"1089","User #25375","Timepoint 1",0,39,7
"1090","User #25375","Timepoint 2",0,39,7
"1091","User #25375","Timepoint 3",0,39,7
"1092","User #25375","Timepoint 4",0,39,7
"1093","User #25375","Timepoint 5",0,39,7
"1094","User #25375","Timepoint 6",0,39,7
"1095","User #25375","Timepoint 7",0,39,7
"1096","User #25375","Timepoint 8",0,39,7
"1097","User #25375","Timepoint 9",0,39,7
"1098","User #25375","Timepoint 10",0,39,7
"1099","User #25375","Timepoint 11",0,39,7
"1100","User #25375","Timepoint 12",0,39,7
"1101","User #25375","Timepoint 13",0,39,7
"1102","User #25375","Timepoint 14",0,39,7
"1103","User #25375","Timepoint 15",0,39,7
"1104","User #25375","Timepoint 16",0,39,7
"1105","User #25375","Timepoint 17",16.1826751232147,39,7
"1106","User #25375","Timepoint 18",16.4498131275177,39,7
"1107","User #25375","Timepoint 19",9.46117162704468,39,7
"1108","User #25375","Timepoint 20",11.5659761428833,39,7
"1109","User #25375","Timepoint 21",11.5794479846954,39,7
"1110","User #25375","Timepoint 22",11.0449252128601,39,7
"1111","User #25375","Timepoint 23",12.0989904403687,39,7
"1112","User #25375","Timepoint 24",13.0578615665436,39,7
"1113","User #25375","Timepoint 25",17.0379457473755,39,7
"1114","User #25375","Timepoint 26",17.1835775375366,39,7
"1115","User #25375","Timepoint 27",15.0227892398834,39,7
"1116","User #25375","Timepoint 28",12.471607208252,39,7
"1117","User #25375","Timepoint 29",11.8919610977173,39,7
"1118","User #25375","Timepoint 30",16.2022967338562,39,7
"1119","User #25375","Timepoint 31",13.0375525951385,39,7
"1120","User #25375","Timepoint 32",10.1378035545349,39,7
"1121","User #25375","Timepoint 33",11.9250516891479,39,7
"1122","User #25375","Timepoint 34",13.4683697223663,39,7
"1123","User #25375","Timepoint 35",8.77416920661926,39,7
"1124","User #25375","Timepoint 36",13.0229012966156,39,7
"1125","User #25375","Timepoint 37",11.5779638290405,39,7
"1126","User #25375","Timepoint 38",9.92033934593201,39,7
"1127","User #25375","Timepoint 39",11.5510036945343,39,7
"1128","User #25375","Timepoint 40",11.0308067798615,39,7
"1129","User #25375","Timepoint 41",14.1948592662811,39,7
"1130","User #25375","Timepoint 42",10.5519645214081,39,7
"1131","User #25375","Timepoint 43",11.2710018157959,39,7
"1132","User #25375","Timepoint 44",15.4954352378845,39,7
"1133","User #25375","Timepoint 45",9.0384179353714,39,7
"1134","User #25375","Timepoint 46",13.3168070316315,39,7
"1135","User #25375","Timepoint 47",12.7169427871704,39,7
"1136","User #25375","Timepoint 48",13.4040768146515,39,7
"1137","User #25375","Timepoint 49",11.9421139955521,39,7
"1138","User #25375","Timepoint 50",13.5000890493393,39,7
"1139","User #25375","Timepoint 51",12.3956619501114,39,7
"1140","User #25375","Timepoint 52",12.4313349723816,39,7
"1141","User #25375","Timepoint 53",12.5360298156738,39,7
"1142","User #25375","Timepoint 54",13.2712243795395,39,7
"1143","User #25375","Timepoint 55",12.2396414279938,39,7
"1144","User #25375","Timepoint 56",13.3447726964951,39,7
"1145","User #25375","Timepoint 57",13.7612854242325,39,7
"1146","User #25375","Timepoint 58",12.2209990024567,39,7
"1147","User #25375","Timepoint 59",12.8204491138458,39,7
"1148","User #25375","Timepoint 60",12.2800251245499,39,7
"1149","User #25375","Timepoint 61",13.3083708286285,39,7
"1150","User #25375","Timepoint 62",14.9246853590012,39,7
"1151","User #25375","Timepoint 63",12.4993386268616,39,7
"1152","User #25375","Timepoint 64",12.1169732809067,39,7
"1153","User #25329","Timepoint 1",0,39,7
"1154","User #25329","Timepoint 2",0,39,7
"1155","User #25329","Timepoint 3",0,39,7
"1156","User #25329","Timepoint 4",0,39,7
"1157","User #25329","Timepoint 5",0,39,7
"1158","User #25329","Timepoint 6",0,39,7
"1159","User #25329","Timepoint 7",0,39,7
"1160","User #25329","Timepoint 8",0,39,7
"1161","User #25329","Timepoint 9",0,39,7
"1162","User #25329","Timepoint 10",0,39,7
"1163","User #25329","Timepoint 11",0,39,7
"1164","User #25329","Timepoint 12",0,39,7
"1165","User #25329","Timepoint 13",0,39,7
"1166","User #25329","Timepoint 14",0,39,7
"1167","User #25329","Timepoint 15",0,39,7
"1168","User #25329","Timepoint 16",0,39,7
"1169","User #25329","Timepoint 17",10.6168350577354,39,7
"1170","User #25329","Timepoint 18",10.1877614855766,39,7
"1171","User #25329","Timepoint 19",8.59786736965179,39,7
"1172","User #25329","Timepoint 20",9.01668244600296,39,7
"1173","User #25329","Timepoint 21",9.65554428100586,39,7
"1174","User #25329","Timepoint 22",9.31343114376068,39,7
"1175","User #25329","Timepoint 23",8.63250267505646,39,7
"1176","User #25329","Timepoint 24",8.83545312285423,39,7
"1177","User #25329","Timepoint 25",8.70037138462067,39,7
"1178","User #25329","Timepoint 26",7.28534327447414,39,7
"1179","User #25329","Timepoint 27",9.31140297651291,39,7
"1180","User #25329","Timepoint 28",7.28999322652817,39,7
"1181","User #25329","Timepoint 29",7.37176850438118,39,7
"1182","User #25329","Timepoint 30",8.16864734888077,39,7
"1183","User #25329","Timepoint 31",9.03072607517242,39,7
"1184","User #25329","Timepoint 32",8.8784704208374,39,7
"1185","User #25329","Timepoint 33",7.27602866292,39,7
"1186","User #25329","Timepoint 34",6.72777361422777,39,7
"1187","User #25329","Timepoint 35",8.82131707668304,39,7
"1188","User #25329","Timepoint 36",9.13777437806129,39,7
"1189","User #25329","Timepoint 37",8.33940413594246,39,7
"1190","User #25329","Timepoint 38",7.66560700535774,39,7
"1191","User #25329","Timepoint 39",8.29301643371582,39,7
"1192","User #25329","Timepoint 40",7.57656927406788,39,7
"1193","User #25329","Timepoint 41",8.53368282318115,39,7
"1194","User #25329","Timepoint 42",11.7042406201363,39,7
"1195","User #25329","Timepoint 43",9.66815888881683,39,7
"1196","User #25329","Timepoint 44",10.6073526144028,39,7
"1197","User #25329","Timepoint 45",7.02755126357079,39,7
"1198","User #25329","Timepoint 46",6.79826979339123,39,7
"1199","User #25329","Timepoint 47",9.42623746395111,39,7
"1200","User #25329","Timepoint 48",8.85856029391289,39,7
"1201","User #25329","Timepoint 49",9.33705818653107,39,7
"1202","User #25329","Timepoint 50",8.35174870491028,39,7
"1203","User #25329","Timepoint 51",8.18133401870728,39,7
"1204","User #25329","Timepoint 52",10.842756986618,39,7
"1205","User #25329","Timepoint 53",8.71253943443298,39,7
"1206","User #25329","Timepoint 54",8.9650787115097,39,7
"1207","User #25329","Timepoint 55",9.83170294761658,39,7
"1208","User #25329","Timepoint 56",7.95967358350754,39,7
"1209","User #25329","Timepoint 57",7.41418173909187,39,7
"1210","User #25329","Timepoint 58",8.02676260471344,39,7
"1211","User #25329","Timepoint 59",8.37441372871399,39,7
"1212","User #25329","Timepoint 60",9.65776383876801,39,7
"1213","User #25329","Timepoint 61",7.4541403055191,39,7
"1214","User #25329","Timepoint 62",7.41561537981033,39,7
"1215","User #25329","Timepoint 63",9.64927554130554,39,7
"1216","User #25329","Timepoint 64",6.92752861976624,39,7
"1217","User #25363","Timepoint 1",0,39,7
"1218","User #25363","Timepoint 2",0,39,7
"1219","User #25363","Timepoint 3",0,39,7
"1220","User #25363","Timepoint 4",0,39,7
"1221","User #25363","Timepoint 5",0,39,7
"1222","User #25363","Timepoint 6",0,39,7
"1223","User #25363","Timepoint 7",0,39,7
"1224","User #25363","Timepoint 8",0,39,7
"1225","User #25363","Timepoint 9",0,39,7
"1226","User #25363","Timepoint 10",0,39,7
"1227","User #25363","Timepoint 11",0,39,7
"1228","User #25363","Timepoint 12",0,39,7
"1229","User #25363","Timepoint 13",0,39,7
"1230","User #25363","Timepoint 14",0,39,7
"1231","User #25363","Timepoint 15",0,39,7
"1232","User #25363","Timepoint 16",0,39,7
"1233","User #25363","Timepoint 17",9.17655739188194,39,7
"1234","User #25363","Timepoint 18",9.88553553819656,39,7
"1235","User #25363","Timepoint 19",10.6922460198402,39,7
"1236","User #25363","Timepoint 20",13.6767199635506,39,7
"1237","User #25363","Timepoint 21",9.71612545847893,39,7
"1238","User #25363","Timepoint 22",9.59605902433395,39,7
"1239","User #25363","Timepoint 23",9.63939493894577,39,7
"1240","User #25363","Timepoint 24",11.9316881895065,39,7
"1241","User #25363","Timepoint 25",14.4857986569405,39,7
"1242","User #25363","Timepoint 26",9.81320837140083,39,7
"1243","User #25363","Timepoint 27",9.90985560417175,39,7
"1244","User #25363","Timepoint 28",10.0355612933636,39,7
"1245","User #25363","Timepoint 29",7.51416412740946,39,7
"1246","User #25363","Timepoint 30",7.05826189368963,39,7
"1247","User #25363","Timepoint 31",11.901498734951,39,7
"1248","User #25363","Timepoint 32",11.8954437971115,39,7
"1249","User #25363","Timepoint 33",17.9864653944969,39,7
"1250","User #25363","Timepoint 34",13.5644620060921,39,7
"1251","User #25363","Timepoint 35",10.1460237503052,39,7
"1252","User #25363","Timepoint 36",16.2411267757416,39,7
"1253","User #25363","Timepoint 37",13.0481538176537,39,7
"1254","User #25363","Timepoint 38",15.3613203763962,39,7
"1255","User #25363","Timepoint 39",14.0650975108147,39,7
"1256","User #25363","Timepoint 40",8.31169713288546,39,7
"1257","User #25363","Timepoint 41",10.1914446353912,39,7
"1258","User #25363","Timepoint 42",10.8339387774467,39,7
"1259","User #25363","Timepoint 43",13.634534060955,39,7
"1260","User #25363","Timepoint 44",12.6719497442245,39,7
"1261","User #25363","Timepoint 45",10.0185579657555,39,7
"1262","User #25363","Timepoint 46",9.57361936569214,39,7
"1263","User #25363","Timepoint 47",8.10499452054501,39,7
"1264","User #25363","Timepoint 48",9.48859322071075,39,7
"1265","User #25363","Timepoint 49",14.8038255572319,39,7
"1266","User #25363","Timepoint 50",10.7970950603485,39,7
"1267","User #25363","Timepoint 51",11.1345417648554,39,7
"1268","User #25363","Timepoint 52",9.7655713185668,39,7
"1269","User #25363","Timepoint 53",10.3938992321491,39,7
"1270","User #25363","Timepoint 54",10.1116939634085,39,7
"1271","User #25363","Timepoint 55",14.3804216980934,39,7
"1272","User #25363","Timepoint 56",12.0867320001125,39,7
"1273","User #25363","Timepoint 57",14.0479785203934,39,7
"1274","User #25363","Timepoint 58",16.2757059931755,39,7
"1275","User #25363","Timepoint 59",13.7703682780266,39,7
"1276","User #25363","Timepoint 60",13.3073323667049,39,7
"1277","User #25363","Timepoint 61",12.2603516578674,39,7
"1278","User #25363","Timepoint 62",10.1772859096527,39,7
"1279","User #25363","Timepoint 63",12.5792142748833,39,7
"1280","User #25363","Timepoint 64",11.9138778448105,39,7
"1281","User #25394","Timepoint 1",0,39,7
"1282","User #25394","Timepoint 2",0,39,7
"1283","User #25394","Timepoint 3",0,39,7
"1284","User #25394","Timepoint 4",0,39,7
"1285","User #25394","Timepoint 5",0,39,7
"1286","User #25394","Timepoint 6",0,39,7
"1287","User #25394","Timepoint 7",0,39,7
"1288","User #25394","Timepoint 8",0,39,7
"1289","User #25394","Timepoint 9",0,39,7
"1290","User #25394","Timepoint 10",0,39,7
"1291","User #25394","Timepoint 11",0,39,7
"1292","User #25394","Timepoint 12",0,39,7
"1293","User #25394","Timepoint 13",0,39,7
"1294","User #25394","Timepoint 14",0,39,7
"1295","User #25394","Timepoint 15",0,39,7
"1296","User #25394","Timepoint 16",0,39,7
"1297","User #25394","Timepoint 17",9.17655739188194,39,7
"1298","User #25394","Timepoint 18",9.88553553819656,39,7
"1299","User #25394","Timepoint 19",10.6922460198402,39,7
"1300","User #25394","Timepoint 20",13.6767199635506,39,7
"1301","User #25394","Timepoint 21",9.71612545847893,39,7
"1302","User #25394","Timepoint 22",9.59605902433395,39,7
"1303","User #25394","Timepoint 23",9.63939493894577,39,7
"1304","User #25394","Timepoint 24",11.9316881895065,39,7
"1305","User #25394","Timepoint 25",14.4857986569405,39,7
"1306","User #25394","Timepoint 26",9.81320837140083,39,7
"1307","User #25394","Timepoint 27",9.90985560417175,39,7
"1308","User #25394","Timepoint 28",10.0355612933636,39,7
"1309","User #25394","Timepoint 29",7.51416412740946,39,7
"1310","User #25394","Timepoint 30",7.05826189368963,39,7
"1311","User #25394","Timepoint 31",11.901498734951,39,7
"1312","User #25394","Timepoint 32",11.8954437971115,39,7
"1313","User #25394","Timepoint 33",17.9864653944969,39,7
"1314","User #25394","Timepoint 34",13.5644620060921,39,7
"1315","User #25394","Timepoint 35",10.1460237503052,39,7
"1316","User #25394","Timepoint 36",16.2411267757416,39,7
"1317","User #25394","Timepoint 37",13.0481538176537,39,7
"1318","User #25394","Timepoint 38",15.3613203763962,39,7
"1319","User #25394","Timepoint 39",14.0650975108147,39,7
"1320","User #25394","Timepoint 40",8.31169713288546,39,7
"1321","User #25394","Timepoint 41",10.1914446353912,39,7
"1322","User #25394","Timepoint 42",10.8339387774467,39,7
"1323","User #25394","Timepoint 43",13.634534060955,39,7
"1324","User #25394","Timepoint 44",12.6719497442245,39,7
"1325","User #25394","Timepoint 45",10.0185579657555,39,7
"1326","User #25394","Timepoint 46",9.57361936569214,39,7
"1327","User #25394","Timepoint 47",8.10499452054501,39,7
"1328","User #25394","Timepoint 48",9.48859322071075,39,7
"1329","User #25394","Timepoint 49",14.8038255572319,39,7
"1330","User #25394","Timepoint 50",10.7970950603485,39,7
"1331","User #25394","Timepoint 51",11.1345417648554,39,7
"1332","User #25394","Timepoint 52",9.7655713185668,39,7
"1333","User #25394","Timepoint 53",10.3938992321491,39,7
"1334","User #25394","Timepoint 54",10.1116939634085,39,7
"1335","User #25394","Timepoint 55",14.3804216980934,39,7
"1336","User #25394","Timepoint 56",12.0867320001125,39,7
"1337","User #25394","Timepoint 57",14.0479785203934,39,7
"1338","User #25394","Timepoint 58",16.2757059931755,39,7
"1339","User #25394","Timepoint 59",13.7703682780266,39,7
"1340","User #25394","Timepoint 60",13.3073323667049,39,7
"1341","User #25394","Timepoint 61",12.2603516578674,39,7
"1342","User #25394","Timepoint 62",10.1772859096527,39,7
"1343","User #25394","Timepoint 63",12.5792142748833,39,7
"1344","User #25394","Timepoint 64",11.9138778448105,39,7
"1345","User #25378","Timepoint 1",0,39,7
"1346","User #25378","Timepoint 2",0,39,7
"1347","User #25378","Timepoint 3",0,39,7
"1348","User #25378","Timepoint 4",0,39,7
"1349","User #25378","Timepoint 5",0,39,7
"1350","User #25378","Timepoint 6",0,39,7
"1351","User #25378","Timepoint 7",0,39,7
"1352","User #25378","Timepoint 8",0,39,7
"1353","User #25378","Timepoint 9",0,39,7
"1354","User #25378","Timepoint 10",0,39,7
"1355","User #25378","Timepoint 11",0,39,7
"1356","User #25378","Timepoint 12",0,39,7
"1357","User #25378","Timepoint 13",0,39,7
"1358","User #25378","Timepoint 14",0,39,7
"1359","User #25378","Timepoint 15",0,39,7
"1360","User #25378","Timepoint 16",0,39,7
"1361","User #25378","Timepoint 17",10.6969294548035,39,7
"1362","User #25378","Timepoint 18",12.2224016189575,39,7
"1363","User #25378","Timepoint 19",13.8493008613586,39,7
"1364","User #25378","Timepoint 20",9.29654455184937,39,7
"1365","User #25378","Timepoint 21",11.1152091026306,39,7
"1366","User #25378","Timepoint 22",11.3064680099487,39,7
"1367","User #25378","Timepoint 23",12.7439107894897,39,7
"1368","User #25378","Timepoint 24",9.0724196434021,39,7
"1369","User #25378","Timepoint 25",11.2162947654724,39,7
"1370","User #25378","Timepoint 26",10.3573651313782,39,7
"1371","User #25378","Timepoint 27",14.4409456253052,39,7
"1372","User #25378","Timepoint 28",8.84540891647339,39,7
"1373","User #25378","Timepoint 29",9.24801778793335,39,7
"1374","User #25378","Timepoint 30",11.0745000839233,39,7
"1375","User #25378","Timepoint 31",10.0618662834167,39,7
"1376","User #25378","Timepoint 32",10.8412852287292,39,7
"1377","User #25378","Timepoint 33",11.485369682312,39,7
"1378","User #25378","Timepoint 34",13.9041838645935,39,7
"1379","User #25378","Timepoint 35",10.8240299224854,39,7
"1380","User #25378","Timepoint 36",8.11707878112793,39,7
"1381","User #25378","Timepoint 37",7.79887247085571,39,7
"1382","User #25378","Timepoint 38",7.5808413028717,39,7
"1383","User #25378","Timepoint 39",8.66061449050903,39,7
"1384","User #25378","Timepoint 40",8.73296642303467,39,7
"1385","User #25378","Timepoint 41",9.51944875717163,39,7
"1386","User #25378","Timepoint 42",12.741069316864,39,7
"1387","User #25378","Timepoint 43",8.18178224563599,39,7
"1388","User #25378","Timepoint 44",8.28660941123962,39,7
"1389","User #25378","Timepoint 45",6.37320858240128,39,7
"1390","User #25378","Timepoint 46",6.7779181599617,39,7
"1391","User #25378","Timepoint 47",7.66501796245575,39,7
"1392","User #25378","Timepoint 48",7.4083663225174,39,7
"1393","User #25378","Timepoint 49",8.15922999382019,39,7
"1394","User #25378","Timepoint 50",10.6594457626343,39,7
"1395","User #25378","Timepoint 51",9.95131999254227,39,7
"1396","User #25378","Timepoint 52",7.99672147631645,39,7
"1397","User #25378","Timepoint 53",7.63640907406807,39,7
"1398","User #25378","Timepoint 54",11.6015012860298,39,7
"1399","User #25378","Timepoint 55",9.20400649309158,39,7
"1400","User #25378","Timepoint 56",7.82573875784874,39,7
"1401","User #25378","Timepoint 57",9.93501871824265,39,7
"1402","User #25378","Timepoint 58",10.9930536150932,39,7
"1403","User #25378","Timepoint 59",11.8833764791489,39,7
"1404","User #25378","Timepoint 60",8.53036665916443,39,7
"1405","User #25378","Timepoint 61",9.85857254266739,39,7
"1406","User #25378","Timepoint 62",10.0918881297112,39,7
"1407","User #25378","Timepoint 63",10.9366483688354,39,7
"1408","User #25378","Timepoint 64",10.1054427623749,39,7
"1409","User #25333","Timepoint 1",0,39,7
"1410","User #25333","Timepoint 2",0,39,7
"1411","User #25333","Timepoint 3",0,39,7
"1412","User #25333","Timepoint 4",0,39,7
"1413","User #25333","Timepoint 5",0,39,7
"1414","User #25333","Timepoint 6",0,39,7
"1415","User #25333","Timepoint 7",0,39,7
"1416","User #25333","Timepoint 8",0,39,7
"1417","User #25333","Timepoint 9",0,39,7
"1418","User #25333","Timepoint 10",0,39,7
"1419","User #25333","Timepoint 11",0,39,7
"1420","User #25333","Timepoint 12",0,39,7
"1421","User #25333","Timepoint 13",0,39,7
"1422","User #25333","Timepoint 14",0,39,7
"1423","User #25333","Timepoint 15",0,39,7
"1424","User #25333","Timepoint 16",0,39,7
"1425","User #25333","Timepoint 17",9.03719782829285,39,7
"1426","User #25333","Timepoint 18",13.5579750537872,39,7
"1427","User #25333","Timepoint 19",5.88665901869535,39,7
"1428","User #25333","Timepoint 20",9.43549504876137,39,7
"1429","User #25333","Timepoint 21",8.92868757247925,39,7
"1430","User #25333","Timepoint 22",7.61486113071442,39,7
"1431","User #25333","Timepoint 23",6.51548570394516,39,7
"1432","User #25333","Timepoint 24",9.4316526055336,39,7
"1433","User #25333","Timepoint 25",7.73361347615719,39,7
"1434","User #25333","Timepoint 26",6.70629918575287,39,7
"1435","User #25333","Timepoint 27",4.5661853402853,39,7
"1436","User #25333","Timepoint 28",10.1184379458427,39,7
"1437","User #25333","Timepoint 29",10.4816604554653,39,7
"1438","User #25333","Timepoint 30",11.7591818571091,39,7
"1439","User #25333","Timepoint 31",5.95495171844959,39,7
"1440","User #25333","Timepoint 32",10.8704763054848,39,7
"1441","User #25333","Timepoint 33",7.60215625166893,39,7
"1442","User #25333","Timepoint 34",9.11034882068634,39,7
"1443","User #25333","Timepoint 35",6.24586115777493,39,7
"1444","User #25333","Timepoint 36",16.7607506513596,39,7
"1445","User #25333","Timepoint 37",13.8630586862564,39,7
"1446","User #25333","Timepoint 38",9.1085310280323,39,7
"1447","User #25333","Timepoint 39",5.82227006554604,39,7
"1448","User #25333","Timepoint 40",7.58988197147846,39,7
"1449","User #25333","Timepoint 41",8.91511887311935,39,7
"1450","User #25333","Timepoint 42",7.59062679111958,39,7
"1451","User #25333","Timepoint 43",8.70290952920914,39,7
"1452","User #25333","Timepoint 44",8.87527659535408,39,7
"1453","User #25333","Timepoint 45",7.08993408083916,39,7
"1454","User #25333","Timepoint 46",9.78102546930313,39,7
"1455","User #25333","Timepoint 47",6.61492174863815,39,7
"1456","User #25333","Timepoint 48",8.85397121310234,39,7
"1457","User #25333","Timepoint 49",11.3998577594757,39,7
"1458","User #25333","Timepoint 50",10.195145368576,39,7
"1459","User #25333","Timepoint 51",9.28634262084961,39,7
"1460","User #25333","Timepoint 52",9.35471391677856,39,7
"1461","User #25333","Timepoint 53",9.11836540699005,39,7
"1462","User #25333","Timepoint 54",10.4891387224197,39,7
"1463","User #25333","Timepoint 55",8.0960621535778,39,7
"1464","User #25333","Timepoint 56",11.042827129364,39,7
"1465","User #25333","Timepoint 57",9.34222078323364,39,7
"1466","User #25333","Timepoint 58",9.79639148712158,39,7
"1467","User #25333","Timepoint 59",12.0922831296921,39,7
"1468","User #25333","Timepoint 60",9.57599318027496,39,7
"1469","User #25333","Timepoint 61",7.76858484745026,39,7
"1470","User #25333","Timepoint 62",10.3098357319832,39,7
"1471","User #25333","Timepoint 63",8.8610035777092,39,7
"1472","User #25333","Timepoint 64",8.96452730894089,39,7
"1473","User #25383","Timepoint 1",0,39,7
"1474","User #25383","Timepoint 2",0,39,7
"1475","User #25383","Timepoint 3",0,39,7
"1476","User #25383","Timepoint 4",0,39,7
"1477","User #25383","Timepoint 5",0,39,7
"1478","User #25383","Timepoint 6",0,39,7
"1479","User #25383","Timepoint 7",0,39,7
"1480","User #25383","Timepoint 8",0,39,7
"1481","User #25383","Timepoint 9",0,39,7
"1482","User #25383","Timepoint 10",0,39,7
"1483","User #25383","Timepoint 11",0,39,7
"1484","User #25383","Timepoint 12",0,39,7
"1485","User #25383","Timepoint 13",0,39,7
"1486","User #25383","Timepoint 14",0,39,7
"1487","User #25383","Timepoint 15",0,39,7
"1488","User #25383","Timepoint 16",0,39,7
"1489","User #25383","Timepoint 17",9.17655739188194,39,7
"1490","User #25383","Timepoint 18",9.88553553819656,39,7
"1491","User #25383","Timepoint 19",10.6922460198402,39,7
"1492","User #25383","Timepoint 20",13.6767199635506,39,7
"1493","User #25383","Timepoint 21",9.71612545847893,39,7
"1494","User #25383","Timepoint 22",9.59605902433395,39,7
"1495","User #25383","Timepoint 23",9.63939493894577,39,7
"1496","User #25383","Timepoint 24",11.9316881895065,39,7
"1497","User #25383","Timepoint 25",14.4857986569405,39,7
"1498","User #25383","Timepoint 26",9.81320837140083,39,7
"1499","User #25383","Timepoint 27",9.90985560417175,39,7
"1500","User #25383","Timepoint 28",10.0355612933636,39,7
"1501","User #25383","Timepoint 29",7.51416412740946,39,7
"1502","User #25383","Timepoint 30",7.05826189368963,39,7
"1503","User #25383","Timepoint 31",11.901498734951,39,7
"1504","User #25383","Timepoint 32",11.8954437971115,39,7
"1505","User #25383","Timepoint 33",17.9864653944969,39,7
"1506","User #25383","Timepoint 34",13.5644620060921,39,7
"1507","User #25383","Timepoint 35",10.1460237503052,39,7
"1508","User #25383","Timepoint 36",16.2411267757416,39,7
"1509","User #25383","Timepoint 37",13.0481538176537,39,7
"1510","User #25383","Timepoint 38",15.3613203763962,39,7
"1511","User #25383","Timepoint 39",14.0650975108147,39,7
"1512","User #25383","Timepoint 40",8.31169713288546,39,7
"1513","User #25383","Timepoint 41",10.1914446353912,39,7
"1514","User #25383","Timepoint 42",10.8339387774467,39,7
"1515","User #25383","Timepoint 43",13.634534060955,39,7
"1516","User #25383","Timepoint 44",12.6719497442245,39,7
"1517","User #25383","Timepoint 45",10.0185579657555,39,7
"1518","User #25383","Timepoint 46",9.57361936569214,39,7
"1519","User #25383","Timepoint 47",8.10499452054501,39,7
"1520","User #25383","Timepoint 48",9.48859322071075,39,7
"1521","User #25383","Timepoint 49",14.8038255572319,39,7
"1522","User #25383","Timepoint 50",10.7970950603485,39,7
"1523","User #25383","Timepoint 51",11.1345417648554,39,7
"1524","User #25383","Timepoint 52",9.7655713185668,39,7
"1525","User #25383","Timepoint 53",10.3938992321491,39,7
"1526","User #25383","Timepoint 54",10.1116939634085,39,7
"1527","User #25383","Timepoint 55",14.3804216980934,39,7
"1528","User #25383","Timepoint 56",12.0867320001125,39,7
"1529","User #25383","Timepoint 57",14.0479785203934,39,7
"1530","User #25383","Timepoint 58",16.2757059931755,39,7
"1531","User #25383","Timepoint 59",13.7703682780266,39,7
"1532","User #25383","Timepoint 60",13.3073323667049,39,7
"1533","User #25383","Timepoint 61",12.2603516578674,39,7
"1534","User #25383","Timepoint 62",10.1772859096527,39,7
"1535","User #25383","Timepoint 63",12.5792142748833,39,7
"1536","User #25383","Timepoint 64",11.9138778448105,39,7
"1537","User #25372","Timepoint 1",0,39,7
"1538","User #25372","Timepoint 2",0,39,7
"1539","User #25372","Timepoint 3",0,39,7
"1540","User #25372","Timepoint 4",0,39,7
"1541","User #25372","Timepoint 5",0,39,7
"1542","User #25372","Timepoint 6",0,39,7
"1543","User #25372","Timepoint 7",0,39,7
"1544","User #25372","Timepoint 8",0,39,7
"1545","User #25372","Timepoint 9",0,39,7
"1546","User #25372","Timepoint 10",0,39,7
"1547","User #25372","Timepoint 11",0,39,7
"1548","User #25372","Timepoint 12",0,39,7
"1549","User #25372","Timepoint 13",0,39,7
"1550","User #25372","Timepoint 14",0,39,7
"1551","User #25372","Timepoint 15",0,39,7
"1552","User #25372","Timepoint 16",0,39,7
"1553","User #25372","Timepoint 17",7.4398950189352,39,7
"1554","User #25372","Timepoint 18",8.2296587228775,39,7
"1555","User #25372","Timepoint 19",12.7577478885651,39,7
"1556","User #25372","Timepoint 20",10.4554329514503,39,7
"1557","User #25372","Timepoint 21",13.2443083524704,39,7
"1558","User #25372","Timepoint 22",14.7376931905746,39,7
"1559","User #25372","Timepoint 23",15.3865278959274,39,7
"1560","User #25372","Timepoint 24",11.4281560182571,39,7
"1561","User #25372","Timepoint 25",6.36511322855949,39,7
"1562","User #25372","Timepoint 26",12.5120092630386,39,7
"1563","User #25372","Timepoint 27",11.3199324607849,39,7
"1564","User #25372","Timepoint 28",11.6954473853111,39,7
"1565","User #25372","Timepoint 29",9.11931526660919,39,7
"1566","User #25372","Timepoint 30",9.59558260440826,39,7
"1567","User #25372","Timepoint 31",10.909667134285,39,7
"1568","User #25372","Timepoint 32",13.0132640600204,39,7
"1569","User #25372","Timepoint 33",6.52730596065521,39,7
"1570","User #25372","Timepoint 34",8.09209015965462,39,7
"1571","User #25372","Timepoint 35",7.25367885828018,39,7
"1572","User #25372","Timepoint 36",8.89515590667725,39,7
"1573","User #25372","Timepoint 37",7.01919366419315,39,7
"1574","User #25372","Timepoint 38",10.077367246151,39,7
"1575","User #25372","Timepoint 39",11.2064237594604,39,7
"1576","User #25372","Timepoint 40",9.32015416026115,39,7
"1577","User #25372","Timepoint 41",10.0468893051147,39,7
"1578","User #25372","Timepoint 42",8.43704563379288,39,7
"1579","User #25372","Timepoint 43",13.0240334272385,39,7
"1580","User #25372","Timepoint 44",14.7048599720001,39,7
"1581","User #25372","Timepoint 45",7.64932204782963,39,7
"1582","User #25372","Timepoint 46",6.97150562703609,39,7
"1583","User #25372","Timepoint 47",8.46051406860352,39,7
"1584","User #25372","Timepoint 48",7.86171373724937,39,7
"1585","User #25372","Timepoint 49",8.7573025226593,39,7
"1586","User #25372","Timepoint 50",9.13625907897949,39,7
"1587","User #25372","Timepoint 51",8.14098024368286,39,7
"1588","User #25372","Timepoint 52",9.25520896911621,39,7
"1589","User #25372","Timepoint 53",10.5451354980469,39,7
"1590","User #25372","Timepoint 54",6.49942392110825,39,7
"1591","User #25372","Timepoint 55",8.50457370281219,39,7
"1592","User #25372","Timepoint 56",9.22011995315552,39,7
"1593","User #25372","Timepoint 57",7.2145289182663,39,7
"1594","User #25372","Timepoint 58",11.1289348602295,39,7
"1595","User #25372","Timepoint 59",9.79308414459229,39,7
"1596","User #25372","Timepoint 60",7.17826184630394,39,7
"1597","User #25372","Timepoint 61",8.77804398536682,39,7
"1598","User #25372","Timepoint 62",8.91930174827576,39,7
"1599","User #25372","Timepoint 63",9.60845518112183,39,7
"1600","User #25372","Timepoint 64",9.8556809425354,39,7
"1601","User #25350","Timepoint 1",0,39,7
"1602","User #25350","Timepoint 2",0,39,7
"1603","User #25350","Timepoint 3",0,39,7
"1604","User #25350","Timepoint 4",0,39,7
"1605","User #25350","Timepoint 5",0,39,7
"1606","User #25350","Timepoint 6",0,39,7
"1607","User #25350","Timepoint 7",0,39,7
"1608","User #25350","Timepoint 8",0,39,7
"1609","User #25350","Timepoint 9",0,39,7
"1610","User #25350","Timepoint 10",0,39,7
"1611","User #25350","Timepoint 11",0,39,7
"1612","User #25350","Timepoint 12",0,39,7
"1613","User #25350","Timepoint 13",0,39,7
"1614","User #25350","Timepoint 14",0,39,7
"1615","User #25350","Timepoint 15",0,39,7
"1616","User #25350","Timepoint 16",0,39,7
"1617","User #25350","Timepoint 17",7.96248650550842,39,7
"1618","User #25350","Timepoint 18",7.9509699344635,39,7
"1619","User #25350","Timepoint 19",6.74625283479691,39,7
"1620","User #25350","Timepoint 20",6.07051092386246,39,7
"1621","User #25350","Timepoint 21",7.37682795524597,39,7
"1622","User #25350","Timepoint 22",8.03738379478455,39,7
"1623","User #25350","Timepoint 23",6.99923950433731,39,7
"1624","User #25350","Timepoint 24",6.78667896986008,39,7
"1625","User #25350","Timepoint 25",6.96912956237793,39,7
"1626","User #25350","Timepoint 26",7.93989205360413,39,7
"1627","User #25350","Timepoint 27",8.02899670600891,39,7
"1628","User #25350","Timepoint 28",7.08076190948486,39,7
"1629","User #25350","Timepoint 29",7.17752289772034,39,7
"1630","User #25350","Timepoint 30",7.00920832157135,39,7
"1631","User #25350","Timepoint 31",7.58431625366211,39,7
"1632","User #25350","Timepoint 32",6.89216732978821,39,7
"1633","User #25350","Timepoint 33",7.00596606731415,39,7
"1634","User #25350","Timepoint 34",8.0810079574585,39,7
"1635","User #25350","Timepoint 35",7.53812026977539,39,7
"1636","User #25350","Timepoint 36",6.59096503257751,39,7
"1637","User #25350","Timepoint 37",6.5707859992981,39,7
"1638","User #25350","Timepoint 38",7.73714756965637,39,7
"1639","User #25350","Timepoint 39",8.38360834121704,39,7
"1640","User #25350","Timepoint 40",6.80776739120483,39,7
"1641","User #25350","Timepoint 41",6.64940935373306,39,7
"1642","User #25350","Timepoint 42",7.32180488109589,39,7
"1643","User #25350","Timepoint 43",8.21797966957092,39,7
"1644","User #25350","Timepoint 44",6.93169355392456,39,7
"1645","User #25350","Timepoint 45",6.22820121049881,39,7
"1646","User #25350","Timepoint 46",7.66121411323547,39,7
"1647","User #25350","Timepoint 47",6.86621159315109,39,7
"1648","User #25350","Timepoint 48",6.83251291513443,39,7
"1649","User #25350","Timepoint 49",6.79941129684448,39,7
"1650","User #25350","Timepoint 50",7.12971425056458,39,7
"1651","User #25350","Timepoint 51",6.54213452339172,39,7
"1652","User #25350","Timepoint 52",6.30535361170769,39,7
"1653","User #25350","Timepoint 53",6.53278988599777,39,7
"1654","User #25350","Timepoint 54",6.84416222572327,39,7
"1655","User #25350","Timepoint 55",6.75950002670288,39,7
"1656","User #25350","Timepoint 56",6.6508087515831,39,7
"1657","User #25350","Timepoint 57",6.62341046333313,39,7
"1658","User #25350","Timepoint 58",7.37411546707153,39,7
"1659","User #25350","Timepoint 59",6.56182301044464,39,7
"1660","User #25350","Timepoint 60",6.26620805263519,39,7
"1661","User #25350","Timepoint 61",6.42997241020203,39,7
"1662","User #25350","Timepoint 62",6.73525017499924,39,7
"1663","User #25350","Timepoint 63",6.93536007404327,39,7
"1664","User #25350","Timepoint 64",6.26297080516815,39,7
"1665","User #25303","Timepoint 1",0,39,7
"1666","User #25303","Timepoint 2",0,39,7
"1667","User #25303","Timepoint 3",0,39,7
"1668","User #25303","Timepoint 4",0,39,7
"1669","User #25303","Timepoint 5",0,39,7
"1670","User #25303","Timepoint 6",0,39,7
"1671","User #25303","Timepoint 7",0,39,7
"1672","User #25303","Timepoint 8",0,39,7
"1673","User #25303","Timepoint 9",0,39,7
"1674","User #25303","Timepoint 10",0,39,7
"1675","User #25303","Timepoint 11",0,39,7
"1676","User #25303","Timepoint 12",0,39,7
"1677","User #25303","Timepoint 13",0,39,7
"1678","User #25303","Timepoint 14",0,39,7
"1679","User #25303","Timepoint 15",0,39,7
"1680","User #25303","Timepoint 16",0,39,7
"1681","User #25303","Timepoint 17",13.0383930206299,39,7
"1682","User #25303","Timepoint 18",14.5290565490723,39,7
"1683","User #25303","Timepoint 19",7.0208888053894,39,7
"1684","User #25303","Timepoint 20",6.94185543060303,39,7
"1685","User #25303","Timepoint 21",7.65201616287231,39,7
"1686","User #25303","Timepoint 22",13.0817279815674,39,7
"1687","User #25303","Timepoint 23",9.13016939163208,39,7
"1688","User #25303","Timepoint 24",9.26389455795288,39,7
"1689","User #25303","Timepoint 25",8.69252729415894,39,7
"1690","User #25303","Timepoint 26",6.57518970966339,39,7
"1691","User #25303","Timepoint 27",7.89293718338013,39,7
"1692","User #25303","Timepoint 28",9.68383646011353,39,7
"1693","User #25303","Timepoint 29",9.27210283279419,39,7
"1694","User #25303","Timepoint 30",4.37621039152145,39,7
"1695","User #25303","Timepoint 31",8.11020803451538,39,7
"1696","User #25303","Timepoint 32",9.36449718475342,39,7
"1697","User #25303","Timepoint 33",5.88097167015076,39,7
"1698","User #25303","Timepoint 34",9.96799039840698,39,7
"1699","User #25303","Timepoint 35",9.30135631561279,39,7
"1700","User #25303","Timepoint 36",6.62320184707642,39,7
"1701","User #25303","Timepoint 37",9.04671764373779,39,7
"1702","User #25303","Timepoint 38",9.04874849319458,39,7
"1703","User #25303","Timepoint 39",7.30087041854858,39,7
"1704","User #25303","Timepoint 40",6.70853292942047,39,7
"1705","User #25303","Timepoint 41",7.50826549530029,39,7
"1706","User #25303","Timepoint 42",7.73609161376953,39,7
"1707","User #25303","Timepoint 43",9.39322566986084,39,7
"1708","User #25303","Timepoint 44",8.24567270278931,39,7
"1709","User #25303","Timepoint 45",8.47072768211365,39,7
"1710","User #25303","Timepoint 46",7.73064112663269,39,7
"1711","User #25303","Timepoint 47",8.61028003692627,39,7
"1712","User #25303","Timepoint 48",7.93536353111267,39,7
"1713","User #25303","Timepoint 49",7.85228469967842,39,7
"1714","User #25303","Timepoint 50",8.21829295158386,39,7
"1715","User #25303","Timepoint 51",7.93237233161926,39,7
"1716","User #25303","Timepoint 52",9.129678606987,39,7
"1717","User #25303","Timepoint 53",8.5861132144928,39,7
"1718","User #25303","Timepoint 54",7.53580477833748,39,7
"1719","User #25303","Timepoint 55",7.48077058792114,39,7
"1720","User #25303","Timepoint 56",8.41742649674416,39,7
"1721","User #25303","Timepoint 57",9.18526703119278,39,7
"1722","User #25303","Timepoint 58",8.43644326925278,39,7
"1723","User #25303","Timepoint 59",6.89392328262329,39,7
"1724","User #25303","Timepoint 60",8.96081906557083,39,7
"1725","User #25303","Timepoint 61",8.33351698517799,39,7
"1726","User #25303","Timepoint 62",7.72761097550392,39,7
"1727","User #25303","Timepoint 63",7.72614067792892,39,7
"1728","User #25303","Timepoint 64",7.48803387582302,39,7
"1729","User #25303","Timepoint 1",0,39,7
"1730","User #25303","Timepoint 2",0,39,7
"1731","User #25303","Timepoint 3",0,39,7
"1732","User #25303","Timepoint 4",0,39,7
"1733","User #25303","Timepoint 5",0,39,7
"1734","User #25303","Timepoint 6",0,39,7
"1735","User #25303","Timepoint 7",0,39,7
"1736","User #25303","Timepoint 8",0,39,7
"1737","User #25303","Timepoint 9",0,39,7
"1738","User #25303","Timepoint 10",0,39,7
"1739","User #25303","Timepoint 11",0,39,7
"1740","User #25303","Timepoint 12",0,39,7
"1741","User #25303","Timepoint 13",0,39,7
"1742","User #25303","Timepoint 14",0,39,7
"1743","User #25303","Timepoint 15",0,39,7
"1744","User #25303","Timepoint 16",0,39,7
"1745","User #25303","Timepoint 17",10.6168350577354,39,7
"1746","User #25303","Timepoint 18",10.1877614855766,39,7
"1747","User #25303","Timepoint 19",8.59786736965179,39,7
"1748","User #25303","Timepoint 20",9.01668244600296,39,7
"1749","User #25303","Timepoint 21",9.65554428100586,39,7
"1750","User #25303","Timepoint 22",9.31343114376068,39,7
"1751","User #25303","Timepoint 23",8.63250267505646,39,7
"1752","User #25303","Timepoint 24",8.83545312285423,39,7
"1753","User #25303","Timepoint 25",8.70037138462067,39,7
"1754","User #25303","Timepoint 26",7.28534327447414,39,7
"1755","User #25303","Timepoint 27",9.31140297651291,39,7
"1756","User #25303","Timepoint 28",7.28999322652817,39,7
"1757","User #25303","Timepoint 29",7.37176850438118,39,7
"1758","User #25303","Timepoint 30",8.16864734888077,39,7
"1759","User #25303","Timepoint 31",9.03072607517242,39,7
"1760","User #25303","Timepoint 32",8.8784704208374,39,7
"1761","User #25303","Timepoint 33",7.27602866292,39,7
"1762","User #25303","Timepoint 34",6.72777361422777,39,7
"1763","User #25303","Timepoint 35",8.82131707668304,39,7
"1764","User #25303","Timepoint 36",9.13777437806129,39,7
"1765","User #25303","Timepoint 37",8.33940413594246,39,7
"1766","User #25303","Timepoint 38",7.66560700535774,39,7
"1767","User #25303","Timepoint 39",8.29301643371582,39,7
"1768","User #25303","Timepoint 40",7.57656927406788,39,7
"1769","User #25303","Timepoint 41",8.53368282318115,39,7
"1770","User #25303","Timepoint 42",11.7042406201363,39,7
"1771","User #25303","Timepoint 43",9.66815888881683,39,7
"1772","User #25303","Timepoint 44",10.6073526144028,39,7
"1773","User #25303","Timepoint 45",7.02755126357079,39,7
"1774","User #25303","Timepoint 46",6.79826979339123,39,7
"1775","User #25303","Timepoint 47",9.42623746395111,39,7
"1776","User #25303","Timepoint 48",8.85856029391289,39,7
"1777","User #25303","Timepoint 49",9.33705818653107,39,7
"1778","User #25303","Timepoint 50",8.35174870491028,39,7
"1779","User #25303","Timepoint 51",8.18133401870728,39,7
"1780","User #25303","Timepoint 52",10.842756986618,39,7
"1781","User #25303","Timepoint 53",8.71253943443298,39,7
"1782","User #25303","Timepoint 54",8.9650787115097,39,7
"1783","User #25303","Timepoint 55",9.83170294761658,39,7
"1784","User #25303","Timepoint 56",7.95967358350754,39,7
"1785","User #25303","Timepoint 57",7.41418173909187,39,7
"1786","User #25303","Timepoint 58",8.02676260471344,39,7
"1787","User #25303","Timepoint 59",8.37441372871399,39,7
"1788","User #25303","Timepoint 60",9.65776383876801,39,7
"1789","User #25303","Timepoint 61",7.4541403055191,39,7
"1790","User #25303","Timepoint 62",7.41561537981033,39,7
"1791","User #25303","Timepoint 63",9.64927554130554,39,7
"1792","User #25303","Timepoint 64",6.92752861976624,39,7
"1793","User #25385","Timepoint 1",0,39,7
"1794","User #25385","Timepoint 2",0,39,7
"1795","User #25385","Timepoint 3",0,39,7
"1796","User #25385","Timepoint 4",0,39,7
"1797","User #25385","Timepoint 5",0,39,7
"1798","User #25385","Timepoint 6",0,39,7
"1799","User #25385","Timepoint 7",0,39,7
"1800","User #25385","Timepoint 8",0,39,7
"1801","User #25385","Timepoint 9",0,39,7
"1802","User #25385","Timepoint 10",0,39,7
"1803","User #25385","Timepoint 11",0,39,7
"1804","User #25385","Timepoint 12",0,39,7
"1805","User #25385","Timepoint 13",0,39,7
"1806","User #25385","Timepoint 14",0,39,7
"1807","User #25385","Timepoint 15",0,39,7
"1808","User #25385","Timepoint 16",0,39,7
"1809","User #25385","Timepoint 17",7.69663882255554,39,7
"1810","User #25385","Timepoint 18",10.2562489509583,39,7
"1811","User #25385","Timepoint 19",7.7558958530426,39,7
"1812","User #25385","Timepoint 20",11.1059279441833,39,7
"1813","User #25385","Timepoint 21",8.30854558944702,39,7
"1814","User #25385","Timepoint 22",10.9931216239929,39,7
"1815","User #25385","Timepoint 23",11.3589863777161,39,7
"1816","User #25385","Timepoint 24",8.05531215667725,39,7
"1817","User #25385","Timepoint 25",12.9309387207031,39,7
"1818","User #25385","Timepoint 26",12.7053666114807,39,7
"1819","User #25385","Timepoint 27",9.84173679351807,39,7
"1820","User #25385","Timepoint 28",10.8416442871094,39,7
"1821","User #25385","Timepoint 29",10.3041243553162,39,7
"1822","User #25385","Timepoint 30",13.7309999465942,39,7
"1823","User #25385","Timepoint 31",12.0254426002502,39,7
"1824","User #25385","Timepoint 32",8.92040801048279,39,7
"1825","User #25385","Timepoint 33",9.92319536209106,39,7
"1826","User #25385","Timepoint 34",9.79148244857788,39,7
"1827","User #25385","Timepoint 35",10.7615814208984,39,7
"1828","User #25385","Timepoint 36",11.4031882286072,39,7
"1829","User #25385","Timepoint 37",11.3669748306274,39,7
"1830","User #25385","Timepoint 38",6.26087325811386,39,7
"1831","User #25385","Timepoint 39",11.0223712921143,39,7
"1832","User #25385","Timepoint 40",12.1380429267883,39,7
"1833","User #25385","Timepoint 41",12.7300214767456,39,7
"1834","User #25385","Timepoint 42",10.5263543128967,39,7
"1835","User #25385","Timepoint 43",7.9261771440506,39,7
"1836","User #25385","Timepoint 44",11.3655562400818,39,7
"1837","User #25385","Timepoint 45",10.0707721710205,39,7
"1838","User #25385","Timepoint 46",9.06308388710022,39,7
"1839","User #25385","Timepoint 47",10.0201005935669,39,7
"1840","User #25385","Timepoint 48",10.9293522834778,39,7
"1841","User #25385","Timepoint 49",7.39349484443665,39,7
"1842","User #25385","Timepoint 50",9.20972406864166,39,7
"1843","User #25385","Timepoint 51",10.1302696466446,39,7
"1844","User #25385","Timepoint 52",11.757129907608,39,7
"1845","User #25385","Timepoint 53",8.10625040531158,39,7
"1846","User #25385","Timepoint 54",7.23503646254539,39,7
"1847","User #25385","Timepoint 55",8.78907644748688,39,7
"1848","User #25385","Timepoint 56",8.9081711769104,39,7
"1849","User #25385","Timepoint 57",9.63834249973297,39,7
"1850","User #25385","Timepoint 58",8.077916264534,39,7
"1851","User #25385","Timepoint 59",9.80045306682587,39,7
"1852","User #25385","Timepoint 60",10.3785030841827,39,7
"1853","User #25385","Timepoint 61",7.72689700126648,39,7
"1854","User #25385","Timepoint 62",7.91863793134689,39,7
"1855","User #25385","Timepoint 63",8.82441186904907,39,7
"1856","User #25385","Timepoint 64",9.66099536418915,39,7
"1857","User #25303","Timepoint 1",0,39,7
"1858","User #25303","Timepoint 2",0,39,7
"1859","User #25303","Timepoint 3",0,39,7
"1860","User #25303","Timepoint 4",0,39,7
"1861","User #25303","Timepoint 5",0,39,7
"1862","User #25303","Timepoint 6",0,39,7
"1863","User #25303","Timepoint 7",0,39,7
"1864","User #25303","Timepoint 8",0,39,7
"1865","User #25303","Timepoint 9",0,39,7
"1866","User #25303","Timepoint 10",0,39,7
"1867","User #25303","Timepoint 11",0,39,7
"1868","User #25303","Timepoint 12",0,39,7
"1869","User #25303","Timepoint 13",0,39,7
"1870","User #25303","Timepoint 14",0,39,7
"1871","User #25303","Timepoint 15",0,39,7
"1872","User #25303","Timepoint 16",0,39,7
"1873","User #25303","Timepoint 17",7.5791323184967,39,7
"1874","User #25303","Timepoint 18",11.6744651794434,39,7
"1875","User #25303","Timepoint 19",14.4925141334534,39,7
"1876","User #25303","Timepoint 20",9.76123332977295,39,7
"1877","User #25303","Timepoint 21",7.38006299734116,39,7
"1878","User #25303","Timepoint 22",10.4362845420837,39,7
"1879","User #25303","Timepoint 23",7.9904088973999,39,7
"1880","User #25303","Timepoint 24",11.5947790145874,39,7
"1881","User #25303","Timepoint 25",10.0353016853333,39,7
"1882","User #25303","Timepoint 26",8.26402032375336,39,7
"1883","User #25303","Timepoint 27",11.0334796905518,39,7
"1884","User #25303","Timepoint 28",11.2079653739929,39,7
"1885","User #25303","Timepoint 29",7.94271039962769,39,7
"1886","User #25303","Timepoint 30",12.6476421356201,39,7
"1887","User #25303","Timepoint 31",15.3309955596924,39,7
"1888","User #25303","Timepoint 32",11.0796647071838,39,7
"1889","User #25303","Timepoint 33",10.8235578536987,39,7
"1890","User #25303","Timepoint 34",10.8173789978027,39,7
"1891","User #25303","Timepoint 35",10.326849937439,39,7
"1892","User #25303","Timepoint 36",10.0877954959869,39,7
"1893","User #25303","Timepoint 37",7.10966548323631,39,7
"1894","User #25303","Timepoint 38",9.33032083511353,39,7
"1895","User #25303","Timepoint 39",8.33173322677612,39,7
"1896","User #25303","Timepoint 40",8.76233601570129,39,7
"1897","User #25303","Timepoint 41",11.2957320213318,39,7
"1898","User #25303","Timepoint 42",7.71962875127792,39,7
"1899","User #25303","Timepoint 43",8.35133719444275,39,7
"1900","User #25303","Timepoint 44",11.0939140319824,39,7
"1901","User #25303","Timepoint 45",10.9595408439636,39,7
"1902","User #25303","Timepoint 46",7.95161014795303,39,7
"1903","User #25303","Timepoint 47",9.71380805969238,39,7
"1904","User #25303","Timepoint 48",8.13314402103424,39,7
"1905","User #25303","Timepoint 49",7.59591569006443,39,7
"1906","User #25303","Timepoint 50",7.25611754506826,39,7
"1907","User #25303","Timepoint 51",8.65437579154968,39,7
"1908","User #25303","Timepoint 52",9.4971829354763,39,7
"1909","User #25303","Timepoint 53",9.04266607761383,39,7
"1910","User #25303","Timepoint 54",7.39617124944925,39,7
"1911","User #25303","Timepoint 55",10.466984629631,39,7
"1912","User #25303","Timepoint 56",9.70988941192627,39,7
"1913","User #25303","Timepoint 57",8.74335807561874,39,7
"1914","User #25303","Timepoint 58",8.89120948314667,39,7
"1915","User #25303","Timepoint 59",7.86318254470825,39,7
"1916","User #25303","Timepoint 60",7.46749334782362,39,7
"1917","User #25303","Timepoint 61",8.29564523696899,39,7
"1918","User #25303","Timepoint 62",8.54173493385315,39,7
"1919","User #25303","Timepoint 63",8.41757160425186,39,7
"1920","User #25303","Timepoint 64",8.66062816977501,39,7
"1921","User #25366","Timepoint 1",0,39,7
"1922","User #25366","Timepoint 2",0,39,7
"1923","User #25366","Timepoint 3",0,39,7
"1924","User #25366","Timepoint 4",0,39,7
"1925","User #25366","Timepoint 5",0,39,7
"1926","User #25366","Timepoint 6",0,39,7
"1927","User #25366","Timepoint 7",0,39,7
"1928","User #25366","Timepoint 8",0,39,7
"1929","User #25366","Timepoint 9",0,39,7
"1930","User #25366","Timepoint 10",0,39,7
"1931","User #25366","Timepoint 11",0,39,7
"1932","User #25366","Timepoint 12",0,39,7
"1933","User #25366","Timepoint 13",0,39,7
"1934","User #25366","Timepoint 14",0,39,7
"1935","User #25366","Timepoint 15",0,39,7
"1936","User #25366","Timepoint 16",0,39,7
"1937","User #25366","Timepoint 17",9.83417826890945,39,7
"1938","User #25366","Timepoint 18",14.0982307195663,39,7
"1939","User #25366","Timepoint 19",10.8675488829613,39,7
"1940","User #25366","Timepoint 20",12.3878390192986,39,7
"1941","User #25366","Timepoint 21",15.0232652425766,39,7
"1942","User #25366","Timepoint 22",11.355610370636,39,7
"1943","User #25366","Timepoint 23",13.006208896637,39,7
"1944","User #25366","Timepoint 24",12.9501766562462,39,7
"1945","User #25366","Timepoint 25",10.3342185020447,39,7
"1946","User #25366","Timepoint 26",15.0390658378601,39,7
"1947","User #25366","Timepoint 27",7.76188419759274,39,7
"1948","User #25366","Timepoint 28",8.45583188533783,39,7
"1949","User #25366","Timepoint 29",9.45548677444458,39,7
"1950","User #25366","Timepoint 30",7.70678348094225,39,7
"1951","User #25366","Timepoint 31",8.75659519433975,39,7
"1952","User #25366","Timepoint 32",10.6265507936478,39,7
"1953","User #25366","Timepoint 33",12.2400690317154,39,7
"1954","User #25366","Timepoint 34",10.3619711399078,39,7
"1955","User #25366","Timepoint 35",6.55311112105846,39,7
"1956","User #25366","Timepoint 36",10.9647732377052,39,7
"1957","User #25366","Timepoint 37",9.26389610767365,39,7
"1958","User #25366","Timepoint 38",9.78231585025787,39,7
"1959","User #25366","Timepoint 39",10.8705133199692,39,7
"1960","User #25366","Timepoint 40",9.46450567245483,39,7
"1961","User #25366","Timepoint 41",8.00713795423508,39,7
"1962","User #25366","Timepoint 42",7.80095280706882,39,7
"1963","User #25366","Timepoint 43",10.2103363275528,39,7
"1964","User #25366","Timepoint 44",10.032250225544,39,7
"1965","User #25366","Timepoint 45",8.53426116704941,39,7
"1966","User #25366","Timepoint 46",8.02710127830505,39,7
"1967","User #25366","Timepoint 47",9.59217882156372,39,7
"1968","User #25366","Timepoint 48",10.511450946331,39,7
"1969","User #25366","Timepoint 49",7.83829328417778,39,7
"1970","User #25366","Timepoint 50",8.53164863586426,39,7
"1971","User #25366","Timepoint 51",9.61615782976151,39,7
"1972","User #25366","Timepoint 52",9.22831979393959,39,7
"1973","User #25366","Timepoint 53",8.15401163697243,39,7
"1974","User #25366","Timepoint 54",10.8992148637772,39,7
"1975","User #25366","Timepoint 55",10.1092089414597,39,7
"1976","User #25366","Timepoint 56",9.12185323238373,39,7
"1977","User #25366","Timepoint 57",10.3182439208031,39,7
"1978","User #25366","Timepoint 58",11.3639811873436,39,7
"1979","User #25366","Timepoint 59",9.98955947160721,39,7
"1980","User #25366","Timepoint 60",11.3459516763687,39,7
"1981","User #25366","Timepoint 61",9.05376744270325,39,7
"1982","User #25366","Timepoint 62",10.0862027406693,39,7
"1983","User #25366","Timepoint 63",11.5135521888733,39,7
"1984","User #25366","Timepoint 64",8.7642942070961,39,7
"1985","User #25358","Timepoint 1",0,39,7
"1986","User #25358","Timepoint 2",0,39,7
"1987","User #25358","Timepoint 3",0,39,7
"1988","User #25358","Timepoint 4",0,39,7
"1989","User #25358","Timepoint 5",0,39,7
"1990","User #25358","Timepoint 6",0,39,7
"1991","User #25358","Timepoint 7",0,39,7
"1992","User #25358","Timepoint 8",0,39,7
"1993","User #25358","Timepoint 9",0,39,7
"1994","User #25358","Timepoint 10",0,39,7
"1995","User #25358","Timepoint 11",0,39,7
"1996","User #25358","Timepoint 12",0,39,7
"1997","User #25358","Timepoint 13",0,39,7
"1998","User #25358","Timepoint 14",0,39,7
"1999","User #25358","Timepoint 15",0,39,7
"2000","User #25358","Timepoint 16",0,39,7
"2001","User #25358","Timepoint 17",14.4368914961815,39,7
"2002","User #25358","Timepoint 18",12.3231087625027,39,7
"2003","User #25358","Timepoint 19",14.7029590010643,39,7
"2004","User #25358","Timepoint 20",12.9297819435596,39,7
"2005","User #25358","Timepoint 21",12.7475692033768,39,7
"2006","User #25358","Timepoint 22",14.8554812669754,39,7
"2007","User #25358","Timepoint 23",14.2130429148674,39,7
"2008","User #25358","Timepoint 24",13.3012993335724,39,7
"2009","User #25358","Timepoint 25",15.3936949372292,39,7
"2010","User #25358","Timepoint 26",13.6638376712799,39,7
"2011","User #25358","Timepoint 27",12.2582632154226,39,7
"2012","User #25358","Timepoint 28",12.7573307752609,39,7
"2013","User #25358","Timepoint 29",12.1480966210365,39,7
"2014","User #25358","Timepoint 30",14.4682225286961,39,7
"2015","User #25358","Timepoint 31",12.8614730536938,39,7
"2016","User #25358","Timepoint 32",13.9968780875206,39,7
"2017","User #25358","Timepoint 33",15.4635855555534,39,7
"2018","User #25358","Timepoint 34",13.2319398522377,39,7
"2019","User #25358","Timepoint 35",13.5757110714912,39,7
"2020","User #25358","Timepoint 36",12.316368162632,39,7
"2021","User #25358","Timepoint 37",12.0548286736012,39,7
"2022","User #25358","Timepoint 38",13.1528836786747,39,7
"2023","User #25358","Timepoint 39",14.004114985466,39,7
"2024","User #25358","Timepoint 40",13.6004683971405,39,7
"2025","User #25358","Timepoint 41",14.6691623330116,39,7
"2026","User #25358","Timepoint 42",11.8704631179571,39,7
"2027","User #25358","Timepoint 43",12.3510465472937,39,7
"2028","User #25358","Timepoint 44",12.318902015686,39,7
"2029","User #25358","Timepoint 45",13.6824431121349,39,7
"2030","User #25358","Timepoint 46",13.85404291749,39,7
"2031","User #25358","Timepoint 47",15.671587228775,39,7
"2032","User #25358","Timepoint 48",14.6849011778831,39,7
"2033","User #25358","Timepoint 49",12.716920375824,39,7
"2034","User #25358","Timepoint 50",11.2614614367485,39,7
"2035","User #25358","Timepoint 51",12.538126707077,39,7
"2036","User #25358","Timepoint 52",11.7482078075409,39,7
"2037","User #25358","Timepoint 53",14.0797266960144,39,7
"2038","User #25358","Timepoint 54",12.5733637809753,39,7
"2039","User #25358","Timepoint 55",12.734744310379,39,7
"2040","User #25358","Timepoint 56",13.2916219234467,39,7
"2041","User #25358","Timepoint 57",14.5514812469482,39,7
"2042","User #25358","Timepoint 58",12.6199357509613,39,7
"2043","User #25358","Timepoint 59",12.016498208046,39,7
"2044","User #25358","Timepoint 60",12.6979625225067,39,7
"2045","User #25358","Timepoint 61",12.4022345542908,39,7
"2046","User #25358","Timepoint 62",13.0021035671234,39,7
"2047","User #25358","Timepoint 63",12.0618405342102,39,7
"2048","User #25358","Timepoint 64",13.404985666275,39,7
"2049","User #25334","Timepoint 1",0,39,7
"2050","User #25334","Timepoint 2",0,39,7
"2051","User #25334","Timepoint 3",0,39,7
"2052","User #25334","Timepoint 4",0,39,7
"2053","User #25334","Timepoint 5",0,39,7
"2054","User #25334","Timepoint 6",0,39,7
"2055","User #25334","Timepoint 7",0,39,7
"2056","User #25334","Timepoint 8",0,39,7
"2057","User #25334","Timepoint 9",0,39,7
"2058","User #25334","Timepoint 10",0,39,7
"2059","User #25334","Timepoint 11",0,39,7
"2060","User #25334","Timepoint 12",0,39,7
"2061","User #25334","Timepoint 13",0,39,7
"2062","User #25334","Timepoint 14",0,39,7
"2063","User #25334","Timepoint 15",0,39,7
"2064","User #25334","Timepoint 16",0,39,7
"2065","User #25334","Timepoint 17",8.08543756604195,39,7
"2066","User #25334","Timepoint 18",7.79490953683853,39,7
"2067","User #25334","Timepoint 19",8.51737970113754,39,7
"2068","User #25334","Timepoint 20",10.3445680737495,39,7
"2069","User #25334","Timepoint 21",8.61257988214493,39,7
"2070","User #25334","Timepoint 22",7.3275890648365,39,7
"2071","User #25334","Timepoint 23",6.54968836903572,39,7
"2072","User #25334","Timepoint 24",9.0435084104538,39,7
"2073","User #25334","Timepoint 25",11.8984302282333,39,7
"2074","User #25334","Timepoint 26",8.27478033304214,39,7
"2075","User #25334","Timepoint 27",7.35775023698807,39,7
"2076","User #25334","Timepoint 28",11.3090158700943,39,7
"2077","User #25334","Timepoint 29",7.74347093701363,39,7
"2078","User #25334","Timepoint 30",7.5310525894165,39,7
"2079","User #25334","Timepoint 31",7.76834225654602,39,7
"2080","User #25334","Timepoint 32",8.85046231746674,39,7
"2081","User #25334","Timepoint 33",8.11277383565903,39,7
"2082","User #25334","Timepoint 34",8.7823406457901,39,7
"2083","User #25334","Timepoint 35",11.1513996124268,39,7
"2084","User #25334","Timepoint 36",11.7006661295891,39,7
"2085","User #25334","Timepoint 37",5.55583967268467,39,7
"2086","User #25334","Timepoint 38",7.1773826777935,39,7
"2087","User #25334","Timepoint 39",9.66624170541763,39,7
"2088","User #25334","Timepoint 40",6.98601189255714,39,7
"2089","User #25334","Timepoint 41",9.79836302995682,39,7
"2090","User #25334","Timepoint 42",10.3624836206436,39,7
"2091","User #25334","Timepoint 43",10.2644655108452,39,7
"2092","User #25334","Timepoint 44",7.19626435637474,39,7
"2093","User #25334","Timepoint 45",5.44242635369301,39,7
"2094","User #25334","Timepoint 46",6.84875601530075,39,7
"2095","User #25334","Timepoint 47",6.38284692168236,39,7
"2096","User #25334","Timepoint 48",6.27120681107044,39,7
"2097","User #25334","Timepoint 49",11.7754364609718,39,7
"2098","User #25334","Timepoint 50",11.6783034801483,39,7
"2099","User #25334","Timepoint 51",6.25456169247627,39,7
"2100","User #25334","Timepoint 52",6.00928796082735,39,7
"2101","User #25334","Timepoint 53",9.09744334220886,39,7
"2102","User #25334","Timepoint 54",9.24505361914635,39,7
"2103","User #25334","Timepoint 55",7.59207445383072,39,7
"2104","User #25334","Timepoint 56",8.49787762761116,39,7
"2105","User #25334","Timepoint 57",12.4778898358345,39,7
"2106","User #25334","Timepoint 58",6.22782932221889,39,7
"2107","User #25334","Timepoint 59",5.50760202109814,39,7
"2108","User #25334","Timepoint 60",8.78387406468391,39,7
"2109","User #25334","Timepoint 61",10.5290927886963,39,7
"2110","User #25334","Timepoint 62",7.73923867940903,39,7
"2111","User #25334","Timepoint 63",8.05936998128891,39,7
"2112","User #25334","Timepoint 64",6.99566127359867,39,7
"2113","User #25350","Timepoint 1",0,39,7
"2114","User #25350","Timepoint 2",0,39,7
"2115","User #25350","Timepoint 3",0,39,7
"2116","User #25350","Timepoint 4",0,39,7
"2117","User #25350","Timepoint 5",0,39,7
"2118","User #25350","Timepoint 6",0,39,7
"2119","User #25350","Timepoint 7",0,39,7
"2120","User #25350","Timepoint 8",0,39,7
"2121","User #25350","Timepoint 9",0,39,7
"2122","User #25350","Timepoint 10",0,39,7
"2123","User #25350","Timepoint 11",0,39,7
"2124","User #25350","Timepoint 12",0,39,7
"2125","User #25350","Timepoint 13",0,39,7
"2126","User #25350","Timepoint 14",0,39,7
"2127","User #25350","Timepoint 15",0,39,7
"2128","User #25350","Timepoint 16",0,39,7
"2129","User #25350","Timepoint 17",7.61322855949402,39,7
"2130","User #25350","Timepoint 18",7.94641023874283,39,7
"2131","User #25350","Timepoint 19",9.2003710269928,39,7
"2132","User #25350","Timepoint 20",7.77191752195358,39,7
"2133","User #25350","Timepoint 21",8.50471258163452,39,7
"2134","User #25350","Timepoint 22",7.62756532430649,39,7
"2135","User #25350","Timepoint 23",8.54426658153534,39,7
"2136","User #25350","Timepoint 24",8.36364448070526,39,7
"2137","User #25350","Timepoint 25",7.48696267604828,39,7
"2138","User #25350","Timepoint 26",7.46616294980049,39,7
"2139","User #25350","Timepoint 27",9.40150380134583,39,7
"2140","User #25350","Timepoint 28",7.71844464540482,39,7
"2141","User #25350","Timepoint 29",9.22556948661804,39,7
"2142","User #25350","Timepoint 30",6.99777656793594,39,7
"2143","User #25350","Timepoint 31",8.67289280891418,39,7
"2144","User #25350","Timepoint 32",8.29848825931549,39,7
"2145","User #25350","Timepoint 33",7.23796087503433,39,7
"2146","User #25350","Timepoint 34",7.07020962238312,39,7
"2147","User #25350","Timepoint 35",8.78308689594269,39,7
"2148","User #25350","Timepoint 36",6.93004095554352,39,7
"2149","User #25350","Timepoint 37",7.32412755489349,39,7
"2150","User #25350","Timepoint 38",7.8848215341568,39,7
"2151","User #25350","Timepoint 39",7.9361025094986,39,7
"2152","User #25350","Timepoint 40",6.86854621767998,39,7
"2153","User #25350","Timepoint 41",8.0433429479599,39,7
"2154","User #25350","Timepoint 42",7.42198839783669,39,7
"2155","User #25350","Timepoint 43",6.67577496170998,39,7
"2156","User #25350","Timepoint 44",6.81610152125359,39,7
"2157","User #25350","Timepoint 45",6.49161373078823,39,7
"2158","User #25350","Timepoint 46",6.92976880073547,39,7
"2159","User #25350","Timepoint 47",7.67596328258514,39,7
"2160","User #25350","Timepoint 48",7.06363472342491,39,7
"2161","User #25350","Timepoint 49",6.44193011522293,39,7
"2162","User #25350","Timepoint 50",6.93145382404327,39,7
"2163","User #25350","Timepoint 51",6.14096352458,39,7
"2164","User #25350","Timepoint 52",6.192068785429,39,7
"2165","User #25350","Timepoint 53",6.34937357902527,39,7
"2166","User #25350","Timepoint 54",6.31857657432556,39,7
"2167","User #25350","Timepoint 55",6.41738054156303,39,7
"2168","User #25350","Timepoint 56",6.32054698467255,39,7
"2169","User #25350","Timepoint 57",6.68774306774139,39,7
"2170","User #25350","Timepoint 58",6.24766145646572,39,7
"2171","User #25350","Timepoint 59",6.64026319980621,39,7
"2172","User #25350","Timepoint 60",6.9554495215416,39,7
"2173","User #25350","Timepoint 61",6.84374952316284,39,7
"2174","User #25350","Timepoint 62",6.31817236542702,39,7
"2175","User #25350","Timepoint 63",6.38628083467484,39,7
"2176","User #25350","Timepoint 64",6.94262903928757,39,7
"2177","User #25375","Timepoint 1",0,39,7
"2178","User #25375","Timepoint 2",0,39,7
"2179","User #25375","Timepoint 3",0,39,7
"2180","User #25375","Timepoint 4",0,39,7
"2181","User #25375","Timepoint 5",0,39,7
"2182","User #25375","Timepoint 6",0,39,7
"2183","User #25375","Timepoint 7",0,39,7
"2184","User #25375","Timepoint 8",0,39,7
"2185","User #25375","Timepoint 9",0,39,7
"2186","User #25375","Timepoint 10",0,39,7
"2187","User #25375","Timepoint 11",0,39,7
"2188","User #25375","Timepoint 12",0,39,7
"2189","User #25375","Timepoint 13",0,39,7
"2190","User #25375","Timepoint 14",0,39,7
"2191","User #25375","Timepoint 15",0,39,7
"2192","User #25375","Timepoint 16",0,39,7
"2193","User #25375","Timepoint 17",12.3945879340172,39,7
"2194","User #25375","Timepoint 18",12.4832531809807,39,7
"2195","User #25375","Timepoint 19",11.9139838516712,39,7
"2196","User #25375","Timepoint 20",12.5853789746761,39,7
"2197","User #25375","Timepoint 21",12.1096786260605,39,7
"2198","User #25375","Timepoint 22",12.1716979444027,39,7
"2199","User #25375","Timepoint 23",11.6241904199123,39,7
"2200","User #25375","Timepoint 24",12.6974653601646,39,7
"2201","User #25375","Timepoint 25",12.2893885970116,39,7
"2202","User #25375","Timepoint 26",11.3623021245003,39,7
"2203","User #25375","Timepoint 27",12.5212634801865,39,7
"2204","User #25375","Timepoint 28",13.3981998562813,39,7
"2205","User #25375","Timepoint 29",12.8623598217964,39,7
"2206","User #25375","Timepoint 30",12.1115469932556,39,7
"2207","User #25375","Timepoint 31",11.6536836475134,39,7
"2208","User #25375","Timepoint 32",12.1198628544807,39,7
"2209","User #25375","Timepoint 33",13.0876194834709,39,7
"2210","User #25375","Timepoint 34",12.3517842590809,39,7
"2211","User #25375","Timepoint 35",14.3297682404518,39,7
"2212","User #25375","Timepoint 36",15.4988533258438,39,7
"2213","User #25375","Timepoint 37",13.6896392703056,39,7
"2214","User #25375","Timepoint 38",16.6852815151215,39,7
"2215","User #25375","Timepoint 39",15.4854922890663,39,7
"2216","User #25375","Timepoint 40",17.113941192627,39,7
"2217","User #25375","Timepoint 41",13.2411618828773,39,7
"2218","User #25375","Timepoint 42",13.4050153493881,39,7
"2219","User #25375","Timepoint 43",14.4140955209732,39,7
"2220","User #25375","Timepoint 44",15.7569128870964,39,7
"2221","User #25375","Timepoint 45",13.6906994581223,39,7
"2222","User #25375","Timepoint 46",14.2460889220238,39,7
"2223","User #25375","Timepoint 47",13.9900299906731,39,7
"2224","User #25375","Timepoint 48",14.8998409509659,39,7
"2225","User #25375","Timepoint 49",13.4024914503098,39,7
"2226","User #25375","Timepoint 50",14.1423323154449,39,7
"2227","User #25375","Timepoint 51",14.1886647939682,39,7
"2228","User #25375","Timepoint 52",14.6424874067307,39,7
"2229","User #25375","Timepoint 53",14.4382064342499,39,7
"2230","User #25375","Timepoint 54",15.3086075782776,39,7
"2231","User #25375","Timepoint 55",15.4396277666092,39,7
"2232","User #25375","Timepoint 56",15.2574481964111,39,7
"2233","User #25375","Timepoint 57",14.1440589427948,39,7
"2234","User #25375","Timepoint 58",15.9512065649033,39,7
"2235","User #25375","Timepoint 59",13.9211233854294,39,7
"2236","User #25375","Timepoint 60",12.9178034067154,39,7
"2237","User #25375","Timepoint 61",12.730059504509,39,7
"2238","User #25375","Timepoint 62",13.7015870809555,39,7
"2239","User #25375","Timepoint 63",14.0996955633163,39,7
"2240","User #25375","Timepoint 64",14.1621534824371,39,7
"2241","User #25343","Timepoint 1",0,39,7
"2242","User #25343","Timepoint 2",0,39,7
"2243","User #25343","Timepoint 3",0,39,7
"2244","User #25343","Timepoint 4",0,39,7
"2245","User #25343","Timepoint 5",0,39,7
"2246","User #25343","Timepoint 6",0,39,7
"2247","User #25343","Timepoint 7",0,39,7
"2248","User #25343","Timepoint 8",0,39,7
"2249","User #25343","Timepoint 9",0,39,7
"2250","User #25343","Timepoint 10",0,39,7
"2251","User #25343","Timepoint 11",0,39,7
"2252","User #25343","Timepoint 12",0,39,7
"2253","User #25343","Timepoint 13",0,39,7
"2254","User #25343","Timepoint 14",0,39,7
"2255","User #25343","Timepoint 15",0,39,7
"2256","User #25343","Timepoint 16",0,39,7
"2257","User #25343","Timepoint 17",10.6969294548035,39,7
"2258","User #25343","Timepoint 18",12.2224016189575,39,7
"2259","User #25343","Timepoint 19",13.8493008613586,39,7
"2260","User #25343","Timepoint 20",9.29654455184937,39,7
"2261","User #25343","Timepoint 21",11.1152091026306,39,7
"2262","User #25343","Timepoint 22",11.3064680099487,39,7
"2263","User #25343","Timepoint 23",12.7439107894897,39,7
"2264","User #25343","Timepoint 24",9.0724196434021,39,7
"2265","User #25343","Timepoint 25",11.2162947654724,39,7
"2266","User #25343","Timepoint 26",10.3573651313782,39,7
"2267","User #25343","Timepoint 27",14.4409456253052,39,7
"2268","User #25343","Timepoint 28",8.84540891647339,39,7
"2269","User #25343","Timepoint 29",9.24801778793335,39,7
"2270","User #25343","Timepoint 30",11.0745000839233,39,7
"2271","User #25343","Timepoint 31",10.0618662834167,39,7
"2272","User #25343","Timepoint 32",10.8412852287292,39,7
"2273","User #25343","Timepoint 33",11.485369682312,39,7
"2274","User #25343","Timepoint 34",13.9041838645935,39,7
"2275","User #25343","Timepoint 35",10.8240299224854,39,7
"2276","User #25343","Timepoint 36",8.11707878112793,39,7
"2277","User #25343","Timepoint 37",7.79887247085571,39,7
"2278","User #25343","Timepoint 38",7.5808413028717,39,7
"2279","User #25343","Timepoint 39",8.66061449050903,39,7
"2280","User #25343","Timepoint 40",8.73296642303467,39,7
"2281","User #25343","Timepoint 41",9.51944875717163,39,7
"2282","User #25343","Timepoint 42",12.741069316864,39,7
"2283","User #25343","Timepoint 43",8.18178224563599,39,7
"2284","User #25343","Timepoint 44",8.28660941123962,39,7
"2285","User #25343","Timepoint 45",6.37320858240128,39,7
"2286","User #25343","Timepoint 46",6.7779181599617,39,7
"2287","User #25343","Timepoint 47",7.66501796245575,39,7
"2288","User #25343","Timepoint 48",7.4083663225174,39,7
"2289","User #25343","Timepoint 49",8.15922999382019,39,7
"2290","User #25343","Timepoint 50",10.6594457626343,39,7
"2291","User #25343","Timepoint 51",9.95131999254227,39,7
"2292","User #25343","Timepoint 52",7.99672147631645,39,7
"2293","User #25343","Timepoint 53",7.63640907406807,39,7
"2294","User #25343","Timepoint 54",11.6015012860298,39,7
"2295","User #25343","Timepoint 55",9.20400649309158,39,7
"2296","User #25343","Timepoint 56",7.82573875784874,39,7
"2297","User #25343","Timepoint 57",9.93501871824265,39,7
"2298","User #25343","Timepoint 58",10.9930536150932,39,7
"2299","User #25343","Timepoint 59",11.8833764791489,39,7
"2300","User #25343","Timepoint 60",8.53036665916443,39,7
"2301","User #25343","Timepoint 61",9.85857254266739,39,7
"2302","User #25343","Timepoint 62",10.0918881297112,39,7
"2303","User #25343","Timepoint 63",10.9366483688354,39,7
"2304","User #25343","Timepoint 64",10.1054427623749,39,7
"2305","User #25322","Timepoint 1",0,39,7
"2306","User #25322","Timepoint 2",0,39,7
"2307","User #25322","Timepoint 3",0,39,7
"2308","User #25322","Timepoint 4",0,39,7
"2309","User #25322","Timepoint 5",0,39,7
"2310","User #25322","Timepoint 6",0,39,7
"2311","User #25322","Timepoint 7",0,39,7
"2312","User #25322","Timepoint 8",0,39,7
"2313","User #25322","Timepoint 9",0,39,7
"2314","User #25322","Timepoint 10",0,39,7
"2315","User #25322","Timepoint 11",0,39,7
"2316","User #25322","Timepoint 12",0,39,7
"2317","User #25322","Timepoint 13",0,39,7
"2318","User #25322","Timepoint 14",0,39,7
"2319","User #25322","Timepoint 15",0,39,7
"2320","User #25322","Timepoint 16",0,39,7
"2321","User #25322","Timepoint 17",7.4493260383606,39,7
"2322","User #25322","Timepoint 18",6.20494705438614,39,7
"2323","User #25322","Timepoint 19",9.02044153213501,39,7
"2324","User #25322","Timepoint 20",6.99630975723267,39,7
"2325","User #25322","Timepoint 21",9.01970267295837,39,7
"2326","User #25322","Timepoint 22",8.10327410697937,39,7
"2327","User #25322","Timepoint 23",8.74869155883789,39,7
"2328","User #25322","Timepoint 24",9.05585646629333,39,7
"2329","User #25322","Timepoint 25",8.66892671585083,39,7
"2330","User #25322","Timepoint 26",6.62456917762756,39,7
"2331","User #25322","Timepoint 27",9.73040342330933,39,7
"2332","User #25322","Timepoint 28",8.87497520446777,39,7
"2333","User #25322","Timepoint 29",7.42403995990753,39,7
"2334","User #25322","Timepoint 30",8.048100233078,39,7
"2335","User #25322","Timepoint 31",9.0741970539093,39,7
"2336","User #25322","Timepoint 32",7.78303098678589,39,7
"2337","User #25322","Timepoint 33",7.24579834938049,39,7
"2338","User #25322","Timepoint 34",6.48817950487137,39,7
"2339","User #25322","Timepoint 35",8.53015923500061,39,7
"2340","User #25322","Timepoint 36",6.98348915576935,39,7
"2341","User #25322","Timepoint 37",8.12034201622009,39,7
"2342","User #25322","Timepoint 38",5.97723186016083,39,7
"2343","User #25322","Timepoint 39",8.18629622459412,39,7
"2344","User #25322","Timepoint 40",6.6789413690567,39,7
"2345","User #25322","Timepoint 41",9.09852886199951,39,7
"2346","User #25322","Timepoint 42",5.61625266075134,39,7
"2347","User #25322","Timepoint 43",7.83684396743774,39,7
"2348","User #25322","Timepoint 44",7.39471161365509,39,7
"2349","User #25322","Timepoint 45",7.52170395851135,39,7
"2350","User #25322","Timepoint 46",6.62876760959625,39,7
"2351","User #25322","Timepoint 47",8.40873169898987,39,7
"2352","User #25322","Timepoint 48",7.78753936290741,39,7
"2353","User #25322","Timepoint 49",8.19316649436951,39,7
"2354","User #25322","Timepoint 50",6.90371799468994,39,7
"2355","User #25322","Timepoint 51",7.55332279205322,39,7
"2356","User #25322","Timepoint 52",6.96064007282257,39,7
"2357","User #25322","Timepoint 53",9.55276703834534,39,7
"2358","User #25322","Timepoint 54",5.87079998850822,39,7
"2359","User #25322","Timepoint 55",8.60536456108093,39,7
"2360","User #25322","Timepoint 56",9.54012656211853,39,7
"2361","User #25322","Timepoint 57",8.72996020317078,39,7
"2362","User #25322","Timepoint 58",6.42791545391083,39,7
"2363","User #25322","Timepoint 59",8.10970258712769,39,7
"2364","User #25322","Timepoint 60",8.54675459861755,39,7
"2365","User #25322","Timepoint 61",7.71078741550446,39,7
"2366","User #25322","Timepoint 62",6.68695145845413,39,7
"2367","User #25322","Timepoint 63",8.06326293945312,39,7
"2368","User #25322","Timepoint 64",7.52658104896545,39,7
"2369","User #25313","Timepoint 1",0,39,7
"2370","User #25313","Timepoint 2",0,39,7
"2371","User #25313","Timepoint 3",0,39,7
"2372","User #25313","Timepoint 4",0,39,7
"2373","User #25313","Timepoint 5",0,39,7
"2374","User #25313","Timepoint 6",0,39,7
"2375","User #25313","Timepoint 7",0,39,7
"2376","User #25313","Timepoint 8",0,39,7
"2377","User #25313","Timepoint 9",0,39,7
"2378","User #25313","Timepoint 10",0,39,7
"2379","User #25313","Timepoint 11",0,39,7
"2380","User #25313","Timepoint 12",0,39,7
"2381","User #25313","Timepoint 13",0,39,7
"2382","User #25313","Timepoint 14",0,39,7
"2383","User #25313","Timepoint 15",0,39,7
"2384","User #25313","Timepoint 16",0,39,7
"2385","User #25313","Timepoint 17",7.4398950189352,39,7
"2386","User #25313","Timepoint 18",8.2296587228775,39,7
"2387","User #25313","Timepoint 19",12.7577478885651,39,7
"2388","User #25313","Timepoint 20",10.4554329514503,39,7
"2389","User #25313","Timepoint 21",13.2443083524704,39,7
"2390","User #25313","Timepoint 22",14.7376931905746,39,7
"2391","User #25313","Timepoint 23",15.3865278959274,39,7
"2392","User #25313","Timepoint 24",11.4281560182571,39,7
"2393","User #25313","Timepoint 25",6.36511322855949,39,7
"2394","User #25313","Timepoint 26",12.5120092630386,39,7
"2395","User #25313","Timepoint 27",11.3199324607849,39,7
"2396","User #25313","Timepoint 28",11.6954473853111,39,7
"2397","User #25313","Timepoint 29",9.11931526660919,39,7
"2398","User #25313","Timepoint 30",9.59558260440826,39,7
"2399","User #25313","Timepoint 31",10.909667134285,39,7
"2400","User #25313","Timepoint 32",13.0132640600204,39,7
"2401","User #25313","Timepoint 33",6.52730596065521,39,7
"2402","User #25313","Timepoint 34",8.09209015965462,39,7
"2403","User #25313","Timepoint 35",7.25367885828018,39,7
"2404","User #25313","Timepoint 36",8.89515590667725,39,7
"2405","User #25313","Timepoint 37",7.01919366419315,39,7
"2406","User #25313","Timepoint 38",10.077367246151,39,7
"2407","User #25313","Timepoint 39",11.2064237594604,39,7
"2408","User #25313","Timepoint 40",9.32015416026115,39,7
"2409","User #25313","Timepoint 41",10.0468893051147,39,7
"2410","User #25313","Timepoint 42",8.43704563379288,39,7
"2411","User #25313","Timepoint 43",13.0240334272385,39,7
"2412","User #25313","Timepoint 44",14.7048599720001,39,7
"2413","User #25313","Timepoint 45",7.64932204782963,39,7
"2414","User #25313","Timepoint 46",6.97150562703609,39,7
"2415","User #25313","Timepoint 47",8.46051406860352,39,7
"2416","User #25313","Timepoint 48",7.86171373724937,39,7
"2417","User #25313","Timepoint 49",8.7573025226593,39,7
"2418","User #25313","Timepoint 50",9.13625907897949,39,7
"2419","User #25313","Timepoint 51",8.14098024368286,39,7
"2420","User #25313","Timepoint 52",9.25520896911621,39,7
"2421","User #25313","Timepoint 53",10.5451354980469,39,7
"2422","User #25313","Timepoint 54",6.49942392110825,39,7
"2423","User #25313","Timepoint 55",8.50457370281219,39,7
"2424","User #25313","Timepoint 56",9.22011995315552,39,7
"2425","User #25313","Timepoint 57",7.2145289182663,39,7
"2426","User #25313","Timepoint 58",11.1289348602295,39,7
"2427","User #25313","Timepoint 59",9.79308414459229,39,7
"2428","User #25313","Timepoint 60",7.17826184630394,39,7
"2429","User #25313","Timepoint 61",8.77804398536682,39,7
"2430","User #25313","Timepoint 62",8.91930174827576,39,7
"2431","User #25313","Timepoint 63",9.60845518112183,39,7
"2432","User #25313","Timepoint 64",9.8556809425354,39,7
"2433","User #25365","Timepoint 1",0,39,7
"2434","User #25365","Timepoint 2",0,39,7
"2435","User #25365","Timepoint 3",0,39,7
"2436","User #25365","Timepoint 4",0,39,7
"2437","User #25365","Timepoint 5",0,39,7
"2438","User #25365","Timepoint 6",0,39,7
"2439","User #25365","Timepoint 7",0,39,7
"2440","User #25365","Timepoint 8",0,39,7
"2441","User #25365","Timepoint 9",0,39,7
"2442","User #25365","Timepoint 10",0,39,7
"2443","User #25365","Timepoint 11",0,39,7
"2444","User #25365","Timepoint 12",0,39,7
"2445","User #25365","Timepoint 13",0,39,7
"2446","User #25365","Timepoint 14",0,39,7
"2447","User #25365","Timepoint 15",0,39,7
"2448","User #25365","Timepoint 16",0,39,7
"2449","User #25365","Timepoint 17",13.3904697299004,39,7
"2450","User #25365","Timepoint 18",8.25337910652161,39,7
"2451","User #25365","Timepoint 19",8.18869066238403,39,7
"2452","User #25365","Timepoint 20",9.82064452767372,39,7
"2453","User #25365","Timepoint 21",15.270287334919,39,7
"2454","User #25365","Timepoint 22",12.3683785796165,39,7
"2455","User #25365","Timepoint 23",10.4572402834892,39,7
"2456","User #25365","Timepoint 24",8.0018719881773,39,7
"2457","User #25365","Timepoint 25",8.85928301513195,39,7
"2458","User #25365","Timepoint 26",8.52017146348953,39,7
"2459","User #25365","Timepoint 27",10.7691618800163,39,7
"2460","User #25365","Timepoint 28",11.0456244051456,39,7
"2461","User #25365","Timepoint 29",13.8850883841515,39,7
"2462","User #25365","Timepoint 30",9.67824658751488,39,7
"2463","User #25365","Timepoint 31",11.0381831526756,39,7
"2464","User #25365","Timepoint 32",11.5759800076485,39,7
"2465","User #25365","Timepoint 33",12.2589299678802,39,7
"2466","User #25365","Timepoint 34",11.0540730953217,39,7
"2467","User #25365","Timepoint 35",13.26458132267,39,7
"2468","User #25365","Timepoint 36",7.58277025818825,39,7
"2469","User #25365","Timepoint 37",10.2468140125275,39,7
"2470","User #25365","Timepoint 38",10.8490911722183,39,7
"2471","User #25365","Timepoint 39",12.2420856952667,39,7
"2472","User #25365","Timepoint 40",9.71942681074142,39,7
"2473","User #25365","Timepoint 41",8.67194694280624,39,7
"2474","User #25365","Timepoint 42",7.17181030660868,39,7
"2475","User #25365","Timepoint 43",9.00593467056751,39,7
"2476","User #25365","Timepoint 44",7.08513204008341,39,7
"2477","User #25365","Timepoint 45",9.99061048030853,39,7
"2478","User #25365","Timepoint 46",8.55049410462379,39,7
"2479","User #25365","Timepoint 47",10.6764159202576,39,7
"2480","User #25365","Timepoint 48",9.98497810959816,39,7
"2481","User #25365","Timepoint 49",13.2873446941376,39,7
"2482","User #25365","Timepoint 50",9.74307852983475,39,7
"2483","User #25365","Timepoint 51",9.86056733131409,39,7
"2484","User #25365","Timepoint 52",8.53822353482246,39,7
"2485","User #25365","Timepoint 53",13.1832406520844,39,7
"2486","User #25365","Timepoint 54",11.5008314847946,39,7
"2487","User #25365","Timepoint 55",11.9285263419151,39,7
"2488","User #25365","Timepoint 56",9.53280487656593,39,7
"2489","User #25365","Timepoint 57",10.3834130167961,39,7
"2490","User #25365","Timepoint 58",10.3543416261673,39,7
"2491","User #25365","Timepoint 59",10.0294284820557,39,7
"2492","User #25365","Timepoint 60",9.95997241139412,39,7
"2493","User #25365","Timepoint 61",9.80649587512016,39,7
"2494","User #25365","Timepoint 62",8.25610409677029,39,7
"2495","User #25365","Timepoint 63",9.18757279217243,39,7
"2496","User #25365","Timepoint 64",8.72724564373493,39,7
"2497","User #25370","Timepoint 1",0,39,7
"2498","User #25370","Timepoint 2",0,39,7
"2499","User #25370","Timepoint 3",0,39,7
"2500","User #25370","Timepoint 4",0,39,7
"2501","User #25370","Timepoint 5",0,39,7
"2502","User #25370","Timepoint 6",0,39,7
"2503","User #25370","Timepoint 7",0,39,7
"2504","User #25370","Timepoint 8",0,39,7
"2505","User #25370","Timepoint 9",0,39,7
"2506","User #25370","Timepoint 10",0,39,7
"2507","User #25370","Timepoint 11",0,39,7
"2508","User #25370","Timepoint 12",0,39,7
"2509","User #25370","Timepoint 13",0,39,7
"2510","User #25370","Timepoint 14",0,39,7
"2511","User #25370","Timepoint 15",0,39,7
"2512","User #25370","Timepoint 16",0,39,7
"2513","User #25370","Timepoint 17",7.41492480039597,39,7
"2514","User #25370","Timepoint 18",6.76349192857742,39,7
"2515","User #25370","Timepoint 19",10.1517111063004,39,7
"2516","User #25370","Timepoint 20",8.29201221466064,39,7
"2517","User #25370","Timepoint 21",4.40057966858149,39,7
"2518","User #25370","Timepoint 22",6.7747375369072,39,7
"2519","User #25370","Timepoint 23",8.21907103061676,39,7
"2520","User #25370","Timepoint 24",9.13377553224564,39,7
"2521","User #25370","Timepoint 25",6.13646857440472,39,7
"2522","User #25370","Timepoint 26",6.32470160722733,39,7
"2523","User #25370","Timepoint 27",8.73762100934982,39,7
"2524","User #25370","Timepoint 28",8.77652555704117,39,7
"2525","User #25370","Timepoint 29",6.26208990812302,39,7
"2526","User #25370","Timepoint 30",6.73769056797028,39,7
"2527","User #25370","Timepoint 31",6.67140617966652,39,7
"2528","User #25370","Timepoint 32",7.47157350182533,39,7
"2529","User #25370","Timepoint 33",5.75753696262836,39,7
"2530","User #25370","Timepoint 34",9.28415596485138,39,7
"2531","User #25370","Timepoint 35",8.95506650209427,39,7
"2532","User #25370","Timepoint 36",7.30345174670219,39,7
"2533","User #25370","Timepoint 37",6.05613514780998,39,7
"2534","User #25370","Timepoint 38",6.31456151604652,39,7
"2535","User #25370","Timepoint 39",7.76349425315857,39,7
"2536","User #25370","Timepoint 40",10.0336170196533,39,7
"2537","User #25370","Timepoint 41",5.30860789120197,39,7
"2538","User #25370","Timepoint 42",7.58587718009949,39,7
"2539","User #25370","Timepoint 43",9.46032732725143,39,7
"2540","User #25370","Timepoint 44",9.15711879730225,39,7
"2541","User #25370","Timepoint 45",6.36133670806885,39,7
"2542","User #25370","Timepoint 46",6.04994118213654,39,7
"2543","User #25370","Timepoint 47",8.16690683364868,39,7
"2544","User #25370","Timepoint 48",9.14624959230423,39,7
"2545","User #25370","Timepoint 49",5.34966357052326,39,7
"2546","User #25370","Timepoint 50",8.15623015165329,39,7
"2547","User #25370","Timepoint 51",8.40810418128967,39,7
"2548","User #25370","Timepoint 52",8.22134584188461,39,7
"2549","User #25370","Timepoint 53",5.66229060292244,39,7
"2550","User #25370","Timepoint 54",6.99466824531555,39,7
"2551","User #25370","Timepoint 55",7.61200278997421,39,7
"2552","User #25370","Timepoint 56",7.71402835845947,39,7
"2553","User #25370","Timepoint 57",8.06160062551498,39,7
"2554","User #25370","Timepoint 58",7.13949233293533,39,7
"2555","User #25370","Timepoint 59",9.17357444763184,39,7
"2556","User #25370","Timepoint 60",9.21625435352325,39,7
"2557","User #25370","Timepoint 61",6.50913834571838,39,7
"2558","User #25370","Timepoint 62",6.26054897904396,39,7
"2559","User #25370","Timepoint 63",7.42051899433136,39,7
"2560","User #25370","Timepoint 64",8.12190920114517,39,7
"2561","User #25385","Timepoint 1",0,39,7
"2562","User #25385","Timepoint 2",0,39,7
"2563","User #25385","Timepoint 3",0,39,7
"2564","User #25385","Timepoint 4",0,39,7
"2565","User #25385","Timepoint 5",0,39,7
"2566","User #25385","Timepoint 6",0,39,7
"2567","User #25385","Timepoint 7",0,39,7
"2568","User #25385","Timepoint 8",0,39,7
"2569","User #25385","Timepoint 9",0,39,7
"2570","User #25385","Timepoint 10",0,39,7
"2571","User #25385","Timepoint 11",0,39,7
"2572","User #25385","Timepoint 12",0,39,7
"2573","User #25385","Timepoint 13",0,39,7
"2574","User #25385","Timepoint 14",0,39,7
"2575","User #25385","Timepoint 15",0,39,7
"2576","User #25385","Timepoint 16",0,39,7
"2577","User #25385","Timepoint 17",7.96268370747566,39,7
"2578","User #25385","Timepoint 18",9.58146077394485,39,7
"2579","User #25385","Timepoint 19",9.48222917318344,39,7
"2580","User #25385","Timepoint 20",9.098448574543,39,7
"2581","User #25385","Timepoint 21",8.3096484541893,39,7
"2582","User #25385","Timepoint 22",10.7128019332886,39,7
"2583","User #25385","Timepoint 23",9.38966524600983,39,7
"2584","User #25385","Timepoint 24",9.06017896533012,39,7
"2585","User #25385","Timepoint 25",9.19701200723648,39,7
"2586","User #25385","Timepoint 26",7.3595993667841,39,7
"2587","User #25385","Timepoint 27",8.60611003637314,39,7
"2588","User #25385","Timepoint 28",9.94972479343414,39,7
"2589","User #25385","Timepoint 29",7.93600869178772,39,7
"2590","User #25385","Timepoint 30",9.21361041069031,39,7
"2591","User #25385","Timepoint 31",8.51548504829407,39,7
"2592","User #25385","Timepoint 32",9.52586513757706,39,7
"2593","User #25385","Timepoint 33",7.38117051124573,39,7
"2594","User #25385","Timepoint 34",9.15196341276169,39,7
"2595","User #25385","Timepoint 35",8.04921445250511,39,7
"2596","User #25385","Timepoint 36",9.31251612305641,39,7
"2597","User #25385","Timepoint 37",7.34343775361776,39,7
"2598","User #25385","Timepoint 38",8.03477269411087,39,7
"2599","User #25385","Timepoint 39",8.51494845747948,39,7
"2600","User #25385","Timepoint 40",11.9889296293259,39,7
"2601","User #25385","Timepoint 41",7.50905883312225,39,7
"2602","User #25385","Timepoint 42",8.29975035786629,39,7
"2603","User #25385","Timepoint 43",8.22779555618763,39,7
"2604","User #25385","Timepoint 44",9.58906245231628,39,7
"2605","User #25385","Timepoint 45",7.92887222766876,39,7
"2606","User #25385","Timepoint 46",9.01877295970917,39,7
"2607","User #25385","Timepoint 47",8.2891486287117,39,7
"2608","User #25385","Timepoint 48",10.1889969110489,39,7
"2609","User #25385","Timepoint 49",7.54693377017975,39,7
"2610","User #25385","Timepoint 50",8.57668828964233,39,7
"2611","User #25385","Timepoint 51",7.97018724679947,39,7
"2612","User #25385","Timepoint 52",9.73516631126404,39,7
"2613","User #25385","Timepoint 53",7.34469696879387,39,7
"2614","User #25385","Timepoint 54",9.28193712234497,39,7
"2615","User #25385","Timepoint 55",7.95496702194214,39,7
"2616","User #25385","Timepoint 56",8.60885334014893,39,7
"2617","User #25385","Timepoint 57",7.60584193468094,39,7
"2618","User #25385","Timepoint 58",9.1710364818573,39,7
"2619","User #25385","Timepoint 59",8.51613998413086,39,7
"2620","User #25385","Timepoint 60",8.86589372158051,39,7
"2621","User #25385","Timepoint 61",7.40648898482323,39,7
"2622","User #25385","Timepoint 62",9.19450664520264,39,7
"2623","User #25385","Timepoint 63",7.62183326482773,39,7
"2624","User #25385","Timepoint 64",8.75686621665955,39,7
"2625","User #25305","Timepoint 1",0,39,7
"2626","User #25305","Timepoint 2",0,39,7
"2627","User #25305","Timepoint 3",0,39,7
"2628","User #25305","Timepoint 4",0,39,7
"2629","User #25305","Timepoint 5",0,39,7
"2630","User #25305","Timepoint 6",0,39,7
"2631","User #25305","Timepoint 7",0,39,7
"2632","User #25305","Timepoint 8",0,39,7
"2633","User #25305","Timepoint 9",0,39,7
"2634","User #25305","Timepoint 10",0,39,7
"2635","User #25305","Timepoint 11",0,39,7
"2636","User #25305","Timepoint 12",0,39,7
"2637","User #25305","Timepoint 13",0,39,7
"2638","User #25305","Timepoint 14",0,39,7
"2639","User #25305","Timepoint 15",0,39,7
"2640","User #25305","Timepoint 16",0,39,7
"2641","User #25305","Timepoint 17",9.05703550577164,39,7
"2642","User #25305","Timepoint 18",8.79527425765991,39,7
"2643","User #25305","Timepoint 19",7.02269008755684,39,7
"2644","User #25305","Timepoint 20",7.58853957056999,39,7
"2645","User #25305","Timepoint 21",6.97131562232971,39,7
"2646","User #25305","Timepoint 22",8.95734176039696,39,7
"2647","User #25305","Timepoint 23",7.55795945227146,39,7
"2648","User #25305","Timepoint 24",8.21289548277855,39,7
"2649","User #25305","Timepoint 25",8.1392474770546,39,7
"2650","User #25305","Timepoint 26",9.78731089830399,39,7
"2651","User #25305","Timepoint 27",13.0088970661163,39,7
"2652","User #25305","Timepoint 28",8.23118820786476,39,7
"2653","User #25305","Timepoint 29",8.70758700370789,39,7
"2654","User #25305","Timepoint 30",11.1560271382332,39,7
"2655","User #25305","Timepoint 31",11.501734316349,39,7
"2656","User #25305","Timepoint 32",10.8918334245682,39,7
"2657","User #25305","Timepoint 33",11.2974572777748,39,7
"2658","User #25305","Timepoint 34",8.54863393306732,39,7
"2659","User #25305","Timepoint 35",9.90698152780533,39,7
"2660","User #25305","Timepoint 36",9.83486330509186,39,7
"2661","User #25305","Timepoint 37",10.0301343798637,39,7
"2662","User #25305","Timepoint 38",10.1300344467163,39,7
"2663","User #25305","Timepoint 39",10.789476275444,39,7
"2664","User #25305","Timepoint 40",10.1518440246582,39,7
"2665","User #25305","Timepoint 41",9.14930939674377,39,7
"2666","User #25305","Timepoint 42",10.632700741291,39,7
"2667","User #25305","Timepoint 43",12.1559123396873,39,7
"2668","User #25305","Timepoint 44",9.37694123387337,39,7
"2669","User #25305","Timepoint 45",10.2503154873848,39,7
"2670","User #25305","Timepoint 46",10.8156234025955,39,7
"2671","User #25305","Timepoint 47",9.44841504096985,39,7
"2672","User #25305","Timepoint 48",9.96457505226135,39,7
"2673","User #25305","Timepoint 49",11.3689783215523,39,7
"2674","User #25305","Timepoint 50",11.4184561371803,39,7
"2675","User #25305","Timepoint 51",10.9005795121193,39,7
"2676","User #25305","Timepoint 52",10.2666933238506,39,7
"2677","User #25305","Timepoint 53",10.6445980668068,39,7
"2678","User #25305","Timepoint 54",10.345845669508,39,7
"2679","User #25305","Timepoint 55",10.8761678338051,39,7
"2680","User #25305","Timepoint 56",10.6287333369255,39,7
"2681","User #25305","Timepoint 57",10.9797066450119,39,7
"2682","User #25305","Timepoint 58",11.607029914856,39,7
"2683","User #25305","Timepoint 59",10.5257393717766,39,7
"2684","User #25305","Timepoint 60",10.0698907077312,39,7
"2685","User #25305","Timepoint 61",10.5591813325882,39,7
"2686","User #25305","Timepoint 62",10.6322625875473,39,7
"2687","User #25305","Timepoint 63",10.6949377655983,39,7
"2688","User #25305","Timepoint 64",10.0734214782715,39,7
"2689","User #25366","Timepoint 1",0,39,7
"2690","User #25366","Timepoint 2",0,39,7
"2691","User #25366","Timepoint 3",0,39,7
"2692","User #25366","Timepoint 4",0,39,7
"2693","User #25366","Timepoint 5",0,39,7
"2694","User #25366","Timepoint 6",0,39,7
"2695","User #25366","Timepoint 7",0,39,7
"2696","User #25366","Timepoint 8",0,39,7
"2697","User #25366","Timepoint 9",0,39,7
"2698","User #25366","Timepoint 10",0,39,7
"2699","User #25366","Timepoint 11",0,39,7
"2700","User #25366","Timepoint 12",0,39,7
"2701","User #25366","Timepoint 13",0,39,7
"2702","User #25366","Timepoint 14",0,39,7
"2703","User #25366","Timepoint 15",0,39,7
"2704","User #25366","Timepoint 16",0,39,7
"2705","User #25366","Timepoint 17",7.40068596601486,39,7
"2706","User #25366","Timepoint 18",6.73486539721489,39,7
"2707","User #25366","Timepoint 19",5.85595552623272,39,7
"2708","User #25366","Timepoint 20",5.45261237770319,39,7
"2709","User #25366","Timepoint 21",7.08791008591652,39,7
"2710","User #25366","Timepoint 22",7.36926871538162,39,7
"2711","User #25366","Timepoint 23",11.8006594181061,39,7
"2712","User #25366","Timepoint 24",9.75165235996246,39,7
"2713","User #25366","Timepoint 25",3.90505670011044,39,7
"2714","User #25366","Timepoint 26",8.40241324901581,39,7
"2715","User #25366","Timepoint 27",5.51106998324394,39,7
"2716","User #25366","Timepoint 28",6.39037507772446,39,7
"2717","User #25366","Timepoint 29",5.77161151915789,39,7
"2718","User #25366","Timepoint 30",7.51033279299736,39,7
"2719","User #25366","Timepoint 31",5.97480212897062,39,7
"2720","User #25366","Timepoint 32",9.18407842516899,39,7
"2721","User #25366","Timepoint 33",8.796262383461,39,7
"2722","User #25366","Timepoint 34",7.17209577560425,39,7
"2723","User #25366","Timepoint 35",9.8700767159462,39,7
"2724","User #25366","Timepoint 36",8.17116552591324,39,7
"2725","User #25366","Timepoint 37",5.95215369015932,39,7
"2726","User #25366","Timepoint 38",5.97204723209143,39,7
"2727","User #25366","Timepoint 39",6.795076161623,39,7
"2728","User #25366","Timepoint 40",6.5130687057972,39,7
"2729","User #25366","Timepoint 41",8.36418640613556,39,7
"2730","User #25366","Timepoint 42",6.42009904980659,39,7
"2731","User #25366","Timepoint 43",5.08115211129189,39,7
"2732","User #25366","Timepoint 44",5.55860415846109,39,7
"2733","User #25366","Timepoint 45",11.4197465777397,39,7
"2734","User #25366","Timepoint 46",7.72621494531631,39,7
"2735","User #25366","Timepoint 47",9.66439473628998,39,7
"2736","User #25366","Timepoint 48",7.28289273381233,39,7
"2737","User #25366","Timepoint 49",7.00681495666504,39,7
"2738","User #25366","Timepoint 50",4.77420221269131,39,7
"2739","User #25366","Timepoint 51",8.98857343196869,39,7
"2740","User #25366","Timepoint 52",7.88051757216454,39,7
"2741","User #25366","Timepoint 53",7.32680141925812,39,7
"2742","User #25366","Timepoint 54",8.01799714565277,39,7
"2743","User #25366","Timepoint 55",5.91689515113831,39,7
"2744","User #25366","Timepoint 56",5.79579393565655,39,7
"2745","User #25366","Timepoint 57",8.39574694633484,39,7
"2746","User #25366","Timepoint 58",5.37979241460562,39,7
"2747","User #25366","Timepoint 59",8.82734102010727,39,7
"2748","User #25366","Timepoint 60",8.01886478066444,39,7
"2749","User #25366","Timepoint 61",7.11796528100967,39,7
"2750","User #25366","Timepoint 62",4.79643835872412,39,7
"2751","User #25366","Timepoint 63",7.73235809803009,39,7
"2752","User #25366","Timepoint 64",4.79172516986728,39,7
"2753","User #25378","Timepoint 1",0,39,7
"2754","User #25378","Timepoint 2",0,39,7
"2755","User #25378","Timepoint 3",0,39,7
"2756","User #25378","Timepoint 4",0,39,7
"2757","User #25378","Timepoint 5",0,39,7
"2758","User #25378","Timepoint 6",0,39,7
"2759","User #25378","Timepoint 7",0,39,7
"2760","User #25378","Timepoint 8",0,39,7
"2761","User #25378","Timepoint 9",0,39,7
"2762","User #25378","Timepoint 10",0,39,7
"2763","User #25378","Timepoint 11",0,39,7
"2764","User #25378","Timepoint 12",0,39,7
"2765","User #25378","Timepoint 13",0,39,7
"2766","User #25378","Timepoint 14",0,39,7
"2767","User #25378","Timepoint 15",0,39,7
"2768","User #25378","Timepoint 16",0,39,7
"2769","User #25378","Timepoint 17",7.38049304485321,39,7
"2770","User #25378","Timepoint 18",6.81631526350975,39,7
"2771","User #25378","Timepoint 19",10.1186583042145,39,7
"2772","User #25378","Timepoint 20",8.60910987854004,39,7
"2773","User #25378","Timepoint 21",8.84668982028961,39,7
"2774","User #25378","Timepoint 22",6.3315295279026,39,7
"2775","User #25378","Timepoint 23",8.00106605887413,39,7
"2776","User #25378","Timepoint 24",8.34985694289207,39,7
"2777","User #25378","Timepoint 25",6.96221432089806,39,7
"2778","User #25378","Timepoint 26",6.73971897363663,39,7
"2779","User #25378","Timepoint 27",6.25153925642371,39,7
"2780","User #25378","Timepoint 28",9.91757071018219,39,7
"2781","User #25378","Timepoint 29",7.54057994484901,39,7
"2782","User #25378","Timepoint 30",5.51735474169254,39,7
"2783","User #25378","Timepoint 31",7.66403025388718,39,7
"2784","User #25378","Timepoint 32",13.3648077249527,39,7
"2785","User #25378","Timepoint 33",14.460613489151,39,7
"2786","User #25378","Timepoint 34",8.70628750324249,39,7
"2787","User #25378","Timepoint 35",16.8771598339081,39,7
"2788","User #25378","Timepoint 36",11.0886744260788,39,7
"2789","User #25378","Timepoint 37",13.0926588773727,39,7
"2790","User #25378","Timepoint 38",8.17531010508537,39,7
"2791","User #25378","Timepoint 39",6.47290697693825,39,7
"2792","User #25378","Timepoint 40",6.63759997487068,39,7
"2793","User #25378","Timepoint 41",9.36381077766418,39,7
"2794","User #25378","Timepoint 42",8.81994700431824,39,7
"2795","User #25378","Timepoint 43",6.03197908401489,39,7
"2796","User #25378","Timepoint 44",6.1721465960145,39,7
"2797","User #25378","Timepoint 45",6.05986206233501,39,7
"2798","User #25378","Timepoint 46",6.31226716935635,39,7
"2799","User #25378","Timepoint 47",8.16650500893593,39,7
"2800","User #25378","Timepoint 48",9.02504032850266,39,7
"2801","User #25378","Timepoint 49",13.5512719154358,39,7
"2802","User #25378","Timepoint 50",8.29343727231026,39,7
"2803","User #25378","Timepoint 51",10.9732130765915,39,7
"2804","User #25378","Timepoint 52",13.6845240592957,39,7
"2805","User #25378","Timepoint 53",12.8265742063522,39,7
"2806","User #25378","Timepoint 54",8.70021796226501,39,7
"2807","User #25378","Timepoint 55",11.2874279022217,39,7
"2808","User #25378","Timepoint 56",9.30805093050003,39,7
"2809","User #25378","Timepoint 57",5.35797423124313,39,7
"2810","User #25378","Timepoint 58",7.32694989442825,39,7
"2811","User #25378","Timepoint 59",7.39859735965729,39,7
"2812","User #25378","Timepoint 60",11.1806503534317,39,7
"2813","User #25378","Timepoint 61",11.1633054018021,39,7
"2814","User #25378","Timepoint 62",5.64230395853519,39,7
"2815","User #25378","Timepoint 63",11.6484442949295,39,7
"2816","User #25378","Timepoint 64",11.6249791383743,39,7
"2817","User #25331","Timepoint 1",0,39,7
"2818","User #25331","Timepoint 2",0,39,7
"2819","User #25331","Timepoint 3",0,39,7
"2820","User #25331","Timepoint 4",0,39,7
"2821","User #25331","Timepoint 5",0,39,7
"2822","User #25331","Timepoint 6",0,39,7
"2823","User #25331","Timepoint 7",0,39,7
"2824","User #25331","Timepoint 8",0,39,7
"2825","User #25331","Timepoint 9",0,39,7
"2826","User #25331","Timepoint 10",0,39,7
"2827","User #25331","Timepoint 11",0,39,7
"2828","User #25331","Timepoint 12",0,39,7
"2829","User #25331","Timepoint 13",0,39,7
"2830","User #25331","Timepoint 14",0,39,7
"2831","User #25331","Timepoint 15",0,39,7
"2832","User #25331","Timepoint 16",0,39,7
"2833","User #25331","Timepoint 17",6.81326222419739,39,7
"2834","User #25331","Timepoint 18",7.22430849075317,39,7
"2835","User #25331","Timepoint 19",7.94159650802612,39,7
"2836","User #25331","Timepoint 20",5.52539673447609,39,7
"2837","User #25331","Timepoint 21",9.99369835853577,39,7
"2838","User #25331","Timepoint 22",9.23875761032104,39,7
"2839","User #25331","Timepoint 23",7.90776753425598,39,7
"2840","User #25331","Timepoint 24",5.83606712520123,39,7
"2841","User #25331","Timepoint 25",7.83585381507874,39,7
"2842","User #25331","Timepoint 26",7.39187335968018,39,7
"2843","User #25331","Timepoint 27",7.84226560592651,39,7
"2844","User #25331","Timepoint 28",7.10084354877472,39,7
"2845","User #25331","Timepoint 29",7.76418423652649,39,7
"2846","User #25331","Timepoint 30",9.21363401412964,39,7
"2847","User #25331","Timepoint 31",8.17388463020325,39,7
"2848","User #25331","Timepoint 32",6.09704194962978,39,7
"2849","User #25331","Timepoint 33",7.55449485778809,39,7
"2850","User #25331","Timepoint 34",8.1584198474884,39,7
"2851","User #25331","Timepoint 35",8.78755021095276,39,7
"2852","User #25331","Timepoint 36",5.95461031794548,39,7
"2853","User #25331","Timepoint 37",7.11348712444305,39,7
"2854","User #25331","Timepoint 38",8.38705444335938,39,7
"2855","User #25331","Timepoint 39",10.0567436218262,39,7
"2856","User #25331","Timepoint 40",8.18196725845337,39,7
"2857","User #25331","Timepoint 41",6.89063280820847,39,7
"2858","User #25331","Timepoint 42",7.95379853248596,39,7
"2859","User #25331","Timepoint 43",7.46455144882202,39,7
"2860","User #25331","Timepoint 44",8.78193616867065,39,7
"2861","User #25331","Timepoint 45",7.94972932338715,39,7
"2862","User #25331","Timepoint 46",7.791628241539,39,7
"2863","User #25331","Timepoint 47",7.76027202606201,39,7
"2864","User #25331","Timepoint 48",5.77172575891018,39,7
"2865","User #25331","Timepoint 49",8.8583437204361,39,7
"2866","User #25331","Timepoint 50",10.4002059102058,39,7
"2867","User #25331","Timepoint 51",8.2833788394928,39,7
"2868","User #25331","Timepoint 52",7.03687733411789,39,7
"2869","User #25331","Timepoint 53",8.57497251033783,39,7
"2870","User #25331","Timepoint 54",9.34422588348389,39,7
"2871","User #25331","Timepoint 55",9.39907139539719,39,7
"2872","User #25331","Timepoint 56",7.9809103012085,39,7
"2873","User #25331","Timepoint 57",7.82519495487213,39,7
"2874","User #25331","Timepoint 58",8.86455482244492,39,7
"2875","User #25331","Timepoint 59",8.77999013662338,39,7
"2876","User #25331","Timepoint 60",7.74009338021278,39,7
"2877","User #25331","Timepoint 61",8.02090233564377,39,7
"2878","User #25331","Timepoint 62",9.7344017624855,39,7
"2879","User #25331","Timepoint 63",8.59725093841553,39,7
"2880","User #25331","Timepoint 64",7.27823978662491,39,7
"2881","User #25390","Timepoint 1",0,39,7
"2882","User #25390","Timepoint 2",0,39,7
"2883","User #25390","Timepoint 3",0,39,7
"2884","User #25390","Timepoint 4",0,39,7
"2885","User #25390","Timepoint 5",0,39,7
"2886","User #25390","Timepoint 6",0,39,7
"2887","User #25390","Timepoint 7",0,39,7
"2888","User #25390","Timepoint 8",0,39,7
"2889","User #25390","Timepoint 9",0,39,7
"2890","User #25390","Timepoint 10",0,39,7
"2891","User #25390","Timepoint 11",0,39,7
"2892","User #25390","Timepoint 12",0,39,7
"2893","User #25390","Timepoint 13",0,39,7
"2894","User #25390","Timepoint 14",0,39,7
"2895","User #25390","Timepoint 15",0,39,7
"2896","User #25390","Timepoint 16",0,39,7
"2897","User #25390","Timepoint 17",9.33563280105591,39,7
"2898","User #25390","Timepoint 18",5.18619275093079,39,7
"2899","User #25390","Timepoint 19",4.92005068063736,39,7
"2900","User #25390","Timepoint 20",7.40418934822083,39,7
"2901","User #25390","Timepoint 21",6.88187909126282,39,7
"2902","User #25390","Timepoint 22",6.11271190643311,39,7
"2903","User #25390","Timepoint 23",5.50971096754074,39,7
"2904","User #25390","Timepoint 24",6.7982394695282,39,7
"2905","User #25390","Timepoint 25",8.98916411399841,39,7
"2906","User #25390","Timepoint 26",5.62879317998886,39,7
"2907","User #25390","Timepoint 27",6.78047633171082,39,7
"2908","User #25390","Timepoint 28",8.97210741043091,39,7
"2909","User #25390","Timepoint 29",9.43989896774292,39,7
"2910","User #25390","Timepoint 30",4.75726529955864,39,7
"2911","User #25390","Timepoint 31",7.29550123214722,39,7
"2912","User #25390","Timepoint 32",8.19015383720398,39,7
"2913","User #25390","Timepoint 33",8.90639805793762,39,7
"2914","User #25390","Timepoint 34",4.90872251987457,39,7
"2915","User #25390","Timepoint 35",6.60860776901245,39,7
"2916","User #25390","Timepoint 36",7.46283745765686,39,7
"2917","User #25390","Timepoint 37",8.14407324790955,39,7
"2918","User #25390","Timepoint 38",5.16949185729027,39,7
"2919","User #25390","Timepoint 39",6.22488629817963,39,7
"2920","User #25390","Timepoint 40",6.63931345939636,39,7
"2921","User #25390","Timepoint 41",8.87528395652771,39,7
"2922","User #25390","Timepoint 42",6.41758871078491,39,7
"2923","User #25390","Timepoint 43",6.27122449874878,39,7
"2924","User #25390","Timepoint 44",8.36963272094727,39,7
"2925","User #25390","Timepoint 45",8.62680459022522,39,7
"2926","User #25390","Timepoint 46",7.24814915657043,39,7
"2927","User #25390","Timepoint 47",5.05425101518631,39,7
"2928","User #25390","Timepoint 48",6.22373461723328,39,7
"2929","User #25390","Timepoint 49",6.29279041290283,39,7
"2930","User #25390","Timepoint 50",6.8348673582077,39,7
"2931","User #25390","Timepoint 51",6.25756049156189,39,7
"2932","User #25390","Timepoint 52",7.4799507856369,39,7
"2933","User #25390","Timepoint 53",8.02039587497711,39,7
"2934","User #25390","Timepoint 54",6.03903278708458,39,7
"2935","User #25390","Timepoint 55",5.34543718397617,39,7
"2936","User #25390","Timepoint 56",6.33367371559143,39,7
"2937","User #25390","Timepoint 57",7.28132855892181,39,7
"2938","User #25390","Timepoint 58",5.33408844470978,39,7
"2939","User #25390","Timepoint 59",6.08154052495956,39,7
"2940","User #25390","Timepoint 60",6.3468219935894,39,7
"2941","User #25390","Timepoint 61",7.39141035079956,39,7
"2942","User #25390","Timepoint 62",5.65259432792664,39,7
"2943","User #25390","Timepoint 63",5.76582145690918,39,7
"2944","User #25390","Timepoint 64",6.22733074426651,39,7
"2945","User #25386","Timepoint 1",0,39,7
"2946","User #25386","Timepoint 2",0,39,7
"2947","User #25386","Timepoint 3",0,39,7
"2948","User #25386","Timepoint 4",0,39,7
"2949","User #25386","Timepoint 5",0,39,7
"2950","User #25386","Timepoint 6",0,39,7
"2951","User #25386","Timepoint 7",0,39,7
"2952","User #25386","Timepoint 8",0,39,7
"2953","User #25386","Timepoint 9",0,39,7
"2954","User #25386","Timepoint 10",0,39,7
"2955","User #25386","Timepoint 11",0,39,7
"2956","User #25386","Timepoint 12",0,39,7
"2957","User #25386","Timepoint 13",0,39,7
"2958","User #25386","Timepoint 14",0,39,7
"2959","User #25386","Timepoint 15",0,39,7
"2960","User #25386","Timepoint 16",0,39,7
"2961","User #25386","Timepoint 17",9.27756667137146,39,7
"2962","User #25386","Timepoint 18",14.2724063396454,39,7
"2963","User #25386","Timepoint 19",14.6255765557289,39,7
"2964","User #25386","Timepoint 20",10.7308022677898,39,7
"2965","User #25386","Timepoint 21",9.24671375751495,39,7
"2966","User #25386","Timepoint 22",11.2435223460197,39,7
"2967","User #25386","Timepoint 23",11.7421503663063,39,7
"2968","User #25386","Timepoint 24",11.5967349410057,39,7
"2969","User #25386","Timepoint 25",14.8654980063438,39,7
"2970","User #25386","Timepoint 26",14.3835951685905,39,7
"2971","User #25386","Timepoint 27",11.6806918382645,39,7
"2972","User #25386","Timepoint 28",12.295704126358,39,7
"2973","User #25386","Timepoint 29",12.6839469075203,39,7
"2974","User #25386","Timepoint 30",10.6999785900116,39,7
"2975","User #25386","Timepoint 31",13.4482568502426,39,7
"2976","User #25386","Timepoint 32",12.9872076511383,39,7
"2977","User #25386","Timepoint 33",9.75019443035126,39,7
"2978","User #25386","Timepoint 34",10.0353379249573,39,7
"2979","User #25386","Timepoint 35",13.2618508338928,39,7
"2980","User #25386","Timepoint 36",16.1489666700363,39,7
"2981","User #25386","Timepoint 37",10.5937314629555,39,7
"2982","User #25386","Timepoint 38",8.06538019329309,39,7
"2983","User #25386","Timepoint 39",8.90280775725842,39,7
"2984","User #25386","Timepoint 40",8.95121411979198,39,7
"2985","User #25386","Timepoint 41",11.6668258905411,39,7
"2986","User #25386","Timepoint 42",11.0943566560745,39,7
"2987","User #25386","Timepoint 43",13.8278334140778,39,7
"2988","User #25386","Timepoint 44",12.6063286066055,39,7
"2989","User #25386","Timepoint 45",10.1537317037582,39,7
"2990","User #25386","Timepoint 46",11.7117115855217,39,7
"2991","User #25386","Timepoint 47",11.8331142663956,39,7
"2992","User #25386","Timepoint 48",11.2950271964073,39,7
"2993","User #25386","Timepoint 49",10.0630842447281,39,7
"2994","User #25386","Timepoint 50",10.2746554464102,39,7
"2995","User #25386","Timepoint 51",12.0288393497467,39,7
"2996","User #25386","Timepoint 52",12.742225587368,39,7
"2997","User #25386","Timepoint 53",12.2173829674721,39,7
"2998","User #25386","Timepoint 54",11.9170836210251,39,7
"2999","User #25386","Timepoint 55",10.6422702521086,39,7
"3000","User #25386","Timepoint 56",11.1107177436352,39,7
"3001","User #25386","Timepoint 57",13.2025306820869,39,7
"3002","User #25386","Timepoint 58",10.0551884323359,39,7
"3003","User #25386","Timepoint 59",13.6257312893867,39,7
"3004","User #25386","Timepoint 60",14.5289458036423,39,7
"3005","User #25386","Timepoint 61",11.087321639061,39,7
"3006","User #25386","Timepoint 62",11.7443380951881,39,7
"3007","User #25386","Timepoint 63",13.0354641079903,39,7
"3008","User #25386","Timepoint 64",12.5550237894058,39,7
"3009","User #25306","Timepoint 1",0,39,7
"3010","User #25306","Timepoint 2",0,39,7
"3011","User #25306","Timepoint 3",0,39,7
"3012","User #25306","Timepoint 4",0,39,7
"3013","User #25306","Timepoint 5",0,39,7
"3014","User #25306","Timepoint 6",0,39,7
"3015","User #25306","Timepoint 7",0,39,7
"3016","User #25306","Timepoint 8",0,39,7
"3017","User #25306","Timepoint 9",0,39,7
"3018","User #25306","Timepoint 10",0,39,7
"3019","User #25306","Timepoint 11",0,39,7
"3020","User #25306","Timepoint 12",0,39,7
"3021","User #25306","Timepoint 13",0,39,7
"3022","User #25306","Timepoint 14",0,39,7
"3023","User #25306","Timepoint 15",0,39,7
"3024","User #25306","Timepoint 16",0,39,7
"3025","User #25306","Timepoint 17",11.355908125639,39,7
"3026","User #25306","Timepoint 18",11.1158137768507,39,7
"3027","User #25306","Timepoint 19",15.5273088812828,39,7
"3028","User #25306","Timepoint 20",13.0665362477303,39,7
"3029","User #25306","Timepoint 21",12.7041526436806,39,7
"3030","User #25306","Timepoint 22",14.9640128016472,39,7
"3031","User #25306","Timepoint 23",15.5947144031525,39,7
"3032","User #25306","Timepoint 24",11.7778343558311,39,7
"3033","User #25306","Timepoint 25",9.39442953467369,39,7
"3034","User #25306","Timepoint 26",10.3687396794558,39,7
"3035","User #25306","Timepoint 27",9.70157764852047,39,7
"3036","User #25306","Timepoint 28",12.2695949673653,39,7
"3037","User #25306","Timepoint 29",10.5261980593204,39,7
"3038","User #25306","Timepoint 30",18.2116860747337,39,7
"3039","User #25306","Timepoint 31",14.8333775997162,39,7
"3040","User #25306","Timepoint 32",10.744374319911,39,7
"3041","User #25306","Timepoint 33",10.5311726480722,39,7
"3042","User #25306","Timepoint 34",11.2127275317907,39,7
"3043","User #25306","Timepoint 35",11.5478340834379,39,7
"3044","User #25306","Timepoint 36",12.2102444469929,39,7
"3045","User #25306","Timepoint 37",11.202864408493,39,7
"3046","User #25306","Timepoint 38",19.1675676703453,39,7
"3047","User #25306","Timepoint 39",11.7136821746826,39,7
"3048","User #25306","Timepoint 40",10.5560873895884,39,7
"3049","User #25306","Timepoint 41",9.54774764180183,39,7
"3050","User #25306","Timepoint 42",12.8637918829918,39,7
"3051","User #25306","Timepoint 43",10.1935728192329,39,7
"3052","User #25306","Timepoint 44",12.773894906044,39,7
"3053","User #25306","Timepoint 45",10.0794067531824,39,7
"3054","User #25306","Timepoint 46",13.1388643980026,39,7
"3055","User #25306","Timepoint 47",18.4064098596573,39,7
"3056","User #25306","Timepoint 48",14.0103774666786,39,7
"3057","User #25306","Timepoint 49",9.53572197631001,39,7
"3058","User #25306","Timepoint 50",11.7672875523567,39,7
"3059","User #25306","Timepoint 51",10.3398048132658,39,7
"3060","User #25306","Timepoint 52",14.0839654505253,39,7
"3061","User #25306","Timepoint 53",10.2059365138412,39,7
"3062","User #25306","Timepoint 54",13.9895874261856,39,7
"3063","User #25306","Timepoint 55",12.3279072642326,39,7
"3064","User #25306","Timepoint 56",11.3797164559364,39,7
"3065","User #25306","Timepoint 57",11.9206954836845,39,7
"3066","User #25306","Timepoint 58",11.0513916313648,39,7
"3067","User #25306","Timepoint 59",10.8408889472485,39,7
"3068","User #25306","Timepoint 60",13.0616719722748,39,7
"3069","User #25306","Timepoint 61",12.218040138483,39,7
"3070","User #25306","Timepoint 62",12.8327490985394,39,7
"3071","User #25306","Timepoint 63",10.909314006567,39,7
"3072","User #25306","Timepoint 64",12.6627299189568,39,7
"3073","User #25314","Timepoint 1",0,39,7
"3074","User #25314","Timepoint 2",0,39,7
"3075","User #25314","Timepoint 3",0,39,7
"3076","User #25314","Timepoint 4",0,39,7
"3077","User #25314","Timepoint 5",0,39,7
"3078","User #25314","Timepoint 6",0,39,7
"3079","User #25314","Timepoint 7",0,39,7
"3080","User #25314","Timepoint 8",0,39,7
"3081","User #25314","Timepoint 9",0,39,7
"3082","User #25314","Timepoint 10",0,39,7
"3083","User #25314","Timepoint 11",0,39,7
"3084","User #25314","Timepoint 12",0,39,7
"3085","User #25314","Timepoint 13",0,39,7
"3086","User #25314","Timepoint 14",0,39,7
"3087","User #25314","Timepoint 15",0,39,7
"3088","User #25314","Timepoint 16",0,39,7
"3089","User #25314","Timepoint 17",6.72729097306728,39,7
"3090","User #25314","Timepoint 18",6.75164890289307,39,7
"3091","User #25314","Timepoint 19",7.10405725240707,39,7
"3092","User #25314","Timepoint 20",7.44277891516685,39,7
"3093","User #25314","Timepoint 21",5.77765944600105,39,7
"3094","User #25314","Timepoint 22",5.12873025983572,39,7
"3095","User #25314","Timepoint 23",4.94531641155481,39,7
"3096","User #25314","Timepoint 24",6.87363204360008,39,7
"3097","User #25314","Timepoint 25",9.76920086145401,39,7
"3098","User #25314","Timepoint 26",6.06607496738434,39,7
"3099","User #25314","Timepoint 27",7.59976202249527,39,7
"3100","User #25314","Timepoint 28",7.20145413279533,39,7
"3101","User #25314","Timepoint 29",7.70042353868484,39,7
"3102","User #25314","Timepoint 30",6.85402461886406,39,7
"3103","User #25314","Timepoint 31",7.28640538454056,39,7
"3104","User #25314","Timepoint 32",11.354921400547,39,7
"3105","User #25314","Timepoint 33",7.38214731216431,39,7
"3106","User #25314","Timepoint 34",4.92612095177174,39,7
"3107","User #25314","Timepoint 35",8.73527157306671,39,7
"3108","User #25314","Timepoint 36",7.22975146770477,39,7
"3109","User #25314","Timepoint 37",8.19078543782234,39,7
"3110","User #25314","Timepoint 38",6.74315425753593,39,7
"3111","User #25314","Timepoint 39",6.42767912149429,39,7
"3112","User #25314","Timepoint 40",7.08609330654144,39,7
"3113","User #25314","Timepoint 41",6.95368957519531,39,7
"3114","User #25314","Timepoint 42",9.99164879322052,39,7
"3115","User #25314","Timepoint 43",6.95306852459908,39,7
"3116","User #25314","Timepoint 44",5.2765948548913,39,7
"3117","User #25314","Timepoint 45",7.89706522226334,39,7
"3118","User #25314","Timepoint 46",6.06917104125023,39,7
"3119","User #25314","Timepoint 47",9.38521593809128,39,7
"3120","User #25314","Timepoint 48",9.30913859605789,39,7
"3121","User #25314","Timepoint 49",7.42477449774742,39,7
"3122","User #25314","Timepoint 50",6.0298028588295,39,7
"3123","User #25314","Timepoint 51",5.28745009750128,39,7
"3124","User #25314","Timepoint 52",5.9654992967844,39,7
"3125","User #25314","Timepoint 53",7.80977809429169,39,7
"3126","User #25314","Timepoint 54",6.60217452049255,39,7
"3127","User #25314","Timepoint 55",7.81009018421173,39,7
"3128","User #25314","Timepoint 56",7.24257156252861,39,7
"3129","User #25314","Timepoint 57",5.41704830527306,39,7
"3130","User #25314","Timepoint 58",6.84457159042358,39,7
"3131","User #25314","Timepoint 59",6.98754423856735,39,7
"3132","User #25314","Timepoint 60",8.44185093045235,39,7
"3133","User #25314","Timepoint 61",7.08774012327194,39,7
"3134","User #25314","Timepoint 62",4.55320432037115,39,7
"3135","User #25314","Timepoint 63",6.8852926492691,39,7
"3136","User #25314","Timepoint 64",6.93132257461548,39,7
"3137","User #25297","Timepoint 1",0,39,7
"3138","User #25297","Timepoint 2",0,39,7
"3139","User #25297","Timepoint 3",0,39,7
"3140","User #25297","Timepoint 4",0,39,7
"3141","User #25297","Timepoint 5",0,39,7
"3142","User #25297","Timepoint 6",0,39,7
"3143","User #25297","Timepoint 7",0,39,7
"3144","User #25297","Timepoint 8",0,39,7
"3145","User #25297","Timepoint 9",0,39,7
"3146","User #25297","Timepoint 10",0,39,7
"3147","User #25297","Timepoint 11",0,39,7
"3148","User #25297","Timepoint 12",0,39,7
"3149","User #25297","Timepoint 13",0,39,7
"3150","User #25297","Timepoint 14",0,39,7
"3151","User #25297","Timepoint 15",0,39,7
"3152","User #25297","Timepoint 16",0,39,7
"3153","User #25297","Timepoint 17",9.42664510011673,39,7
"3154","User #25297","Timepoint 18",7.68035002052784,39,7
"3155","User #25297","Timepoint 19",9.1767503619194,39,7
"3156","User #25297","Timepoint 20",10.3529404997826,39,7
"3157","User #25297","Timepoint 21",13.2107625007629,39,7
"3158","User #25297","Timepoint 22",10.323745906353,39,7
"3159","User #25297","Timepoint 23",7.84614372253418,39,7
"3160","User #25297","Timepoint 24",12.7420843839645,39,7
"3161","User #25297","Timepoint 25",12.0267834663391,39,7
"3162","User #25297","Timepoint 26",9.77329522371292,39,7
"3163","User #25297","Timepoint 27",8.4423251748085,39,7
"3164","User #25297","Timepoint 28",8.99656265974045,39,7
"3165","User #25297","Timepoint 29",8.97497671842575,39,7
"3166","User #25297","Timepoint 30",6.95635449886322,39,7
"3167","User #25297","Timepoint 31",8.61326116323471,39,7
"3168","User #25297","Timepoint 32",9.31358259916306,39,7
"3169","User #25297","Timepoint 33",6.68428531289101,39,7
"3170","User #25297","Timepoint 34",7.8543848991394,39,7
"3171","User #25297","Timepoint 35",5.99818587303162,39,7
"3172","User #25297","Timepoint 36",7.05694237351418,39,7
"3173","User #25297","Timepoint 37",6.70495172590017,39,7
"3174","User #25297","Timepoint 38",10.0532866120338,39,7
"3175","User #25297","Timepoint 39",8.40485852956772,39,7
"3176","User #25297","Timepoint 40",10.3135378956795,39,7
"3177","User #25297","Timepoint 41",8.73515397310257,39,7
"3178","User #25297","Timepoint 42",8.16778492927551,39,7
"3179","User #25297","Timepoint 43",8.84091448783875,39,7
"3180","User #25297","Timepoint 44",9.23884624242783,39,7
"3181","User #25297","Timepoint 45",8.71349877119064,39,7
"3182","User #25297","Timepoint 46",7.4191809296608,39,7
"3183","User #25297","Timepoint 47",7.7220106869936,39,7
"3184","User #25297","Timepoint 48",7.25305865705013,39,7
"3185","User #25297","Timepoint 49",7.47481381893158,39,7
"3186","User #25297","Timepoint 50",6.15206452459097,39,7
"3187","User #25297","Timepoint 51",6.43583981692791,39,7
"3188","User #25297","Timepoint 52",6.24318896234035,39,7
"3189","User #25297","Timepoint 53",9.78512471914291,39,7
"3190","User #25297","Timepoint 54",7.82586640119553,39,7
"3191","User #25297","Timepoint 55",7.80022746324539,39,7
"3192","User #25297","Timepoint 56",9.81504952907562,39,7
"3193","User #25297","Timepoint 57",8.70469486713409,39,7
"3194","User #25297","Timepoint 58",6.72888769209385,39,7
"3195","User #25297","Timepoint 59",8.94716626405716,39,7
"3196","User #25297","Timepoint 60",9.72894465923309,39,7
"3197","User #25297","Timepoint 61",8.14680910110474,39,7
"3198","User #25297","Timepoint 62",6.42834851890802,39,7
"3199","User #25297","Timepoint 63",7.14853568375111,39,7
"3200","User #25297","Timepoint 64",7.29787415266037,39,7
"3201","User #25363","Timepoint 1",0,39,7
"3202","User #25363","Timepoint 2",0,39,7
"3203","User #25363","Timepoint 3",0,39,7
"3204","User #25363","Timepoint 4",0,39,7
"3205","User #25363","Timepoint 5",0,39,7
"3206","User #25363","Timepoint 6",0,39,7
"3207","User #25363","Timepoint 7",0,39,7
"3208","User #25363","Timepoint 8",0,39,7
"3209","User #25363","Timepoint 9",0,39,7
"3210","User #25363","Timepoint 10",0,39,7
"3211","User #25363","Timepoint 11",0,39,7
"3212","User #25363","Timepoint 12",0,39,7
"3213","User #25363","Timepoint 13",0,39,7
"3214","User #25363","Timepoint 14",0,39,7
"3215","User #25363","Timepoint 15",0,39,7
"3216","User #25363","Timepoint 16",0,39,7
"3217","User #25363","Timepoint 17",11.0950282216072,39,7
"3218","User #25363","Timepoint 18",10.2209348678589,39,7
"3219","User #25363","Timepoint 19",10.6050887703896,39,7
"3220","User #25363","Timepoint 20",10.6038900613785,39,7
"3221","User #25363","Timepoint 21",10.210590004921,39,7
"3222","User #25363","Timepoint 22",11.8881442546844,39,7
"3223","User #25363","Timepoint 23",11.3401443958282,39,7
"3224","User #25363","Timepoint 24",9.21264618635178,39,7
"3225","User #25363","Timepoint 25",9.69861900806427,39,7
"3226","User #25363","Timepoint 26",9.49246650934219,39,7
"3227","User #25363","Timepoint 27",11.0405418276787,39,7
"3228","User #25363","Timepoint 28",12.238176882267,39,7
"3229","User #25363","Timepoint 29",11.7169449925423,39,7
"3230","User #25363","Timepoint 30",11.0480107069016,39,7
"3231","User #25363","Timepoint 31",10.2690985202789,39,7
"3232","User #25363","Timepoint 32",11.0777143239975,39,7
"3233","User #25363","Timepoint 33",12.9003407359123,39,7
"3234","User #25363","Timepoint 34",9.50831550359726,39,7
"3235","User #25363","Timepoint 35",10.8298686146736,39,7
"3236","User #25363","Timepoint 36",9.71965274214745,39,7
"3237","User #25363","Timepoint 37",11.8821890950203,39,7
"3238","User #25363","Timepoint 38",10.995557487011,39,7
"3239","User #25363","Timepoint 39",9.9287673830986,39,7
"3240","User #25363","Timepoint 40",11.1851733922958,39,7
"3241","User #25363","Timepoint 41",10.333979010582,39,7
"3242","User #25363","Timepoint 42",10.1421968340874,39,7
"3243","User #25363","Timepoint 43",10.4217488765717,39,7
"3244","User #25363","Timepoint 44",9.81604346632957,39,7
"3245","User #25363","Timepoint 45",12.3099563121796,39,7
"3246","User #25363","Timepoint 46",13.4625840783119,39,7
"3247","User #25363","Timepoint 47",11.0328576564789,39,7
"3248","User #25363","Timepoint 48",10.3796008825302,39,7
"3249","User #25363","Timepoint 49",10.7952224612236,39,7
"3250","User #25363","Timepoint 50",11.3479375243187,39,7
"3251","User #25363","Timepoint 51",11.0812925696373,39,7
"3252","User #25363","Timepoint 52",11.3060327768326,39,7
"3253","User #25363","Timepoint 53",12.8021555542946,39,7
"3254","User #25363","Timepoint 54",12.5370162129402,39,7
"3255","User #25363","Timepoint 55",13.0229478478432,39,7
"3256","User #25363","Timepoint 56",12.1316789984703,39,7
"3257","User #25363","Timepoint 57",12.1408903002739,39,7
"3258","User #25363","Timepoint 58",11.1379444003105,39,7
"3259","User #25363","Timepoint 59",12.0328086018562,39,7
"3260","User #25363","Timepoint 60",12.1999981403351,39,7
"3261","User #25363","Timepoint 61",11.6882752776146,39,7
"3262","User #25363","Timepoint 62",12.1814652681351,39,7
"3263","User #25363","Timepoint 63",11.9027518630028,39,7
"3264","User #25363","Timepoint 64",11.6417529582977,39,7
"3265","User #25319","Timepoint 1",0,39,7
"3266","User #25319","Timepoint 2",0,39,7
"3267","User #25319","Timepoint 3",0,39,7
"3268","User #25319","Timepoint 4",0,39,7
"3269","User #25319","Timepoint 5",0,39,7
"3270","User #25319","Timepoint 6",0,39,7
"3271","User #25319","Timepoint 7",0,39,7
"3272","User #25319","Timepoint 8",0,39,7
"3273","User #25319","Timepoint 9",0,39,7
"3274","User #25319","Timepoint 10",0,39,7
"3275","User #25319","Timepoint 11",0,39,7
"3276","User #25319","Timepoint 12",0,39,7
"3277","User #25319","Timepoint 13",0,39,7
"3278","User #25319","Timepoint 14",0,39,7
"3279","User #25319","Timepoint 15",0,39,7
"3280","User #25319","Timepoint 16",0,39,7
"3281","User #25319","Timepoint 17",9.17655739188194,39,7
"3282","User #25319","Timepoint 18",9.88553553819656,39,7
"3283","User #25319","Timepoint 19",10.6922460198402,39,7
"3284","User #25319","Timepoint 20",13.6767199635506,39,7
"3285","User #25319","Timepoint 21",9.71612545847893,39,7
"3286","User #25319","Timepoint 22",9.59605902433395,39,7
"3287","User #25319","Timepoint 23",9.63939493894577,39,7
"3288","User #25319","Timepoint 24",11.9316881895065,39,7
"3289","User #25319","Timepoint 25",14.4857986569405,39,7
"3290","User #25319","Timepoint 26",9.81320837140083,39,7
"3291","User #25319","Timepoint 27",9.90985560417175,39,7
"3292","User #25319","Timepoint 28",10.0355612933636,39,7
"3293","User #25319","Timepoint 29",7.51416412740946,39,7
"3294","User #25319","Timepoint 30",7.05826189368963,39,7
"3295","User #25319","Timepoint 31",11.901498734951,39,7
"3296","User #25319","Timepoint 32",11.8954437971115,39,7
"3297","User #25319","Timepoint 33",17.9864653944969,39,7
"3298","User #25319","Timepoint 34",13.5644620060921,39,7
"3299","User #25319","Timepoint 35",10.1460237503052,39,7
"3300","User #25319","Timepoint 36",16.2411267757416,39,7
"3301","User #25319","Timepoint 37",13.0481538176537,39,7
"3302","User #25319","Timepoint 38",15.3613203763962,39,7
"3303","User #25319","Timepoint 39",14.0650975108147,39,7
"3304","User #25319","Timepoint 40",8.31169713288546,39,7
"3305","User #25319","Timepoint 41",10.1914446353912,39,7
"3306","User #25319","Timepoint 42",10.8339387774467,39,7
"3307","User #25319","Timepoint 43",13.634534060955,39,7
"3308","User #25319","Timepoint 44",12.6719497442245,39,7
"3309","User #25319","Timepoint 45",10.0185579657555,39,7
"3310","User #25319","Timepoint 46",9.57361936569214,39,7
"3311","User #25319","Timepoint 47",8.10499452054501,39,7
"3312","User #25319","Timepoint 48",9.48859322071075,39,7
"3313","User #25319","Timepoint 49",14.8038255572319,39,7
"3314","User #25319","Timepoint 50",10.7970950603485,39,7
"3315","User #25319","Timepoint 51",11.1345417648554,39,7
"3316","User #25319","Timepoint 52",9.7655713185668,39,7
"3317","User #25319","Timepoint 53",10.3938992321491,39,7
"3318","User #25319","Timepoint 54",10.1116939634085,39,7
"3319","User #25319","Timepoint 55",14.3804216980934,39,7
"3320","User #25319","Timepoint 56",12.0867320001125,39,7
"3321","User #25319","Timepoint 57",14.0479785203934,39,7
"3322","User #25319","Timepoint 58",16.2757059931755,39,7
"3323","User #25319","Timepoint 59",13.7703682780266,39,7
"3324","User #25319","Timepoint 60",13.3073323667049,39,7
"3325","User #25319","Timepoint 61",12.2603516578674,39,7
"3326","User #25319","Timepoint 62",10.1772859096527,39,7
"3327","User #25319","Timepoint 63",12.5792142748833,39,7
"3328","User #25319","Timepoint 64",11.9138778448105,39,7
"3329","User #25311","Timepoint 1",0,39,7
"3330","User #25311","Timepoint 2",0,39,7
"3331","User #25311","Timepoint 3",0,39,7
"3332","User #25311","Timepoint 4",0,39,7
"3333","User #25311","Timepoint 5",0,39,7
"3334","User #25311","Timepoint 6",0,39,7
"3335","User #25311","Timepoint 7",0,39,7
"3336","User #25311","Timepoint 8",0,39,7
"3337","User #25311","Timepoint 9",0,39,7
"3338","User #25311","Timepoint 10",0,39,7
"3339","User #25311","Timepoint 11",0,39,7
"3340","User #25311","Timepoint 12",0,39,7
"3341","User #25311","Timepoint 13",0,39,7
"3342","User #25311","Timepoint 14",0,39,7
"3343","User #25311","Timepoint 15",0,39,7
"3344","User #25311","Timepoint 16",0,39,7
"3345","User #25311","Timepoint 17",7.58483764529228,39,7
"3346","User #25311","Timepoint 18",11.9137714505196,39,7
"3347","User #25311","Timepoint 19",6.76909949630499,39,7
"3348","User #25311","Timepoint 20",6.61472763866186,39,7
"3349","User #25311","Timepoint 21",11.7765013575554,39,7
"3350","User #25311","Timepoint 22",10.1711075305939,39,7
"3351","User #25311","Timepoint 23",14.021209359169,39,7
"3352","User #25311","Timepoint 24",9.00631159543991,39,7
"3353","User #25311","Timepoint 25",13.4935834407806,39,7
"3354","User #25311","Timepoint 26",10.0214284658432,39,7
"3355","User #25311","Timepoint 27",9.61504805088043,39,7
"3356","User #25311","Timepoint 28",9.34102231264114,39,7
"3357","User #25311","Timepoint 29",10.059893488884,39,7
"3358","User #25311","Timepoint 30",11.0711302757263,39,7
"3359","User #25311","Timepoint 31",15.076651096344,39,7
"3360","User #25311","Timepoint 32",14.5454186797142,39,7
"3361","User #25311","Timepoint 33",5.36678905785084,39,7
"3362","User #25311","Timepoint 34",9.26632118225098,39,7
"3363","User #25311","Timepoint 35",9.87620776891708,39,7
"3364","User #25311","Timepoint 36",8.30550107359886,39,7
"3365","User #25311","Timepoint 37",7.77453097701073,39,7
"3366","User #25311","Timepoint 38",9.31843703985214,39,7
"3367","User #25311","Timepoint 39",10.2681847214699,39,7
"3368","User #25311","Timepoint 40",7.90923191606998,39,7
"3369","User #25311","Timepoint 41",12.6152731776237,39,7
"3370","User #25311","Timepoint 42",6.51580438390374,39,7
"3371","User #25311","Timepoint 43",8.35831162333488,39,7
"3372","User #25311","Timepoint 44",9.55012384057045,39,7
"3373","User #25311","Timepoint 45",9.66389510035515,39,7
"3374","User #25311","Timepoint 46",12.324912250042,39,7
"3375","User #25311","Timepoint 47",11.628776550293,39,7
"3376","User #25311","Timepoint 48",12.0291997790337,39,7
"3377","User #25311","Timepoint 49",10.3003635406494,39,7
"3378","User #25311","Timepoint 50",8.4176971912384,39,7
"3379","User #25311","Timepoint 51",11.2103219032288,39,7
"3380","User #25311","Timepoint 52",12.9372100830078,39,7
"3381","User #25311","Timepoint 53",9.57122230529785,39,7
"3382","User #25311","Timepoint 54",10.6911582946777,39,7
"3383","User #25311","Timepoint 55",11.0453805923462,39,7
"3384","User #25311","Timepoint 56",8.5412449836731,39,7
"3385","User #25311","Timepoint 57",7.06194686889648,39,7
"3386","User #25311","Timepoint 58",8.08923625946045,39,7
"3387","User #25311","Timepoint 59",8.97561597824097,39,7
"3388","User #25311","Timepoint 60",11.6666955947876,39,7
"3389","User #25311","Timepoint 61",7.75220918655396,39,7
"3390","User #25311","Timepoint 62",7.8893768787384,39,7
"3391","User #25311","Timepoint 63",10.1789412498474,39,7
"3392","User #25311","Timepoint 64",10.8136887550354,39,7
"3393","User #25342","Timepoint 1",0,39,7
"3394","User #25342","Timepoint 2",0,39,7
"3395","User #25342","Timepoint 3",0,39,7
"3396","User #25342","Timepoint 4",0,39,7
"3397","User #25342","Timepoint 5",0,39,7
"3398","User #25342","Timepoint 6",0,39,7
"3399","User #25342","Timepoint 7",0,39,7
"3400","User #25342","Timepoint 8",0,39,7
"3401","User #25342","Timepoint 9",0,39,7
"3402","User #25342","Timepoint 10",0,39,7
"3403","User #25342","Timepoint 11",0,39,7
"3404","User #25342","Timepoint 12",0,39,7
"3405","User #25342","Timepoint 13",0,39,7
"3406","User #25342","Timepoint 14",0,39,7
"3407","User #25342","Timepoint 15",0,39,7
"3408","User #25342","Timepoint 16",0,39,7
"3409","User #25342","Timepoint 17",16.1826751232147,39,7
"3410","User #25342","Timepoint 18",16.4498131275177,39,7
"3411","User #25342","Timepoint 19",9.46117162704468,39,7
"3412","User #25342","Timepoint 20",11.5659761428833,39,7
"3413","User #25342","Timepoint 21",11.5794479846954,39,7
"3414","User #25342","Timepoint 22",11.0449252128601,39,7
"3415","User #25342","Timepoint 23",12.0989904403687,39,7
"3416","User #25342","Timepoint 24",13.0578615665436,39,7
"3417","User #25342","Timepoint 25",17.0379457473755,39,7
"3418","User #25342","Timepoint 26",17.1835775375366,39,7
"3419","User #25342","Timepoint 27",15.0227892398834,39,7
"3420","User #25342","Timepoint 28",12.471607208252,39,7
"3421","User #25342","Timepoint 29",11.8919610977173,39,7
"3422","User #25342","Timepoint 30",16.2022967338562,39,7
"3423","User #25342","Timepoint 31",13.0375525951385,39,7
"3424","User #25342","Timepoint 32",10.1378035545349,39,7
"3425","User #25342","Timepoint 33",11.9250516891479,39,7
"3426","User #25342","Timepoint 34",13.4683697223663,39,7
"3427","User #25342","Timepoint 35",8.77416920661926,39,7
"3428","User #25342","Timepoint 36",13.0229012966156,39,7
"3429","User #25342","Timepoint 37",11.5779638290405,39,7
"3430","User #25342","Timepoint 38",9.92033934593201,39,7
"3431","User #25342","Timepoint 39",11.5510036945343,39,7
"3432","User #25342","Timepoint 40",11.0308067798615,39,7
"3433","User #25342","Timepoint 41",14.1948592662811,39,7
"3434","User #25342","Timepoint 42",10.5519645214081,39,7
"3435","User #25342","Timepoint 43",11.2710018157959,39,7
"3436","User #25342","Timepoint 44",15.4954352378845,39,7
"3437","User #25342","Timepoint 45",9.0384179353714,39,7
"3438","User #25342","Timepoint 46",13.3168070316315,39,7
"3439","User #25342","Timepoint 47",12.7169427871704,39,7
"3440","User #25342","Timepoint 48",13.4040768146515,39,7
"3441","User #25342","Timepoint 49",11.9421139955521,39,7
"3442","User #25342","Timepoint 50",13.5000890493393,39,7
"3443","User #25342","Timepoint 51",12.3956619501114,39,7
"3444","User #25342","Timepoint 52",12.4313349723816,39,7
"3445","User #25342","Timepoint 53",12.5360298156738,39,7
"3446","User #25342","Timepoint 54",13.2712243795395,39,7
"3447","User #25342","Timepoint 55",12.2396414279938,39,7
"3448","User #25342","Timepoint 56",13.3447726964951,39,7
"3449","User #25342","Timepoint 57",13.7612854242325,39,7
"3450","User #25342","Timepoint 58",12.2209990024567,39,7
"3451","User #25342","Timepoint 59",12.8204491138458,39,7
"3452","User #25342","Timepoint 60",12.2800251245499,39,7
"3453","User #25342","Timepoint 61",13.3083708286285,39,7
"3454","User #25342","Timepoint 62",14.9246853590012,39,7
"3455","User #25342","Timepoint 63",12.4993386268616,39,7
"3456","User #25342","Timepoint 64",12.1169732809067,39,7
"3457","User #25359","Timepoint 1",0,39,7
"3458","User #25359","Timepoint 2",0,39,7
"3459","User #25359","Timepoint 3",0,39,7
"3460","User #25359","Timepoint 4",0,39,7
"3461","User #25359","Timepoint 5",0,39,7
"3462","User #25359","Timepoint 6",0,39,7
"3463","User #25359","Timepoint 7",0,39,7
"3464","User #25359","Timepoint 8",0,39,7
"3465","User #25359","Timepoint 9",0,39,7
"3466","User #25359","Timepoint 10",0,39,7
"3467","User #25359","Timepoint 11",0,39,7
"3468","User #25359","Timepoint 12",0,39,7
"3469","User #25359","Timepoint 13",0,39,7
"3470","User #25359","Timepoint 14",0,39,7
"3471","User #25359","Timepoint 15",0,39,7
"3472","User #25359","Timepoint 16",0,39,7
"3473","User #25359","Timepoint 17",9.27756667137146,39,7
"3474","User #25359","Timepoint 18",14.2724063396454,39,7
"3475","User #25359","Timepoint 19",14.6255765557289,39,7
"3476","User #25359","Timepoint 20",10.7308022677898,39,7
"3477","User #25359","Timepoint 21",9.24671375751495,39,7
"3478","User #25359","Timepoint 22",11.2435223460197,39,7
"3479","User #25359","Timepoint 23",11.7421503663063,39,7
"3480","User #25359","Timepoint 24",11.5967349410057,39,7
"3481","User #25359","Timepoint 25",14.8654980063438,39,7
"3482","User #25359","Timepoint 26",14.3835951685905,39,7
"3483","User #25359","Timepoint 27",11.6806918382645,39,7
"3484","User #25359","Timepoint 28",12.295704126358,39,7
"3485","User #25359","Timepoint 29",12.6839469075203,39,7
"3486","User #25359","Timepoint 30",10.6999785900116,39,7
"3487","User #25359","Timepoint 31",13.4482568502426,39,7
"3488","User #25359","Timepoint 32",12.9872076511383,39,7
"3489","User #25359","Timepoint 33",9.75019443035126,39,7
"3490","User #25359","Timepoint 34",10.0353379249573,39,7
"3491","User #25359","Timepoint 35",13.2618508338928,39,7
"3492","User #25359","Timepoint 36",16.1489666700363,39,7
"3493","User #25359","Timepoint 37",10.5937314629555,39,7
"3494","User #25359","Timepoint 38",8.06538019329309,39,7
"3495","User #25359","Timepoint 39",8.90280775725842,39,7
"3496","User #25359","Timepoint 40",8.95121411979198,39,7
"3497","User #25359","Timepoint 41",11.6668258905411,39,7
"3498","User #25359","Timepoint 42",11.0943566560745,39,7
"3499","User #25359","Timepoint 43",13.8278334140778,39,7
"3500","User #25359","Timepoint 44",12.6063286066055,39,7
"3501","User #25359","Timepoint 45",10.1537317037582,39,7
"3502","User #25359","Timepoint 46",11.7117115855217,39,7
"3503","User #25359","Timepoint 47",11.8331142663956,39,7
"3504","User #25359","Timepoint 48",11.2950271964073,39,7
"3505","User #25359","Timepoint 49",10.0630842447281,39,7
"3506","User #25359","Timepoint 50",10.2746554464102,39,7
"3507","User #25359","Timepoint 51",12.0288393497467,39,7
"3508","User #25359","Timepoint 52",12.742225587368,39,7
"3509","User #25359","Timepoint 53",12.2173829674721,39,7
"3510","User #25359","Timepoint 54",11.9170836210251,39,7
"3511","User #25359","Timepoint 55",10.6422702521086,39,7
"3512","User #25359","Timepoint 56",11.1107177436352,39,7
"3513","User #25359","Timepoint 57",13.2025306820869,39,7
"3514","User #25359","Timepoint 58",10.0551884323359,39,7
"3515","User #25359","Timepoint 59",13.6257312893867,39,7
"3516","User #25359","Timepoint 60",14.5289458036423,39,7
"3517","User #25359","Timepoint 61",11.087321639061,39,7
"3518","User #25359","Timepoint 62",11.7443380951881,39,7
"3519","User #25359","Timepoint 63",13.0354641079903,39,7
"3520","User #25359","Timepoint 64",12.5550237894058,39,7
"3521","User #25303","Timepoint 1",0,39,7
"3522","User #25303","Timepoint 2",0,39,7
"3523","User #25303","Timepoint 3",0,39,7
"3524","User #25303","Timepoint 4",0,39,7
"3525","User #25303","Timepoint 5",0,39,7
"3526","User #25303","Timepoint 6",0,39,7
"3527","User #25303","Timepoint 7",0,39,7
"3528","User #25303","Timepoint 8",0,39,7
"3529","User #25303","Timepoint 9",0,39,7
"3530","User #25303","Timepoint 10",0,39,7
"3531","User #25303","Timepoint 11",0,39,7
"3532","User #25303","Timepoint 12",0,39,7
"3533","User #25303","Timepoint 13",0,39,7
"3534","User #25303","Timepoint 14",0,39,7
"3535","User #25303","Timepoint 15",0,39,7
"3536","User #25303","Timepoint 16",0,39,7
"3537","User #25303","Timepoint 17",7.53598183393478,39,7
"3538","User #25303","Timepoint 18",7.27875262498856,39,7
"3539","User #25303","Timepoint 19",5.9083080291748,39,7
"3540","User #25303","Timepoint 20",5.36232363432646,39,7
"3541","User #25303","Timepoint 21",5.58333471417427,39,7
"3542","User #25303","Timepoint 22",5.5542679131031,39,7
"3543","User #25303","Timepoint 23",5.48190232366323,39,7
"3544","User #25303","Timepoint 24",5.19826667383313,39,7
"3545","User #25303","Timepoint 25",5.52121415734291,39,7
"3546","User #25303","Timepoint 26",4.87052597105503,39,7
"3547","User #25303","Timepoint 27",4.81630846858025,39,7
"3548","User #25303","Timepoint 28",5.06437655538321,39,7
"3549","User #25303","Timepoint 29",6.67781740427017,39,7
"3550","User #25303","Timepoint 30",8.52999150753021,39,7
"3551","User #25303","Timepoint 31",5.5966479331255,39,7
"3552","User #25303","Timepoint 32",4.79365462437272,39,7
"3553","User #25303","Timepoint 33",9.30462867021561,39,7
"3554","User #25303","Timepoint 34",5.47985352575779,39,7
"3555","User #25303","Timepoint 35",5.06675444543362,39,7
"3556","User #25303","Timepoint 36",5.23388415575027,39,7
"3557","User #25303","Timepoint 37",6.37194380164146,39,7
"3558","User #25303","Timepoint 38",5.15388019382954,39,7
"3559","User #25303","Timepoint 39",4.75295886397362,39,7
"3560","User #25303","Timepoint 40",4.94413578882813,39,7
"3561","User #25303","Timepoint 41",5.19510962069035,39,7
"3562","User #25303","Timepoint 42",6.82569921016693,39,7
"3563","User #25303","Timepoint 43",7.75740951299667,39,7
"3564","User #25303","Timepoint 44",5.34019555896521,39,7
"3565","User #25303","Timepoint 45",5.00002112239599,39,7
"3566","User #25303","Timepoint 46",5.61866756528616,39,7
"3567","User #25303","Timepoint 47",8.5566321015358,39,7
"3568","User #25303","Timepoint 48",5.52500568330288,39,7
"3569","User #25303","Timepoint 49",6.16925701498985,39,7
"3570","User #25303","Timepoint 50",8.46294730901718,39,7
"3571","User #25303","Timepoint 51",6.36459559202194,39,7
"3572","User #25303","Timepoint 52",5.57342115789652,39,7
"3573","User #25303","Timepoint 53",5.8207929879427,39,7
"3574","User #25303","Timepoint 54",5.9619527310133,39,7
"3575","User #25303","Timepoint 55",6.26437053084373,39,7
"3576","User #25303","Timepoint 56",4.3709059804678,39,7
"3577","User #25303","Timepoint 57",7.78816729784012,39,7
"3578","User #25303","Timepoint 58",6.04544810950756,39,7
"3579","User #25303","Timepoint 59",5.73261640965939,39,7
"3580","User #25303","Timepoint 60",5.11699762195349,39,7
"3581","User #25303","Timepoint 61",7.38589107990265,39,7
"3582","User #25303","Timepoint 62",5.25695016607642,39,7
"3583","User #25303","Timepoint 63",6.10500924289227,39,7
"3584","User #25303","Timepoint 64",5.02978796139359,39,7
"3585","User #25309","Timepoint 1",0,39,7
"3586","User #25309","Timepoint 2",0,39,7
"3587","User #25309","Timepoint 3",0,39,7
"3588","User #25309","Timepoint 4",0,39,7
"3589","User #25309","Timepoint 5",0,39,7
"3590","User #25309","Timepoint 6",0,39,7
"3591","User #25309","Timepoint 7",0,39,7
"3592","User #25309","Timepoint 8",0,39,7
"3593","User #25309","Timepoint 9",0,39,7
"3594","User #25309","Timepoint 10",0,39,7
"3595","User #25309","Timepoint 11",0,39,7
"3596","User #25309","Timepoint 12",0,39,7
"3597","User #25309","Timepoint 13",0,39,7
"3598","User #25309","Timepoint 14",0,39,7
"3599","User #25309","Timepoint 15",0,39,7
"3600","User #25309","Timepoint 16",0,39,7
"3601","User #25309","Timepoint 17",7.38049304485321,39,7
"3602","User #25309","Timepoint 18",6.81631526350975,39,7
"3603","User #25309","Timepoint 19",10.1186583042145,39,7
"3604","User #25309","Timepoint 20",8.60910987854004,39,7
"3605","User #25309","Timepoint 21",8.84668982028961,39,7
"3606","User #25309","Timepoint 22",6.3315295279026,39,7
"3607","User #25309","Timepoint 23",8.00106605887413,39,7
"3608","User #25309","Timepoint 24",8.34985694289207,39,7
"3609","User #25309","Timepoint 25",6.96221432089806,39,7
"3610","User #25309","Timepoint 26",6.73971897363663,39,7
"3611","User #25309","Timepoint 27",6.25153925642371,39,7
"3612","User #25309","Timepoint 28",9.91757071018219,39,7
"3613","User #25309","Timepoint 29",7.54057994484901,39,7
"3614","User #25309","Timepoint 30",5.51735474169254,39,7
"3615","User #25309","Timepoint 31",7.66403025388718,39,7
"3616","User #25309","Timepoint 32",13.3648077249527,39,7
"3617","User #25309","Timepoint 33",14.460613489151,39,7
"3618","User #25309","Timepoint 34",8.70628750324249,39,7
"3619","User #25309","Timepoint 35",16.8771598339081,39,7
"3620","User #25309","Timepoint 36",11.0886744260788,39,7
"3621","User #25309","Timepoint 37",13.0926588773727,39,7
"3622","User #25309","Timepoint 38",8.17531010508537,39,7
"3623","User #25309","Timepoint 39",6.47290697693825,39,7
"3624","User #25309","Timepoint 40",6.63759997487068,39,7
"3625","User #25309","Timepoint 41",9.36381077766418,39,7
"3626","User #25309","Timepoint 42",8.81994700431824,39,7
"3627","User #25309","Timepoint 43",6.03197908401489,39,7
"3628","User #25309","Timepoint 44",6.1721465960145,39,7
"3629","User #25309","Timepoint 45",6.05986206233501,39,7
"3630","User #25309","Timepoint 46",6.31226716935635,39,7
"3631","User #25309","Timepoint 47",8.16650500893593,39,7
"3632","User #25309","Timepoint 48",9.02504032850266,39,7
"3633","User #25309","Timepoint 49",13.5512719154358,39,7
"3634","User #25309","Timepoint 50",8.29343727231026,39,7
"3635","User #25309","Timepoint 51",10.9732130765915,39,7
"3636","User #25309","Timepoint 52",13.6845240592957,39,7
"3637","User #25309","Timepoint 53",12.8265742063522,39,7
"3638","User #25309","Timepoint 54",8.70021796226501,39,7
"3639","User #25309","Timepoint 55",11.2874279022217,39,7
"3640","User #25309","Timepoint 56",9.30805093050003,39,7
"3641","User #25309","Timepoint 57",5.35797423124313,39,7
"3642","User #25309","Timepoint 58",7.32694989442825,39,7
"3643","User #25309","Timepoint 59",7.39859735965729,39,7
"3644","User #25309","Timepoint 60",11.1806503534317,39,7
"3645","User #25309","Timepoint 61",11.1633054018021,39,7
"3646","User #25309","Timepoint 62",5.64230395853519,39,7
"3647","User #25309","Timepoint 63",11.6484442949295,39,7
"3648","User #25309","Timepoint 64",11.6249791383743,39,7
"3649","User #25372","Timepoint 1",0,39,7
"3650","User #25372","Timepoint 2",0,39,7
"3651","User #25372","Timepoint 3",0,39,7
"3652","User #25372","Timepoint 4",0,39,7
"3653","User #25372","Timepoint 5",0,39,7
"3654","User #25372","Timepoint 6",0,39,7
"3655","User #25372","Timepoint 7",0,39,7
"3656","User #25372","Timepoint 8",0,39,7
"3657","User #25372","Timepoint 9",0,39,7
"3658","User #25372","Timepoint 10",0,39,7
"3659","User #25372","Timepoint 11",0,39,7
"3660","User #25372","Timepoint 12",0,39,7
"3661","User #25372","Timepoint 13",0,39,7
"3662","User #25372","Timepoint 14",0,39,7
"3663","User #25372","Timepoint 15",0,39,7
"3664","User #25372","Timepoint 16",0,39,7
"3665","User #25372","Timepoint 17",6.85208287835121,39,7
"3666","User #25372","Timepoint 18",7.19106957316399,39,7
"3667","User #25372","Timepoint 19",6.57132963836193,39,7
"3668","User #25372","Timepoint 20",8.63742408156395,39,7
"3669","User #25372","Timepoint 21",9.56392759084702,39,7
"3670","User #25372","Timepoint 22",7.87484842538834,39,7
"3671","User #25372","Timepoint 23",6.85932585597038,39,7
"3672","User #25372","Timepoint 24",6.04562941193581,39,7
"3673","User #25372","Timepoint 25",16.6430206298828,39,7
"3674","User #25372","Timepoint 26",8.28925138711929,39,7
"3675","User #25372","Timepoint 27",7.23055566847324,39,7
"3676","User #25372","Timepoint 28",7.43125686049461,39,7
"3677","User #25372","Timepoint 29",6.07327125221491,39,7
"3678","User #25372","Timepoint 30",7.53435373306274,39,7
"3679","User #25372","Timepoint 31",5.58210777491331,39,7
"3680","User #25372","Timepoint 32",16.2241592407227,39,7
"3681","User #25372","Timepoint 33",13.4080309271812,39,7
"3682","User #25372","Timepoint 34",12.3143590092659,39,7
"3683","User #25372","Timepoint 35",3.73555162549019,39,7
"3684","User #25372","Timepoint 36",10.1261824965477,39,7
"3685","User #25372","Timepoint 37",10.4933048188686,39,7
"3686","User #25372","Timepoint 38",7.63027089834213,39,7
"3687","User #25372","Timepoint 39",8.80023437738419,39,7
"3688","User #25372","Timepoint 40",9.13294714689255,39,7
"3689","User #25372","Timepoint 41",8.99476802349091,39,7
"3690","User #25372","Timepoint 42",8.06371954083443,39,7
"3691","User #25372","Timepoint 43",6.59981423616409,39,7
"3692","User #25372","Timepoint 44",7.84446588158607,39,7
"3693","User #25372","Timepoint 45",7.34608581662178,39,7
"3694","User #25372","Timepoint 46",7.71212238073349,39,7
"3695","User #25372","Timepoint 47",8.94480216503143,39,7
"3696","User #25372","Timepoint 48",11.0597031116486,39,7
"3697","User #25372","Timepoint 49",13.1444618105888,39,7
"3698","User #25372","Timepoint 50",6.00765041261911,39,7
"3699","User #25372","Timepoint 51",9.56734943389893,39,7
"3700","User #25372","Timepoint 52",9.9989130795002,39,7
"3701","User #25372","Timepoint 53",13.5855733752251,39,7
"3702","User #25372","Timepoint 54",6.31498653441668,39,7
"3703","User #25372","Timepoint 55",8.85193902254105,39,7
"3704","User #25372","Timepoint 56",12.7840943336487,39,7
"3705","User #25372","Timepoint 57",8.49618077278137,39,7
"3706","User #25372","Timepoint 58",5.17709086835384,39,7
"3707","User #25372","Timepoint 59",9.404920399189,39,7
"3708","User #25372","Timepoint 60",8.91119512915611,39,7
"3709","User #25372","Timepoint 61",10.974555015564,39,7
"3710","User #25372","Timepoint 62",6.41760748624802,39,7
"3711","User #25372","Timepoint 63",7.09750619530678,39,7
"3712","User #25372","Timepoint 64",8.36625269055367,39,7
"3713","User #25363","Timepoint 1",0,39,7
"3714","User #25363","Timepoint 2",0,39,7
"3715","User #25363","Timepoint 3",0,39,7
"3716","User #25363","Timepoint 4",0,39,7
"3717","User #25363","Timepoint 5",0,39,7
"3718","User #25363","Timepoint 6",0,39,7
"3719","User #25363","Timepoint 7",0,39,7
"3720","User #25363","Timepoint 8",0,39,7
"3721","User #25363","Timepoint 9",0,39,7
"3722","User #25363","Timepoint 10",0,39,7
"3723","User #25363","Timepoint 11",0,39,7
"3724","User #25363","Timepoint 12",0,39,7
"3725","User #25363","Timepoint 13",0,39,7
"3726","User #25363","Timepoint 14",0,39,7
"3727","User #25363","Timepoint 15",0,39,7
"3728","User #25363","Timepoint 16",0,39,7
"3729","User #25363","Timepoint 17",8.81476885080338,39,7
"3730","User #25363","Timepoint 18",8.25631684064865,39,7
"3731","User #25363","Timepoint 19",8.41435110569,39,7
"3732","User #25363","Timepoint 20",8.13281944394112,39,7
"3733","User #25363","Timepoint 21",8.68659263849258,39,7
"3734","User #25363","Timepoint 22",8.78449565172195,39,7
"3735","User #25363","Timepoint 23",7.63310915231705,39,7
"3736","User #25363","Timepoint 24",10.0815380215645,39,7
"3737","User #25363","Timepoint 25",8.5849586725235,39,7
"3738","User #25363","Timepoint 26",8.55750954151154,39,7
"3739","User #25363","Timepoint 27",8.01882570981979,39,7
"3740","User #25363","Timepoint 28",8.41838678717613,39,7
"3741","User #25363","Timepoint 29",8.58405596017838,39,7
"3742","User #25363","Timepoint 30",8.51176685094833,39,7
"3743","User #25363","Timepoint 31",7.97054028511047,39,7
"3744","User #25363","Timepoint 32",8.31785356998444,39,7
"3745","User #25363","Timepoint 33",8.45692938566208,39,7
"3746","User #25363","Timepoint 34",8.17568963766098,39,7
"3747","User #25363","Timepoint 35",8.27994441986084,39,7
"3748","User #25363","Timepoint 36",8.49058470129967,39,7
"3749","User #25363","Timepoint 37",8.03285843133926,39,7
"3750","User #25363","Timepoint 38",8.66018122434616,39,7
"3751","User #25363","Timepoint 39",8.22686111927032,39,7
"3752","User #25363","Timepoint 40",8.18280136585236,39,7
"3753","User #25363","Timepoint 41",9.31641852855682,39,7
"3754","User #25363","Timepoint 42",8.66311526298523,39,7
"3755","User #25363","Timepoint 43",8.18893229961395,39,7
"3756","User #25363","Timepoint 44",7.75634533166885,39,7
"3757","User #25363","Timepoint 45",9.16591411828995,39,7
"3758","User #25363","Timepoint 46",8.59416431188583,39,7
"3759","User #25363","Timepoint 47",8.9450860619545,39,7
"3760","User #25363","Timepoint 48",7.73810228705406,39,7
"3761","User #25363","Timepoint 49",7.68127298355103,39,7
"3762","User #25363","Timepoint 50",7.81481456756592,39,7
"3763","User #25363","Timepoint 51",7.84364581108093,39,7
"3764","User #25363","Timepoint 52",7.82832992076874,39,7
"3765","User #25363","Timepoint 53",7.84165477752686,39,7
"3766","User #25363","Timepoint 54",7.82778561115265,39,7
"3767","User #25363","Timepoint 55",7.82729625701904,39,7
"3768","User #25363","Timepoint 56",7.84753203392029,39,7
"3769","User #25363","Timepoint 57",7.78395223617554,39,7
"3770","User #25363","Timepoint 58",7.99881958961487,39,7
"3771","User #25363","Timepoint 59",8.09514021873474,39,7
"3772","User #25363","Timepoint 60",7.40274751186371,39,7
"3773","User #25363","Timepoint 61",8.56199431419373,39,7
"3774","User #25363","Timepoint 62",7.92580246925354,39,7
"3775","User #25363","Timepoint 63",7.75855898857117,39,7
"3776","User #25363","Timepoint 64",7.85527288913727,39,7
"3777","User #25314","Timepoint 1",0,39,7
"3778","User #25314","Timepoint 2",0,39,7
"3779","User #25314","Timepoint 3",0,39,7
"3780","User #25314","Timepoint 4",0,39,7
"3781","User #25314","Timepoint 5",0,39,7
"3782","User #25314","Timepoint 6",0,39,7
"3783","User #25314","Timepoint 7",0,39,7
"3784","User #25314","Timepoint 8",0,39,7
"3785","User #25314","Timepoint 9",0,39,7
"3786","User #25314","Timepoint 10",0,39,7
"3787","User #25314","Timepoint 11",0,39,7
"3788","User #25314","Timepoint 12",0,39,7
"3789","User #25314","Timepoint 13",0,39,7
"3790","User #25314","Timepoint 14",0,39,7
"3791","User #25314","Timepoint 15",0,39,7
"3792","User #25314","Timepoint 16",0,39,7
"3793","User #25314","Timepoint 17",9.67841923236847,39,7
"3794","User #25314","Timepoint 18",6.583641320467,39,7
"3795","User #25314","Timepoint 19",8.78492176532745,39,7
"3796","User #25314","Timepoint 20",8.16843694448471,39,7
"3797","User #25314","Timepoint 21",11.5301891565323,39,7
"3798","User #25314","Timepoint 22",7.86951351165771,39,7
"3799","User #25314","Timepoint 23",8.47136294841766,39,7
"3800","User #25314","Timepoint 24",10.0186377763748,39,7
"3801","User #25314","Timepoint 25",11.92398250103,39,7
"3802","User #25314","Timepoint 26",9.56700527667999,39,7
"3803","User #25314","Timepoint 27",8.45535284280777,39,7
"3804","User #25314","Timepoint 28",11.1378710269928,39,7
"3805","User #25314","Timepoint 29",10.8426932096481,39,7
"3806","User #25314","Timepoint 30",10.1907147169113,39,7
"3807","User #25314","Timepoint 31",9.47749316692352,39,7
"3808","User #25314","Timepoint 32",10.0713031291962,39,7
"3809","User #25314","Timepoint 33",9.34803330898285,39,7
"3810","User #25314","Timepoint 34",9.22979652881622,39,7
"3811","User #25314","Timepoint 35",9.31181740760803,39,7
"3812","User #25314","Timepoint 36",9.22271245718002,39,7
"3813","User #25314","Timepoint 37",9.38057851791382,39,7
"3814","User #25314","Timepoint 38",8.95365577936172,39,7
"3815","User #25314","Timepoint 39",8.47238183021545,39,7
"3816","User #25314","Timepoint 40",8.90927040576935,39,7
"3817","User #25314","Timepoint 41",10.3995522260666,39,7
"3818","User #25314","Timepoint 42",9.46454346179962,39,7
"3819","User #25314","Timepoint 43",9.90230786800385,39,7
"3820","User #25314","Timepoint 44",9.23084419965744,39,7
"3821","User #25314","Timepoint 45",9.07656711339951,39,7
"3822","User #25314","Timepoint 46",7.29758691042662,39,7
"3823","User #25314","Timepoint 47",7.97064119577408,39,7
"3824","User #25314","Timepoint 48",8.14023503661156,39,7
"3825","User #25314","Timepoint 49",8.70286619663239,39,7
"3826","User #25314","Timepoint 50",7.1928798854351,39,7
"3827","User #25314","Timepoint 51",7.19692255556583,39,7
"3828","User #25314","Timepoint 52",7.31337725371122,39,7
"3829","User #25314","Timepoint 53",8.80930519104004,39,7
"3830","User #25314","Timepoint 54",7.74739968776703,39,7
"3831","User #25314","Timepoint 55",8.13235551118851,39,7
"3832","User #25314","Timepoint 56",7.24213659763336,39,7
"3833","User #25314","Timepoint 57",8.63459700345993,39,7
"3834","User #25314","Timepoint 58",8.16964268684387,39,7
"3835","User #25314","Timepoint 59",7.86846905946732,39,7
"3836","User #25314","Timepoint 60",7.27772229164839,39,7
"3837","User #25314","Timepoint 61",8.12183302640915,39,7
"3838","User #25314","Timepoint 62",8.43196004629135,39,7
"3839","User #25314","Timepoint 63",8.39122480154037,39,7
"3840","User #25314","Timepoint 64",7.64193004369736,39,7
"3841","User #25332","Timepoint 1",0,39,7
"3842","User #25332","Timepoint 2",0,39,7
"3843","User #25332","Timepoint 3",0,39,7
"3844","User #25332","Timepoint 4",0,39,7
"3845","User #25332","Timepoint 5",0,39,7
"3846","User #25332","Timepoint 6",0,39,7
"3847","User #25332","Timepoint 7",0,39,7
"3848","User #25332","Timepoint 8",0,39,7
"3849","User #25332","Timepoint 9",0,39,7
"3850","User #25332","Timepoint 10",0,39,7
"3851","User #25332","Timepoint 11",0,39,7
"3852","User #25332","Timepoint 12",0,39,7
"3853","User #25332","Timepoint 13",0,39,7
"3854","User #25332","Timepoint 14",0,39,7
"3855","User #25332","Timepoint 15",0,39,7
"3856","User #25332","Timepoint 16",0,39,7
"3857","User #25332","Timepoint 17",13.0780920982361,39,7
"3858","User #25332","Timepoint 18",14.0474466085434,39,7
"3859","User #25332","Timepoint 19",16.1025032997131,39,7
"3860","User #25332","Timepoint 20",13.7203452587128,39,7
"3861","User #25332","Timepoint 21",9.12044680118561,39,7
"3862","User #25332","Timepoint 22",8.96741455793381,39,7
"3863","User #25332","Timepoint 23",9.86124014854431,39,7
"3864","User #25332","Timepoint 24",9.27830880880356,39,7
"3865","User #25332","Timepoint 25",10.7524148225784,39,7
"3866","User #25332","Timepoint 26",9.97553265094757,39,7
"3867","User #25332","Timepoint 27",5.90143068134785,39,7
"3868","User #25332","Timepoint 28",11.0472623109818,39,7
"3869","User #25332","Timepoint 29",8.71563053131104,39,7
"3870","User #25332","Timepoint 30",9.90530437231064,39,7
"3871","User #25332","Timepoint 31",7.48799285292625,39,7
"3872","User #25332","Timepoint 32",12.5387099981308,39,7
"3873","User #25332","Timepoint 33",14.2201993465424,39,7
"3874","User #25332","Timepoint 34",9.56876820325851,39,7
"3875","User #25332","Timepoint 35",5.3727819621563,39,7
"3876","User #25332","Timepoint 36",12.2675738334656,39,7
"3877","User #25332","Timepoint 37",9.65627080202103,39,7
"3878","User #25332","Timepoint 38",7.55095756053925,39,7
"3879","User #25332","Timepoint 39",5.87415514886379,39,7
"3880","User #25332","Timepoint 40",6.32041821628809,39,7
"3881","User #25332","Timepoint 41",6.85780300199986,39,7
"3882","User #25332","Timepoint 42",5.83142033219337,39,7
"3883","User #25332","Timepoint 43",7.40823096036911,39,7
"3884","User #25332","Timepoint 44",10.8632210493088,39,7
"3885","User #25332","Timepoint 45",9.4675270318985,39,7
"3886","User #25332","Timepoint 46",7.91716521978378,39,7
"3887","User #25332","Timepoint 47",9.96428406238556,39,7
"3888","User #25332","Timepoint 48",11.9649974107742,39,7
"3889","User #25332","Timepoint 49",12.5473499298096,39,7
"3890","User #25332","Timepoint 50",13.780100941658,39,7
"3891","User #25332","Timepoint 51",9.03052031993866,39,7
"3892","User #25332","Timepoint 52",6.23012878000736,39,7
"3893","User #25332","Timepoint 53",7.70321220159531,39,7
"3894","User #25332","Timepoint 54",7.01425969600677,39,7
"3895","User #25332","Timepoint 55",7.72581070661545,39,7
"3896","User #25332","Timepoint 56",9.9488639831543,39,7
"3897","User #25332","Timepoint 57",14.018811583519,39,7
"3898","User #25332","Timepoint 58",9.87439930438995,39,7
"3899","User #25332","Timepoint 59",5.56535094976425,39,7
"3900","User #25332","Timepoint 60",7.68218487501144,39,7
"3901","User #25332","Timepoint 61",6.30724668502808,39,7
"3902","User #25332","Timepoint 62",7.15012103319168,39,7
"3903","User #25332","Timepoint 63",5.63213422894478,39,7
"3904","User #25332","Timepoint 64",7.1198396384716,39,7
"3905","User #25397","Timepoint 1",0,39,7
"3906","User #25397","Timepoint 2",0,39,7
"3907","User #25397","Timepoint 3",0,39,7
"3908","User #25397","Timepoint 4",0,39,7
"3909","User #25397","Timepoint 5",0,39,7
"3910","User #25397","Timepoint 6",0,39,7
"3911","User #25397","Timepoint 7",0,39,7
"3912","User #25397","Timepoint 8",0,39,7
"3913","User #25397","Timepoint 9",0,39,7
"3914","User #25397","Timepoint 10",0,39,7
"3915","User #25397","Timepoint 11",0,39,7
"3916","User #25397","Timepoint 12",0,39,7
"3917","User #25397","Timepoint 13",0,39,7
"3918","User #25397","Timepoint 14",0,39,7
"3919","User #25397","Timepoint 15",0,39,7
"3920","User #25397","Timepoint 16",0,39,7
"3921","User #25397","Timepoint 17",9.05703550577164,39,7
"3922","User #25397","Timepoint 18",8.79527425765991,39,7
"3923","User #25397","Timepoint 19",7.02269008755684,39,7
"3924","User #25397","Timepoint 20",7.58853957056999,39,7
"3925","User #25397","Timepoint 21",6.97131562232971,39,7
"3926","User #25397","Timepoint 22",8.95734176039696,39,7
"3927","User #25397","Timepoint 23",7.55795945227146,39,7
"3928","User #25397","Timepoint 24",8.21289548277855,39,7
"3929","User #25397","Timepoint 25",8.1392474770546,39,7
"3930","User #25397","Timepoint 26",9.78731089830399,39,7
"3931","User #25397","Timepoint 27",13.0088970661163,39,7
"3932","User #25397","Timepoint 28",8.23118820786476,39,7
"3933","User #25397","Timepoint 29",8.70758700370789,39,7
"3934","User #25397","Timepoint 30",11.1560271382332,39,7
"3935","User #25397","Timepoint 31",11.501734316349,39,7
"3936","User #25397","Timepoint 32",10.8918334245682,39,7
"3937","User #25397","Timepoint 33",11.2974572777748,39,7
"3938","User #25397","Timepoint 34",8.54863393306732,39,7
"3939","User #25397","Timepoint 35",9.90698152780533,39,7
"3940","User #25397","Timepoint 36",9.83486330509186,39,7
"3941","User #25397","Timepoint 37",10.0301343798637,39,7
"3942","User #25397","Timepoint 38",10.1300344467163,39,7
"3943","User #25397","Timepoint 39",10.789476275444,39,7
"3944","User #25397","Timepoint 40",10.1518440246582,39,7
"3945","User #25397","Timepoint 41",9.14930939674377,39,7
"3946","User #25397","Timepoint 42",10.632700741291,39,7
"3947","User #25397","Timepoint 43",12.1559123396873,39,7
"3948","User #25397","Timepoint 44",9.37694123387337,39,7
"3949","User #25397","Timepoint 45",10.2503154873848,39,7
"3950","User #25397","Timepoint 46",10.8156234025955,39,7
"3951","User #25397","Timepoint 47",9.44841504096985,39,7
"3952","User #25397","Timepoint 48",9.96457505226135,39,7
"3953","User #25397","Timepoint 49",11.3689783215523,39,7
"3954","User #25397","Timepoint 50",11.4184561371803,39,7
"3955","User #25397","Timepoint 51",10.9005795121193,39,7
"3956","User #25397","Timepoint 52",10.2666933238506,39,7
"3957","User #25397","Timepoint 53",10.6445980668068,39,7
"3958","User #25397","Timepoint 54",10.345845669508,39,7
"3959","User #25397","Timepoint 55",10.8761678338051,39,7
"3960","User #25397","Timepoint 56",10.6287333369255,39,7
"3961","User #25397","Timepoint 57",10.9797066450119,39,7
"3962","User #25397","Timepoint 58",11.607029914856,39,7
"3963","User #25397","Timepoint 59",10.5257393717766,39,7
"3964","User #25397","Timepoint 60",10.0698907077312,39,7
"3965","User #25397","Timepoint 61",10.5591813325882,39,7
"3966","User #25397","Timepoint 62",10.6322625875473,39,7
"3967","User #25397","Timepoint 63",10.6949377655983,39,7
"3968","User #25397","Timepoint 64",10.0734214782715,39,7
"3969","User #25318","Timepoint 1",0,39,7
"3970","User #25318","Timepoint 2",0,39,7
"3971","User #25318","Timepoint 3",0,39,7
"3972","User #25318","Timepoint 4",0,39,7
"3973","User #25318","Timepoint 5",0,39,7
"3974","User #25318","Timepoint 6",0,39,7
"3975","User #25318","Timepoint 7",0,39,7
"3976","User #25318","Timepoint 8",0,39,7
"3977","User #25318","Timepoint 9",0,39,7
"3978","User #25318","Timepoint 10",0,39,7
"3979","User #25318","Timepoint 11",0,39,7
"3980","User #25318","Timepoint 12",0,39,7
"3981","User #25318","Timepoint 13",0,39,7
"3982","User #25318","Timepoint 14",0,39,7
"3983","User #25318","Timepoint 15",0,39,7
"3984","User #25318","Timepoint 16",0,39,7
"3985","User #25318","Timepoint 17",13.5175931453705,39,7
"3986","User #25318","Timepoint 18",15.4656534194946,39,7
"3987","User #25318","Timepoint 19",7.99071660637856,39,7
"3988","User #25318","Timepoint 20",12.0916467905045,39,7
"3989","User #25318","Timepoint 21",8.4196965098381,39,7
"3990","User #25318","Timepoint 22",12.002733707428,39,7
"3991","User #25318","Timepoint 23",11.6689718961716,39,7
"3992","User #25318","Timepoint 24",16.7100827693939,39,7
"3993","User #25318","Timepoint 25",9.37632721662521,39,7
"3994","User #25318","Timepoint 26",8.14819058775902,39,7
"3995","User #25318","Timepoint 27",9.08836460113525,39,7
"3996","User #25318","Timepoint 28",15.7598131895065,39,7
"3997","User #25318","Timepoint 29",9.24514639377594,39,7
"3998","User #25318","Timepoint 30",9.9725387096405,39,7
"3999","User #25318","Timepoint 31",7.94307950139046,39,7
"4000","User #25318","Timepoint 32",12.4999572038651,39,7
"4001","User #25318","Timepoint 33",11.6480393409729,39,7
"4002","User #25318","Timepoint 34",12.507662653923,39,7
"4003","User #25318","Timepoint 35",14.2383381128311,39,7
"4004","User #25318","Timepoint 36",14.476970911026,39,7
"4005","User #25318","Timepoint 37",4.02894733846188,39,7
"4006","User #25318","Timepoint 38",12.1673269271851,39,7
"4007","User #25318","Timepoint 39",5.22408473491669,39,7
"4008","User #25318","Timepoint 40",8.50811266899109,39,7
"4009","User #25318","Timepoint 41",5.93148785829544,39,7
"4010","User #25318","Timepoint 42",9.02727258205414,39,7
"4011","User #25318","Timepoint 43",9.80235290527344,39,7
"4012","User #25318","Timepoint 44",7.28150498867035,39,7
"4013","User #25318","Timepoint 45",13.5204578638077,39,7
"4014","User #25318","Timepoint 46",7.26342964172363,39,7
"4015","User #25318","Timepoint 47",6.0957209020853,39,7
"4016","User #25318","Timepoint 48",16.708065032959,39,7
"4017","User #25318","Timepoint 49",7.45485335588455,39,7
"4018","User #25318","Timepoint 50",9.0106520652771,39,7
"4019","User #25318","Timepoint 51",7.75235253572464,39,7
"4020","User #25318","Timepoint 52",12.6347799301147,39,7
"4021","User #25318","Timepoint 53",7.59359920024872,39,7
"4022","User #25318","Timepoint 54",6.11643150448799,39,7
"4023","User #25318","Timepoint 55",13.4935896396637,39,7
"4024","User #25318","Timepoint 56",5.78200885653496,39,7
"4025","User #25318","Timepoint 57",6.68616425991058,39,7
"4026","User #25318","Timepoint 58",16.2332372665405,39,7
"4027","User #25318","Timepoint 59",10.4824910163879,39,7
"4028","User #25318","Timepoint 60",9.58162605762482,39,7
"4029","User #25318","Timepoint 61",6.31878361105919,39,7
"4030","User #25318","Timepoint 62",13.1794929504395,39,7
"4031","User #25318","Timepoint 63",9.04524612426758,39,7
"4032","User #25318","Timepoint 64",7.44169586896896,39,7
"4033","User #25329","Timepoint 1",0,39,7
"4034","User #25329","Timepoint 2",0,39,7
"4035","User #25329","Timepoint 3",0,39,7
"4036","User #25329","Timepoint 4",0,39,7
"4037","User #25329","Timepoint 5",0,39,7
"4038","User #25329","Timepoint 6",0,39,7
"4039","User #25329","Timepoint 7",0,39,7
"4040","User #25329","Timepoint 8",0,39,7
"4041","User #25329","Timepoint 9",0,39,7
"4042","User #25329","Timepoint 10",0,39,7
"4043","User #25329","Timepoint 11",0,39,7
"4044","User #25329","Timepoint 12",0,39,7
"4045","User #25329","Timepoint 13",0,39,7
"4046","User #25329","Timepoint 14",0,39,7
"4047","User #25329","Timepoint 15",0,39,7
"4048","User #25329","Timepoint 16",0,39,7
"4049","User #25329","Timepoint 17",8.8372848033905,39,7
"4050","User #25329","Timepoint 18",7.07575811445713,39,7
"4051","User #25329","Timepoint 19",6.76466985046864,39,7
"4052","User #25329","Timepoint 20",11.0823402404785,39,7
"4053","User #25329","Timepoint 21",10.5762035250664,39,7
"4054","User #25329","Timepoint 22",7.5245196223259,39,7
"4055","User #25329","Timepoint 23",5.8227597028017,39,7
"4056","User #25329","Timepoint 24",10.6505185961723,39,7
"4057","User #25329","Timepoint 25",8.75594621896744,39,7
"4058","User #25329","Timepoint 26",10.4324404001236,39,7
"4059","User #25329","Timepoint 27",6.18098153173923,39,7
"4060","User #25329","Timepoint 28",8.64330178499222,39,7
"4061","User #25329","Timepoint 29",5.59783222526312,39,7
"4062","User #25329","Timepoint 30",9.70385259389877,39,7
"4063","User #25329","Timepoint 31",6.79557932913303,39,7
"4064","User #25329","Timepoint 32",7.47188887000084,39,7
"4065","User #25329","Timepoint 33",9.05875182151794,39,7
"4066","User #25329","Timepoint 34",7.00083708763123,39,7
"4067","User #25329","Timepoint 35",8.29010254144669,39,7
"4068","User #25329","Timepoint 36",8.39363715052605,39,7
"4069","User #25329","Timepoint 37",5.83998537063599,39,7
"4070","User #25329","Timepoint 38",7.79403260350227,39,7
"4071","User #25329","Timepoint 39",9.20345669984818,39,7
"4072","User #25329","Timepoint 40",8.44534686207771,39,7
"4073","User #25329","Timepoint 41",6.44632289558649,39,7
"4074","User #25329","Timepoint 42",6.49031015485525,39,7
"4075","User #25329","Timepoint 43",6.70906803011894,39,7
"4076","User #25329","Timepoint 44",7.31292596459389,39,7
"4077","User #25329","Timepoint 45",8.21186220645905,39,7
"4078","User #25329","Timepoint 46",8.70976215600967,39,7
"4079","User #25329","Timepoint 47",6.88634938001633,39,7
"4080","User #25329","Timepoint 48",6.97761519253254,39,7
"4081","User #25329","Timepoint 49",8.61915922164917,39,7
"4082","User #25329","Timepoint 50",9.35285449028015,39,7
"4083","User #25329","Timepoint 51",7.76732277870178,39,7
"4084","User #25329","Timepoint 52",7.095907330513,39,7
"4085","User #25329","Timepoint 53",7.96710562705994,39,7
"4086","User #25329","Timepoint 54",6.75599646568298,39,7
"4087","User #25329","Timepoint 55",6.93575268983841,39,7
"4088","User #25329","Timepoint 56",8.47356843948364,39,7
"4089","User #25329","Timepoint 57",8.31399369239807,39,7
"4090","User #25329","Timepoint 58",5.84507554769516,39,7
"4091","User #25329","Timepoint 59",6.65128099918365,39,7
"4092","User #25329","Timepoint 60",8.94373440742493,39,7
"4093","User #25329","Timepoint 61",8.36094379425049,39,7
"4094","User #25329","Timepoint 62",7.38575780391693,39,7
"4095","User #25329","Timepoint 63",7.38818907737732,39,7
"4096","User #25329","Timepoint 64",8.21893286705017,39,7
"4097","User #25386","Timepoint 1",0,39,7
"4098","User #25386","Timepoint 2",0,39,7
"4099","User #25386","Timepoint 3",0,39,7
"4100","User #25386","Timepoint 4",0,39,7
"4101","User #25386","Timepoint 5",0,39,7
"4102","User #25386","Timepoint 6",0,39,7
"4103","User #25386","Timepoint 7",0,39,7
"4104","User #25386","Timepoint 8",0,39,7
"4105","User #25386","Timepoint 9",0,39,7
"4106","User #25386","Timepoint 10",0,39,7
"4107","User #25386","Timepoint 11",0,39,7
"4108","User #25386","Timepoint 12",0,39,7
"4109","User #25386","Timepoint 13",0,39,7
"4110","User #25386","Timepoint 14",0,39,7
"4111","User #25386","Timepoint 15",0,39,7
"4112","User #25386","Timepoint 16",0,39,7
"4113","User #25386","Timepoint 17",10.2959856987,39,7
"4114","User #25386","Timepoint 18",10.1235885620117,39,7
"4115","User #25386","Timepoint 19",13.9604334831238,39,7
"4116","User #25386","Timepoint 20",14.4178247451782,39,7
"4117","User #25386","Timepoint 21",11.781044960022,39,7
"4118","User #25386","Timepoint 22",8.6955771446228,39,7
"4119","User #25386","Timepoint 23",13.2128667831421,39,7
"4120","User #25386","Timepoint 24",13.9344954490662,39,7
"4121","User #25386","Timepoint 25",7.36674284934998,39,7
"4122","User #25386","Timepoint 26",8.35128498077393,39,7
"4123","User #25386","Timepoint 27",7.0627349615097,39,7
"4124","User #25386","Timepoint 28",11.2794651985168,39,7
"4125","User #25386","Timepoint 29",8.30114984512329,39,7
"4126","User #25386","Timepoint 30",8.19049596786499,39,7
"4127","User #25386","Timepoint 31",8.6223258972168,39,7
"4128","User #25386","Timepoint 32",8.64079284667969,39,7
"4129","User #25386","Timepoint 33",8.65100049972534,39,7
"4130","User #25386","Timepoint 34",8.9535608291626,39,7
"4131","User #25386","Timepoint 35",9.9575023651123,39,7
"4132","User #25386","Timepoint 36",8.81485152244568,39,7
"4133","User #25386","Timepoint 37",6.96503669023514,39,7
"4134","User #25386","Timepoint 38",7.05614519119263,39,7
"4135","User #25386","Timepoint 39",10.3177490234375,39,7
"4136","User #25386","Timepoint 40",11.0055041313171,39,7
"4137","User #25386","Timepoint 41",9.7885537147522,39,7
"4138","User #25386","Timepoint 42",7.18849802017212,39,7
"4139","User #25386","Timepoint 43",8.57014894485474,39,7
"4140","User #25386","Timepoint 44",10.1633334159851,39,7
"4141","User #25386","Timepoint 45",11.1715617179871,39,7
"4142","User #25386","Timepoint 46",10.0460886955261,39,7
"4143","User #25386","Timepoint 47",11.5130710601807,39,7
"4144","User #25386","Timepoint 48",12.9347195625305,39,7
"4145","User #25386","Timepoint 49",9.64076769351959,39,7
"4146","User #25386","Timepoint 50",6.21489289402962,39,7
"4147","User #25386","Timepoint 51",10.5689836740494,39,7
"4148","User #25386","Timepoint 52",12.7442487478256,39,7
"4149","User #25386","Timepoint 53",9.92250853776932,39,7
"4150","User #25386","Timepoint 54",6.04891344159842,39,7
"4151","User #25386","Timepoint 55",7.99639171361923,39,7
"4152","User #25386","Timepoint 56",7.55058068037033,39,7
"4153","User #25386","Timepoint 57",9.27727043628693,39,7
"4154","User #25386","Timepoint 58",7.78252416849136,39,7
"4155","User #25386","Timepoint 59",7.89020144939423,39,7
"4156","User #25386","Timepoint 60",8.46398201584816,39,7
"4157","User #25386","Timepoint 61",7.61044007539749,39,7
"4158","User #25386","Timepoint 62",7.02491465210915,39,7
"4159","User #25386","Timepoint 63",8.13051450252533,39,7
"4160","User #25386","Timepoint 64",9.37577402591705,39,7
"4161","User #25320","Timepoint 1",0,39,7
"4162","User #25320","Timepoint 2",0,39,7
"4163","User #25320","Timepoint 3",0,39,7
"4164","User #25320","Timepoint 4",0,39,7
"4165","User #25320","Timepoint 5",0,39,7
"4166","User #25320","Timepoint 6",0,39,7
"4167","User #25320","Timepoint 7",0,39,7
"4168","User #25320","Timepoint 8",0,39,7
"4169","User #25320","Timepoint 9",0,39,7
"4170","User #25320","Timepoint 10",0,39,7
"4171","User #25320","Timepoint 11",0,39,7
"4172","User #25320","Timepoint 12",0,39,7
"4173","User #25320","Timepoint 13",0,39,7
"4174","User #25320","Timepoint 14",0,39,7
"4175","User #25320","Timepoint 15",0,39,7
"4176","User #25320","Timepoint 16",0,39,7
"4177","User #25320","Timepoint 17",9.25832694768906,39,7
"4178","User #25320","Timepoint 18",8.28568837046623,39,7
"4179","User #25320","Timepoint 19",9.17594707012177,39,7
"4180","User #25320","Timepoint 20",8.21768349409103,39,7
"4181","User #25320","Timepoint 21",7.04782968759537,39,7
"4182","User #25320","Timepoint 22",9.71126294136047,39,7
"4183","User #25320","Timepoint 23",8.14470878243446,39,7
"4184","User #25320","Timepoint 24",8.11077079176903,39,7
"4185","User #25320","Timepoint 25",11.8015739917755,39,7
"4186","User #25320","Timepoint 26",8.19835996627808,39,7
"4187","User #25320","Timepoint 27",8.18901425600052,39,7
"4188","User #25320","Timepoint 28",9.49900364875793,39,7
"4189","User #25320","Timepoint 29",13.5900357961655,39,7
"4190","User #25320","Timepoint 30",11.3314119577408,39,7
"4191","User #25320","Timepoint 31",14.0985498428345,39,7
"4192","User #25320","Timepoint 32",15.3792527914047,39,7
"4193","User #25320","Timepoint 33",6.37967078387737,39,7
"4194","User #25320","Timepoint 34",8.77564406394958,39,7
"4195","User #25320","Timepoint 35",11.3874266147614,39,7
"4196","User #25320","Timepoint 36",11.3024816513062,39,7
"4197","User #25320","Timepoint 37",7.24349750578403,39,7
"4198","User #25320","Timepoint 38",9.22665721178055,39,7
"4199","User #25320","Timepoint 39",7.57936781644821,39,7
"4200","User #25320","Timepoint 40",8.6873904466629,39,7
"4201","User #25320","Timepoint 41",11.2916532754898,39,7
"4202","User #25320","Timepoint 42",7.66122123599052,39,7
"4203","User #25320","Timepoint 43",6.89088842272758,39,7
"4204","User #25320","Timepoint 44",9.83943855762482,39,7
"4205","User #25320","Timepoint 45",9.75510007143021,39,7
"4206","User #25320","Timepoint 46",14.2134920358658,39,7
"4207","User #25320","Timepoint 47",7.81416764855385,39,7
"4208","User #25320","Timepoint 48",9.49748611450195,39,7
"4209","User #25320","Timepoint 49",8.73580430448055,39,7
"4210","User #25320","Timepoint 50",12.4269692897797,39,7
"4211","User #25320","Timepoint 51",11.510727763176,39,7
"4212","User #25320","Timepoint 52",9.72086018323898,39,7
"4213","User #25320","Timepoint 53",7.67853323370218,39,7
"4214","User #25320","Timepoint 54",8.42529019713402,39,7
"4215","User #25320","Timepoint 55",10.6404437422752,39,7
"4216","User #25320","Timepoint 56",10.7783543467522,39,7
"4217","User #25320","Timepoint 57",8.69874650239944,39,7
"4218","User #25320","Timepoint 58",11.45288002491,39,7
"4219","User #25320","Timepoint 59",8.30300144851208,39,7
"4220","User #25320","Timepoint 60",9.00000900030136,39,7
"4221","User #25320","Timepoint 61",7.10855738073587,39,7
"4222","User #25320","Timepoint 62",11.130407422781,39,7
"4223","User #25320","Timepoint 63",10.1187133193016,39,7
"4224","User #25320","Timepoint 64",11.7309038639069,39,7
"4225","User #25394","Timepoint 1",0,39,7
"4226","User #25394","Timepoint 2",0,39,7
"4227","User #25394","Timepoint 3",0,39,7
"4228","User #25394","Timepoint 4",0,39,7
"4229","User #25394","Timepoint 5",0,39,7
"4230","User #25394","Timepoint 6",0,39,7
"4231","User #25394","Timepoint 7",0,39,7
"4232","User #25394","Timepoint 8",0,39,7
"4233","User #25394","Timepoint 9",0,39,7
"4234","User #25394","Timepoint 10",0,39,7
"4235","User #25394","Timepoint 11",0,39,7
"4236","User #25394","Timepoint 12",0,39,7
"4237","User #25394","Timepoint 13",0,39,7
"4238","User #25394","Timepoint 14",0,39,7
"4239","User #25394","Timepoint 15",0,39,7
"4240","User #25394","Timepoint 16",0,39,7
"4241","User #25394","Timepoint 17",9.67841923236847,39,7
"4242","User #25394","Timepoint 18",6.583641320467,39,7
"4243","User #25394","Timepoint 19",8.78492176532745,39,7
"4244","User #25394","Timepoint 20",8.16843694448471,39,7
"4245","User #25394","Timepoint 21",11.5301891565323,39,7
"4246","User #25394","Timepoint 22",7.86951351165771,39,7
"4247","User #25394","Timepoint 23",8.47136294841766,39,7
"4248","User #25394","Timepoint 24",10.0186377763748,39,7
"4249","User #25394","Timepoint 25",11.92398250103,39,7
"4250","User #25394","Timepoint 26",9.56700527667999,39,7
"4251","User #25394","Timepoint 27",8.45535284280777,39,7
"4252","User #25394","Timepoint 28",11.1378710269928,39,7
"4253","User #25394","Timepoint 29",10.8426932096481,39,7
"4254","User #25394","Timepoint 30",10.1907147169113,39,7
"4255","User #25394","Timepoint 31",9.47749316692352,39,7
"4256","User #25394","Timepoint 32",10.0713031291962,39,7
"4257","User #25394","Timepoint 33",9.34803330898285,39,7
"4258","User #25394","Timepoint 34",9.22979652881622,39,7
"4259","User #25394","Timepoint 35",9.31181740760803,39,7
"4260","User #25394","Timepoint 36",9.22271245718002,39,7
"4261","User #25394","Timepoint 37",9.38057851791382,39,7
"4262","User #25394","Timepoint 38",8.95365577936172,39,7
"4263","User #25394","Timepoint 39",8.47238183021545,39,7
"4264","User #25394","Timepoint 40",8.90927040576935,39,7
"4265","User #25394","Timepoint 41",10.3995522260666,39,7
"4266","User #25394","Timepoint 42",9.46454346179962,39,7
"4267","User #25394","Timepoint 43",9.90230786800385,39,7
"4268","User #25394","Timepoint 44",9.23084419965744,39,7
"4269","User #25394","Timepoint 45",9.07656711339951,39,7
"4270","User #25394","Timepoint 46",7.29758691042662,39,7
"4271","User #25394","Timepoint 47",7.97064119577408,39,7
"4272","User #25394","Timepoint 48",8.14023503661156,39,7
"4273","User #25394","Timepoint 49",8.70286619663239,39,7
"4274","User #25394","Timepoint 50",7.1928798854351,39,7
"4275","User #25394","Timepoint 51",7.19692255556583,39,7
"4276","User #25394","Timepoint 52",7.31337725371122,39,7
"4277","User #25394","Timepoint 53",8.80930519104004,39,7
"4278","User #25394","Timepoint 54",7.74739968776703,39,7
"4279","User #25394","Timepoint 55",8.13235551118851,39,7
"4280","User #25394","Timepoint 56",7.24213659763336,39,7
"4281","User #25394","Timepoint 57",8.63459700345993,39,7
"4282","User #25394","Timepoint 58",8.16964268684387,39,7
"4283","User #25394","Timepoint 59",7.86846905946732,39,7
"4284","User #25394","Timepoint 60",7.27772229164839,39,7
"4285","User #25394","Timepoint 61",8.12183302640915,39,7
"4286","User #25394","Timepoint 62",8.43196004629135,39,7
"4287","User #25394","Timepoint 63",8.39122480154037,39,7
"4288","User #25394","Timepoint 64",7.64193004369736,39,7
"4289","User #25349","Timepoint 1",0,39,7
"4290","User #25349","Timepoint 2",0,39,7
"4291","User #25349","Timepoint 3",0,39,7
"4292","User #25349","Timepoint 4",0,39,7
"4293","User #25349","Timepoint 5",0,39,7
"4294","User #25349","Timepoint 6",0,39,7
"4295","User #25349","Timepoint 7",0,39,7
"4296","User #25349","Timepoint 8",0,39,7
"4297","User #25349","Timepoint 9",0,39,7
"4298","User #25349","Timepoint 10",0,39,7
"4299","User #25349","Timepoint 11",0,39,7
"4300","User #25349","Timepoint 12",0,39,7
"4301","User #25349","Timepoint 13",0,39,7
"4302","User #25349","Timepoint 14",0,39,7
"4303","User #25349","Timepoint 15",0,39,7
"4304","User #25349","Timepoint 16",0,39,7
"4305","User #25349","Timepoint 17",7.19211986660957,39,7
"4306","User #25349","Timepoint 18",8.9453319311142,39,7
"4307","User #25349","Timepoint 19",11.0779253840446,39,7
"4308","User #25349","Timepoint 20",7.30665478110313,39,7
"4309","User #25349","Timepoint 21",7.62912544608116,39,7
"4310","User #25349","Timepoint 22",7.56517016887665,39,7
"4311","User #25349","Timepoint 23",7.45286598801613,39,7
"4312","User #25349","Timepoint 24",8.29393684864044,39,7
"4313","User #25349","Timepoint 25",6.99302464723587,39,7
"4314","User #25349","Timepoint 26",7.88933521509171,39,7
"4315","User #25349","Timepoint 27",9.0766875743866,39,7
"4316","User #25349","Timepoint 28",9.35950633883476,39,7
"4317","User #25349","Timepoint 29",7.18656378984451,39,7
"4318","User #25349","Timepoint 30",6.76294615864754,39,7
"4319","User #25349","Timepoint 31",8.12980550527573,39,7
"4320","User #25349","Timepoint 32",9.17891162633896,39,7
"4321","User #25349","Timepoint 33",7.92662245035172,39,7
"4322","User #25349","Timepoint 34",8.31191873550415,39,7
"4323","User #25349","Timepoint 35",8.57918077707291,39,7
"4324","User #25349","Timepoint 36",10.3911185264587,39,7
"4325","User #25349","Timepoint 37",6.32645466178656,39,7
"4326","User #25349","Timepoint 38",8.1476882994175,39,7
"4327","User #25349","Timepoint 39",9.45960479974747,39,7
"4328","User #25349","Timepoint 40",9.13336360454559,39,7
"4329","User #25349","Timepoint 41",6.60981452465057,39,7
"4330","User #25349","Timepoint 42",8.211798787117,39,7
"4331","User #25349","Timepoint 43",8.51773953437805,39,7
"4332","User #25349","Timepoint 44",8.88819590210915,39,7
"4333","User #25349","Timepoint 45",7.43017438054085,39,7
"4334","User #25349","Timepoint 46",7.90363711118698,39,7
"4335","User #25349","Timepoint 47",9.14449286460876,39,7
"4336","User #25349","Timepoint 48",8.18740028142929,39,7
"4337","User #25349","Timepoint 49",6.55210030078888,39,7
"4338","User #25349","Timepoint 50",7.17200589179993,39,7
"4339","User #25349","Timepoint 51",7.01945805549622,39,7
"4340","User #25349","Timepoint 52",7.59501397609711,39,7
"4341","User #25349","Timepoint 53",7.17672669887543,39,7
"4342","User #25349","Timepoint 54",7.07921385765076,39,7
"4343","User #25349","Timepoint 55",7.57921624183655,39,7
"4344","User #25349","Timepoint 56",7.4130392074585,39,7
"4345","User #25349","Timepoint 57",6.66519099473953,39,7
"4346","User #25349","Timepoint 58",7.89977717399597,39,7
"4347","User #25349","Timepoint 59",7.37585663795471,39,7
"4348","User #25349","Timepoint 60",7.6971595287323,39,7
"4349","User #25349","Timepoint 61",6.71739220619202,39,7
"4350","User #25349","Timepoint 62",7.7065681219101,39,7
"4351","User #25349","Timepoint 63",7.98102021217346,39,7
"4352","User #25349","Timepoint 64",7.57888543605804,39,7
"4353","User #25336","Timepoint 1",0,39,7
"4354","User #25336","Timepoint 2",0,39,7
"4355","User #25336","Timepoint 3",0,39,7
"4356","User #25336","Timepoint 4",0,39,7
"4357","User #25336","Timepoint 5",0,39,7
"4358","User #25336","Timepoint 6",0,39,7
"4359","User #25336","Timepoint 7",0,39,7
"4360","User #25336","Timepoint 8",0,39,7
"4361","User #25336","Timepoint 9",0,39,7
"4362","User #25336","Timepoint 10",0,39,7
"4363","User #25336","Timepoint 11",0,39,7
"4364","User #25336","Timepoint 12",0,39,7
"4365","User #25336","Timepoint 13",0,39,7
"4366","User #25336","Timepoint 14",0,39,7
"4367","User #25336","Timepoint 15",0,39,7
"4368","User #25336","Timepoint 16",0,39,7
"4369","User #25336","Timepoint 17",7.38049304485321,39,7
"4370","User #25336","Timepoint 18",6.81631526350975,39,7
"4371","User #25336","Timepoint 19",10.1186583042145,39,7
"4372","User #25336","Timepoint 20",8.60910987854004,39,7
"4373","User #25336","Timepoint 21",8.84668982028961,39,7
"4374","User #25336","Timepoint 22",6.3315295279026,39,7
"4375","User #25336","Timepoint 23",8.00106605887413,39,7
"4376","User #25336","Timepoint 24",8.34985694289207,39,7
"4377","User #25336","Timepoint 25",6.96221432089806,39,7
"4378","User #25336","Timepoint 26",6.73971897363663,39,7
"4379","User #25336","Timepoint 27",6.25153925642371,39,7
"4380","User #25336","Timepoint 28",9.91757071018219,39,7
"4381","User #25336","Timepoint 29",7.54057994484901,39,7
"4382","User #25336","Timepoint 30",5.51735474169254,39,7
"4383","User #25336","Timepoint 31",7.66403025388718,39,7
"4384","User #25336","Timepoint 32",13.3648077249527,39,7
"4385","User #25336","Timepoint 33",14.460613489151,39,7
"4386","User #25336","Timepoint 34",8.70628750324249,39,7
"4387","User #25336","Timepoint 35",16.8771598339081,39,7
"4388","User #25336","Timepoint 36",11.0886744260788,39,7
"4389","User #25336","Timepoint 37",13.0926588773727,39,7
"4390","User #25336","Timepoint 38",8.17531010508537,39,7
"4391","User #25336","Timepoint 39",6.47290697693825,39,7
"4392","User #25336","Timepoint 40",6.63759997487068,39,7
"4393","User #25336","Timepoint 41",9.36381077766418,39,7
"4394","User #25336","Timepoint 42",8.81994700431824,39,7
"4395","User #25336","Timepoint 43",6.03197908401489,39,7
"4396","User #25336","Timepoint 44",6.1721465960145,39,7
"4397","User #25336","Timepoint 45",6.05986206233501,39,7
"4398","User #25336","Timepoint 46",6.31226716935635,39,7
"4399","User #25336","Timepoint 47",8.16650500893593,39,7
"4400","User #25336","Timepoint 48",9.02504032850266,39,7
"4401","User #25336","Timepoint 49",13.5512719154358,39,7
"4402","User #25336","Timepoint 50",8.29343727231026,39,7
"4403","User #25336","Timepoint 51",10.9732130765915,39,7
"4404","User #25336","Timepoint 52",13.6845240592957,39,7
"4405","User #25336","Timepoint 53",12.8265742063522,39,7
"4406","User #25336","Timepoint 54",8.70021796226501,39,7
"4407","User #25336","Timepoint 55",11.2874279022217,39,7
"4408","User #25336","Timepoint 56",9.30805093050003,39,7
"4409","User #25336","Timepoint 57",5.35797423124313,39,7
"4410","User #25336","Timepoint 58",7.32694989442825,39,7
"4411","User #25336","Timepoint 59",7.39859735965729,39,7
"4412","User #25336","Timepoint 60",11.1806503534317,39,7
"4413","User #25336","Timepoint 61",11.1633054018021,39,7
"4414","User #25336","Timepoint 62",5.64230395853519,39,7
"4415","User #25336","Timepoint 63",11.6484442949295,39,7
"4416","User #25336","Timepoint 64",11.6249791383743,39,7
